time_sec	time_nanosec	control_action_0	control_action_1	control_action_2	control_action_3
1618930140	960659923	36956.9	37031.6	36980.6
1618930140	970522823	36956.9	37031.6	36980.6
1618930140	980614323	36956.9	37031.6	36980.6
1618930140	990858915	36956.9	37031.6	36980.6
1618930141	980858	36956.9	37031.6	36980.6
1618930141	11594986	36956.9	37031.6	36980.6
1618930141	21973385	36956.9	37031.6	36980.6
1618930141	32081306	36956.9	37031.6	36980.6
1618930141	42254636	36956.9	37031.6	36980.6
1618930141	52264326	36956.9	37031.6	36980.6
1618930141	62067338	36956.9	37031.6	36980.6
1618930141	71981971	36956.9	37031.6	36980.6
1618930141	82088477	36956.9	37031.6	36980.6
1618930141	92061727	36956.9	37031.6	36980.6
1618930141	102015994	36956.9	37031.6	36980.6
1618930141	112070092	36956.9	37031.6	36980.6
1618930141	122071503	36956.9	37031.6	36980.6
1618930141	132046860	36956.9	37031.6	36980.6
1618930141	141899694	36956.9	37031.6	36980.6
1618930141	152145929	36956.9	37031.6	36980.6
1618930141	162189936	36956.9	37031.6	36980.6
1618930141	172091739	36956.9	37031.6	36980.6
1618930141	181977604	36956.9	37031.6	36980.6
1618930141	192080058	36956.9	37031.6	36980.6
1618930141	201964268	36956.9	37031.6	36980.6
1618930141	211996168	36956.9	37031.6	36980.6
1618930141	222001816	36956.9	37031.6	36980.6
1618930141	232030651	36956.9	37031.6	36980.6
1618930141	242025947	36956.9	37031.6	36980.6
1618930141	251911292	36956.9	37031.6	36980.6
1618930141	262076013	36956.9	37031.6	36980.6
1618930141	271956890	36956.9	37031.6	36980.6
1618930141	282051536	36956.9	37031.6	36980.6
1618930141	292063529	36956.9	37031.6	36980.6
1618930141	302019928	36956.9	37031.6	36980.6
1618930141	312189896	36956.9	37031.6	36980.6
1618930141	321941255	36956.9	37031.6	36980.6
1618930141	332205103	36956.9	37031.6	36980.6
1618930141	342139385	36956.9	37031.6	36980.6
1618930141	352094863	36956.9	37031.6	36980.6
1618930141	362069973	36956.9	37031.6	36980.6
1618930141	371856255	36956.9	37031.6	36980.6
1618930141	382075085	36956.9	37031.6	36980.6
1618930141	391888092	36956.9	37031.6	36980.6
1618930141	402069939	36956.9	37031.6	36980.6
1618930141	412013286	36956.9	37031.6	36980.6
1618930141	422014421	36956.9	37031.6	36980.6
1618930141	432019679	36956.9	37031.6	36980.6
1618930141	442023935	36956.9	37031.6	36980.6
1618930141	452002979	36956.9	37031.6	36980.6
1618930141	462153458	36956.9	37031.6	36980.6
1618930141	472081855	36956.9	37031.6	36980.6
1618930141	482109461	36956.9	37031.6	36980.6
1618930141	492022573	36956.9	37031.6	36980.6
1618930141	502118611	36956.9	37031.6	36980.6
1618930141	511947494	36956.9	37031.6	36980.6
1618930141	521991458	36956.9	37031.6	36980.6
1618930141	532299434	36956.9	37031.6	36980.6
1618930141	542152873	36956.9	37031.6	36980.6
1618930141	552422135	36956.9	37031.6	36980.6
1618930141	562173346	36956.9	37031.6	36980.6
1618930141	572074201	36956.9	37031.6	36980.6
1618930141	581991267	36956.9	37031.6	36980.6
1618930141	592040483	36956.9	37031.6	36980.6
1618930141	602090182	36956.9	37031.6	36980.6
1618930141	612114296	36956.9	37031.6	36980.6
1618930141	622096123	36956.9	37031.6	36980.6
1618930141	632086102	36956.9	37031.6	36980.6
1618930141	641996088	36956.9	37031.6	36980.6
1618930141	652145082	36956.9	37031.6	36980.6
1618930141	662151879	36956.9	37031.6	36980.6
1618930141	672106359	36956.9	37031.6	36980.6
1618930141	682170613	36956.9	37031.6	36980.6
1618930141	692152007	36956.9	37031.6	36980.6
1618930141	702029111	36956.9	37031.6	36980.6
1618930141	712033022	36956.9	37031.6	36980.6
1618930141	722097456	36956.9	37031.6	36980.6
1618930141	731876632	36956.9	37031.6	36980.6
1618930141	742135910	36956.9	37031.6	36980.6
1618930141	752027134	36956.9	37031.6	36980.6
1618930141	762032114	36956.9	37031.6	36980.6
1618930141	772117073	36956.9	37031.6	36980.6
1618930141	782110611	36956.9	37031.6	36980.6
1618930141	791992130	36956.9	37031.6	36980.6
1618930141	802050398	36956.9	37031.6	36980.6
1618930141	812266700	36956.9	37031.6	36980.6
1618930141	822084750	36956.9	37031.6	36980.6
1618930141	832269988	36956.9	37031.6	36980.6
1618930141	842121365	36956.9	37031.6	36980.6
1618930141	852126652	36956.9	37031.6	36980.6
1618930141	862153448	36956.9	37031.6	36980.6
1618930141	872025238	36956.9	37031.6	36980.6
1618930141	882216425	36956.9	37031.6	36980.6
1618930141	892184746	36956.9	37031.6	36980.6
1618930141	902116960	36956.9	37031.6	36980.6
1618930141	911994530	36956.9	37031.6	36980.6
1618930141	922100041	36956.9	37031.6	36980.6
1618930141	932059011	36956.9	37031.6	36980.6
1618930141	942154111	36956.9	37031.6	36980.6
1618930141	952105342	36956.9	37031.6	36980.6
1618930141	962140259	36956.9	37031.6	36980.6
1618930141	972083123	36956.9	37031.6	36980.6
1618930141	982021042	36956.9	37031.5	36980.5
1618930141	991931683	36956.7	37031.4	36980.4
1618930142	2132694	36956.5	37031.2	36980.1
1618930142	12096794	36956.1	37030.8	36979.8
1618930142	22011420	36955.7	37030.4	36979.3
1618930142	32250562	36955.2	37029.8	36978.8
1618930142	42044167	36954.5	37029.2	36978.2
1618930142	52262948	36953.8	37028.5	36977.4
1618930142	62343556	36953	37027.6	36976.6
1618930142	72230043	36952	37026.7	36975.7
1618930142	82216659	36951	37025.7	36974.7
1618930142	92282198	36949.9	37024.6	36973.6
1618930142	102221148	36948.7	37023.4	36972.3
1618930142	112117864	36947.4	37022.1	36971
1618930142	122125753	36946	37020.6	36969.6
1618930142	132148890	36944.5	37019.1	36968.1
1618930142	142262538	36942.9	37017.5	36966.5
1618930142	152152526	36941.2	37015.8	36964.8
1618930142	162197099	36939.4	37014.1	36963
1618930142	172181144	36937.5	37012.2	36961.1
1618930142	182192395	36935.5	37010.2	36959.2
1618930142	192279157	36933.4	37008.1	36957.1
1618930142	202232178	36931.3	37005.9	36954.9
1618930142	212246026	36929	37003.7	36952.6
1618930142	222214804	36926.6	37001.3	36950.3
1618930142	232139403	36924.2	36998.9	36947.8
1618930142	242252074	36921.6	36996.3	36945.3
1618930142	252118231	36919	36993.7	36942.6
1618930142	262299847	36916.2	36990.9	36939.9
1618930142	272096463	36913.4	36988.1	36937.1
1618930142	282252329	36910.5	36985.2	36934.1
1618930142	292146464	36907.5	36982.1	36931.1
1618930142	302180770	36904.3	36979	36928
1618930142	312152495	36901.1	36975.8	36924.8
1618930142	322216256	36897.8	36972.5	36921.5
1618930142	332224105	36894.4	36969.1	36918.1
1618930142	342206078	36890.9	36965.6	36914.6
1618930142	352194335	36887.4	36962	36911
1618930142	362140669	36883.7	36958.4	36907.3
1618930142	372460970	36879.9	36954.6	36903.6
1618930142	382212570	36876	36950.7	36899.7
1618930142	392550036	36872.1	36946.8	36895.7
1618930142	402159404	36868	36942.7	36891.7
1618930142	412277590	36863.9	36938.6	36887.6
1618930142	422267347	36859.7	36934.4	36883.3
1618930142	432178447	36855.4	36930	36879
1618930142	442188930	36850.9	36925.6	36874.6
1618930142	452302942	36846.4	36921.1	36870.1
1618930142	462207900	36841.8	36916.5	36865.5
1618930142	472273101	36837.1	36911.8	36860.8
1618930142	482218027	36832.4	36907	36856
1618930142	492137793	36827.5	36902.2	36851.1
1618930142	502300368	36822.5	36897.2	36846.2
1618930142	512183075	36817.5	36892.1	36841.1
1618930142	522281316	36812.3	36887	36836
1618930142	532175509	36807.1	36881.8	36830.7
1618930142	542281316	36801.7	36876.4	36825.4
1618930142	552136871	36796.3	36871	36820
1618930142	562176928	36790.8	36865.5	36814.5
1618930142	572206172	36785.2	36859.9	36808.9
1618930142	582431107	36779.5	36854.2	36803.2
1618930142	592197544	36773.8	36848.4	36797.4
1618930142	602169690	36767.9	36842.6	36791.5
1618930142	612247214	36761.9	36836.6	36785.6
1618930142	622139486	36755.9	36830.6	36779.5
1618930142	632166787	36749.7	36824.4	36773.4
1618930142	642320708	36743.5	36818.2	36767.2
1618930142	652230923	36737.2	36811.9	36760.8
1618930142	662268232	36730.8	36805.5	36754.4
1618930142	672149043	36724.3	36799	36747.9
1618930142	682238829	36717.7	36792.4	36741.4
1618930142	692098667	36711	36785.7	36734.7
1618930142	702248286	36704.3	36778.9	36727.9
1618930142	712422047	36697.4	36772.1	36721.1
1618930142	722260992	36690.5	36765.2	36714.1
1618930142	732245897	36683.5	36758.1	36707.1
1618930142	742138213	36676.3	36751	36700
1618930142	752097450	36669.1	36743.8	36692.8
1618930142	762344361	36661.8	36736.5	36685.5
1618930142	772356706	36654.5	36729.1	36678.1
1618930142	782354617	36647	36721.7	36670.7
1618930142	792439357	36639.4	36714.1	36663.1
1618930142	802263122	36631.8	36706.5	36655.5
1618930142	812280093	36624.1	36698.8	36647.7
1618930142	822259583	36616.3	36690.9	36639.9
1618930142	832236076	36608.4	36683	36632
1618930142	842147309	36600.4	36675.1	36624
1618930142	852298273	36592.3	36667	36616
1618930142	862335588	36584.1	36658.8	36607.8
1618930142	872313062	36575.9	36650.6	36599.5
1618930142	882245288	36567.6	36642.2	36591.2
1618930142	892016640	36559.1	36633.8	36582.8
1618930142	902198565	36550.6	36625.3	36574.3
1618930142	912366674	36542	36616.7	36565.7
1618930142	922342595	36533.4	36608	36557
1618930142	932189579	36524.6	36599.3	36548.3
1618930142	942311817	36515.8	36590.4	36539.4
1618930142	952330221	36506.8	36581.5	36530.5
1618930142	962415630	36497.8	36572.5	36521.5
1618930142	972258773	36488.7	36563.4	36512.3
1618930142	982313889	36479.5	36554.2	36503.2
1618930142	992270056	36470.2	36544.9	36493.9
1618930143	2396022	36460.9	36535.6	36484.5
1618930143	12254124	36451.4	36526.1	36475.1
1618930143	22160588	36441.9	36516.6	36465.6
1618930143	32221242	36432.3	36507	36455.9
1618930143	42336726	36422.6	36497.3	36446.2
1618930143	52167135	36412.8	36487.5	36436.5
1618930143	62185323	36403	36477.6	36426.6
1618930143	72160973	36393	36467.7	36416.7
1618930143	82289881	36383	36457.7	36406.6
1618930143	92237936	36372.9	36447.5	36396.5
1618930143	102324332	36362.7	36437.3	36386.3
1618930143	112294027	36352.4	36427.1	36376
1618930143	122298835	36342	36416.7	36365.7
1618930143	132371202	36331.6	36406.2	36355.2
1618930143	142229619	36321	36395.7	36344.7
1618930143	152112874	36310.4	36385.1	36334.1
1618930143	162303881	36299.7	36374.4	36323.4
1618930143	172354673	36288.9	36363.6	36312.6
1618930143	182383861	36278.1	36352.8	36301.7
1618930143	192186132	36267.1	36341.8	36290.8
1618930143	202355416	36256.1	36330.8	36279.8
1618930143	212172437	36245	36319.7	36268.7
1618930143	222423296	36233.8	36308.5	36257.5
1618930143	232316644	36222.6	36297.2	36246.2
1618930143	242312229	36211.2	36285.9	36234.9
1618930143	252208138	36199.8	36274.5	36223.4
1618930143	262346026	36188.3	36262.9	36211.9
1618930143	272323052	36176.7	36251.3	36200.3
1618930143	282306193	36165	36239.7	36188.6
1618930143	292232431	36153.2	36227.9	36176.9
1618930143	302110472	36141.4	36216.1	36165
1618930143	312189002	36129.5	36204.2	36153.1
1618930143	322209903	36117.5	36192.2	36141.1
1618930143	332132479	36105.4	36180.1	36129
1618930143	342217681	36093.2	36167.9	36116.9
1618930143	352185245	36081	36155.7	36104.6
1618930143	362168107	36068.7	36143.4	36092.3
1618930143	372243910	36056.3	36131	36079.9
1618930143	382266570	36043.8	36118.5	36067.4
1618930143	392284541	36031.2	36105.9	36054.9
1618930143	402260341	36018.6	36093.3	36042.3
1618930143	412185668	36005.9	36080.6	36029.5
1618930143	422372722	35993.1	36067.8	36016.7
1618930143	432330430	35980.2	36054.9	36003.9
1618930143	442233933	35967.3	36041.9	35990.9
1618930143	452117337	35954.2	36028.9	35977.9
1618930143	462085135	35941.1	36015.8	35964.8
1618930143	472356871	35927.9	36002.6	35951.6
1618930143	482181219	35914.6	35989.3	35938.3
1618930143	492268612	35901.3	35976	35925
1618930143	502340989	35887.9	35962.6	35911.5
1618930143	512215870	35874.4	35949.1	35898
1618930143	522066061	35860.8	35935.5	35884.4
1618930143	532216371	35847.1	35921.8	35870.8
1618930143	542389814	35833.4	35908.1	35857
1618930143	552316798	35819.6	35894.3	35843.2
1618930143	562234514	35805.7	35880.4	35829.3
1618930143	572197809	35791.7	35866.4	35815.4
1618930143	582226090	35777.7	35852.4	35801.3
1618930143	592039130	35763.6	35838.2	35787.2
1618930143	602220674	35749.4	35824	35773
1618930143	612204572	35735.1	35809.8	35758.7
1618930143	622295338	35720.7	35795.4	35744.4
1618930143	632343090	35706.3	35781	35729.9
1618930143	642183774	35691.8	35766.5	35715.4
1618930143	652337282	35677.2	35751.9	35700.9
1618930143	662235106	35662.5	35737.2	35686.2
1618930143	672152203	35647.8	35722.5	35671.5
1618930143	682311047	35633	35707.7	35656.7
1618930143	692310276	35618.1	35692.8	35641.8
1618930143	702167796	35603.2	35677.8	35626.8
1618930143	712303313	35588.1	35662.8	35611.8
1618930143	722194300	35573	35647.7	35596.7
1618930143	732153749	35557.8	35632.5	35581.5
1618930143	742290803	35542.6	35617.2	35566.2
1618930143	752292003	35527.2	35601.9	35550.9
1618930143	762252418	35511.8	35586.5	35535.5
1618930143	772274978	35496.3	35571	35520
1618930143	782160543	35480.8	35555.4	35504.4
1618930143	792279311	35465.1	35539.8	35488.8
1618930143	802291557	35449.4	35524.1	35473.1
1618930143	812327574	35433.6	35508.3	35457.3
1618930143	822316224	35417.8	35492.5	35441.4
1618930143	832319828	35401.9	35476.5	35425.5
1618930143	842285967	35385.8	35460.5	35409.5
1618930143	852338908	35369.8	35444.4	35393.4
1618930143	862207180	35353.6	35428.3	35377.3
1618930143	872280316	35337.4	35412.1	35361
1618930143	882364864	35321.1	35395.8	35344.7
1618930143	892399058	35304.7	35379.4	35328.4
1618930143	902343916	35288.3	35363	35311.9
1618930143	912216010	35271.8	35346.4	35295.4
1618930143	922187553	35255.2	35329.9	35278.8
1618930143	932147103	35238.5	35313.2	35262.2
1618930143	942241038	35221.8	35296.5	35245.4
1618930143	952291956	35205	35279.6	35228.6
1618930143	962573105	35188.1	35262.8	35211.7
1618930143	972125822	35171.1	35245.8	35194.8
1618930143	982350274	35154.1	35228.8	35177.8
1618930143	992332558	35137	35211.7	35160.7
1618930144	2327427	35119.9	35194.5	35143.5
1618930144	12359682	35102.6	35177.3	35126.3
1618930144	22326118	35085.3	35160	35109
1618930144	32216232	35067.9	35142.6	35091.6
1618930144	42189446	35050.5	35125.2	35074.1
1618930144	52175249	35033	35107.6	35056.6
1618930144	62400034	35015.4	35090	35039
1618930144	72359634	34997.7	35072.4	35021.4
1618930144	82303908	34980	35054.6	35003.6
1618930144	92146441	34962.2	35036.8	34985.8
1618930144	102280484	34944.3	35019	34967.9
1618930144	112220365	34926.3	35001	34950
1618930144	122302403	34908.3	34983	34932
1618930144	132365698	34890.2	34964.9	34913.9
1618930144	142365287	34872.1	34946.8	34895.7
1618930144	152385045	34853.9	34928.5	34877.5
1618930144	162466658	34835.6	34910.3	34859.2
1618930144	172277892	34817.2	34891.9	34840.9
1618930144	182272912	34798.8	34873.5	34822.4
1618930144	192198619	34780.3	34855	34803.9
1618930144	202352174	34761.7	34836.4	34785.4
1618930144	212258354	34743.1	34817.7	34766.7
1618930144	222162712	34724.4	34799	34748
1618930144	232324858	34705.6	34780.3	34729.2
1618930144	242243448	34686.7	34761.4	34710.4
1618930144	252191029	34667.8	34742.5	34691.5
1618930144	262291501	34648.8	34723.5	34672.5
1618930144	272311897	34629.8	34704.5	34653.4
1618930144	282345784	34610.7	34685.4	34634.3
1618930144	292264938	34591.5	34666.2	34615.1
1618930144	302241434	34572.2	34646.9	34595.9
1618930144	312383803	34552.9	34627.6	34576.6
1618930144	322247383	34533.5	34608.2	34557.2
1618930144	332514973	34514.1	34588.7	34537.7
1618930144	342316231	34494.5	34569.2	34518.2
1618930144	352355844	34475	34549.6	34498.6
1618930144	362412647	34455.3	34530	34478.9
1618930144	372220834	34435.6	34510.3	34459.2
1618930144	382242476	34415.8	34490.5	34439.4
1618930144	392407180	34395.9	34470.6	34419.6
1618930144	402314532	34376	34450.7	34399.7
1618930144	412173772	34356	34430.7	34379.7
1618930144	422171047	34336	34410.6	34359.6
1618930144	432199721	34315.8	34390.5	34339.5
1618930144	442251027	34295.7	34370.3	34319.3
1618930144	452329600	34275.4	34350.1	34299.1
1618930144	462266169	34255.1	34329.8	34278.7
1618930144	472287718	34234.7	34309.4	34258.3
1618930144	482372107	34214.2	34288.9	34237.9
1618930144	492322374	34193.7	34268.4	34217.4
1618930144	502281086	34173.2	34247.8	34196.8
1618930144	512309391	34152.5	34227.2	34176.2
1618930144	522339675	34131.8	34206.5	34155.5
1618930144	532225024	34111	34185.7	34134.7
1618930144	542217083	34090.2	34164.9	34113.8
1618930144	552348305	34069.3	34144	34092.9
1618930144	562291385	34048.3	34123	34072
1618930144	572317309	34027.3	34102	34050.9
1618930144	582371278	34006.2	34080.9	34029.8
1618930144	592289673	33985	34059.7	34008.7
1618930144	602450206	33963.8	34038.5	33987.5
1618930144	612251437	33942.5	34017.2	33966.2
1618930144	622205613	33921.2	33995.8	33944.8
1618930144	632123016	33899.8	33974.4	33923.4
1618930144	642224108	33878.3	33953	33901.9
1618930144	652102321	33856.7	33931.4	33880.4
1618930144	662357634	33835.1	33909.8	33858.8
1618930144	672359310	33813.5	33888.1	33837.1
1618930144	682296434	33791.7	33866.4	33815.4
1618930144	692194382	33770	33844.6	33793.6
1618930144	702292403	33748.1	33822.8	33771.7
1618930144	712142607	33726.2	33800.9	33749.8
1618930144	722269975	33704.2	33778.9	33727.9
1618930144	732364713	33682.2	33756.8	33705.8
1618930144	742157581	33660.1	33734.7	33683.7
1618930144	752159151	33637.9	33712.6	33661.5
1618930144	762296331	33615.7	33690.4	33639.3
1618930144	772410978	33593.4	33668.1	33617
1618930144	782230383	33571	33645.7	33594.7
1618930144	792227260	33548.6	33623.3	33572.3
1618930144	802362881	33526.2	33600.8	33549.8
1618930144	812300094	33503.6	33578.3	33527.3
1618930144	822273401	33481	33555.7	33504.7
1618930144	832335393	33458.4	33533.1	33482
1618930144	842277970	33435.7	33510.3	33459.3
1618930144	852284756	33412.9	33487.6	33436.5
1618930144	862272489	33390.1	33464.7	33413.7
1618930144	872181602	33367.2	33441.8	33390.8
1618930144	882148913	33344.2	33418.9	33367.9
1618930144	892284919	33321.2	33395.9	33344.8
1618930144	902200948	33298.1	33372.8	33321.8
1618930144	912291526	33275	33349.7	33298.6
1618930144	922421656	33251.8	33326.5	33275.4
1618930144	932290871	33228.5	33303.2	33252.2
1618930144	942419445	33205.2	33279.9	33228.9
1618930144	952202191	33181.8	33256.5	33205.5
1618930144	962439612	33158.4	33233.1	33182.1
1618930144	972395054	33134.9	33209.6	33158.6
1618930144	982231506	33111.4	33186	33135
1618930144	992331521	33087.8	33162.4	33111.4
1618930145	2354223	33064.1	33138.8	33087.7
1618930145	12362177	33040.4	33115	33064
1618930145	22176962	33016.6	33091.3	33040.2
1618930145	32299518	32992.7	33067.4	33016.4
1618930145	42292277	32968.8	33043.5	32992.5
1618930145	52407633	32944.9	33019.6	32968.5
1618930145	62423472	32920.9	32995.6	32944.5
1618930145	72260613	32896.8	32971.5	32920.5
1618930145	82329625	32872.7	32947.3	32896.3
1618930145	92231411	32848.5	32923.2	32872.1
1618930145	102282122	32824.2	32898.9	32847.9
1618930145	112282986	32799.9	32874.6	32823.6
1618930145	122358827	32775.6	32850.3	32799.2
1618930145	132374753	32751.2	32825.8	32774.8
1618930145	142308218	32726.7	32801.4	32750.3
1618930145	152250457	32702.2	32776.8	32725.8
1618930145	162336848	32677.6	32752.3	32701.2
1618930145	172390332	32652.9	32727.6	32676.6
1618930145	182352977	32628.2	32702.9	32651.9
1618930145	192252698	32603.5	32678.2	32627.1
1618930145	202249743	32578.7	32653.4	32602.3
1618930145	212175189	32553.8	32628.5	32577.5
1618930145	222474885	32528.9	32603.6	32552.5
1618930145	232413800	32503.9	32578.6	32527.6
1618930145	242297810	32478.9	32553.6	32502.5
1618930145	252328343	32453.8	32528.5	32477.4
1618930145	262343595	32428.6	32503.3	32452.3
1618930145	272459982	32403.4	32478.1	32427.1
1618930145	282437358	32378.2	32452.9	32401.8
1618930145	292539738	32352.9	32427.6	32376.5
1618930145	302276343	32327.5	32402.2	32351.2
1618930145	312353101	32302.1	32376.8	32325.8
1618930145	322210522	32276.6	32351.3	32300.3
1618930145	332227224	32251.1	32325.8	32274.8
1618930145	342064517	32225.5	32300.2	32249.2
1618930145	352416381	32199.9	32274.6	32223.6
1618930145	362218426	32174.2	32248.9	32197.9
1618930145	372165791	32148.5	32223.2	32172.1
1618930145	382213164	32122.7	32197.4	32146.3
1618930145	392231607	32096.8	32171.5	32120.5
1618930145	402280816	32070.9	32145.6	32094.6
1618930145	412368229	32045	32119.7	32068.6
1618930145	422249397	32019	32093.6	32042.6
1618930145	432270024	31992.9	32067.6	32016.6
1618930145	442469248	31966.8	32041.5	31990.4
1618930145	452489636	31940.6	32015.3	31964.3
1618930145	462314402	31914.4	31989.1	31938.1
1618930145	472321413	31888.1	31962.8	31911.8
1618930145	482227106	31861.8	31936.5	31885.5
1618930145	492261416	31835.4	31910.1	31859.1
1618930145	502326789	31809	31883.7	31832.7
1618930145	512247211	31782.5	31857.2	31806.2
1618930145	522274191	31756	31830.7	31779.7
1618930145	532286120	31729.4	31804.1	31753.1
1618930145	542359017	31702.8	31777.5	31726.4
1618930145	552368831	31676.1	31750.8	31699.8
1618930145	562312612	31649.4	31724	31673
1618930145	572139697	31622.6	31697.3	31646.2
1618930145	582271424	31595.7	31670.4	31619.4
1618930145	592236817	31568.9	31643.5	31592.5
1618930145	602337089	31541.9	31616.6	31565.6
1618930145	612199183	31514.9	31589.6	31538.6
1618930145	622301109	31487.9	31562.6	31511.5
1618930145	632426581	31460.8	31535.5	31484.4
1618930145	642243764	31433.7	31508.3	31457.3
1618930145	652322640	31406.5	31481.1	31430.1
1618930145	662328772	31379.2	31453.9	31402.9
1618930145	672313729	31351.9	31426.6	31375.6
1618930145	682325868	31324.6	31399.3	31348.2
1618930145	692250967	31297.2	31371.9	31320.8
1618930145	702390442	31269.8	31344.4	31293.4
1618930145	712308856	31242.3	31316.9	31265.9
1618930145	722424040	31214.7	31289.4	31238.4
1618930145	732387436	31187.1	31261.8	31210.8
1618930145	742390016	31159.5	31234.2	31183.2
1618930145	752361918	31131.8	31206.5	31155.5
1618930145	762414433	31104.1	31178.8	31127.7
1618930145	772333418	31076.3	31151	31100
1618930145	782385109	31048.5	31123.2	31072.1
1618930145	792329723	31020.6	31095.3	31044.3
1618930145	802377892	30992.7	31067.4	31016.3
1618930145	812277935	30964.7	31039.4	30988.4
1618930145	822395704	30936.7	31011.4	30960.3
1618930145	832309919	30908.6	30983.3	30932.3
1618930145	842215220	30880.5	30955.2	30904.1
1618930145	852309784	30852.3	30927	30876
1618930145	862521383	30824.1	30898.8	30847.8
1618930145	872321742	30795.9	30870.5	30819.5
1618930145	882423205	30767.5	30842.2	30791.2
1618930145	892390115	30739.2	30813.9	30762.8
1618930145	902374149	30710.8	30785.5	30734.4
1618930145	912396186	30682.3	30757	30706
1618930145	922326603	30653.9	30728.5	30677.5
1618930145	932287906	30625.3	30700	30649
1618930145	942399097	30596.7	30671.4	30620.4
1618930145	952446786	30568.1	30642.8	30591.7
1618930145	962429681	30539.4	30614.1	30563.1
1618930145	972356954	30510.7	30585.4	30534.3
1618930145	982271039	30481.9	30556.6	30505.6
1618930145	992325063	30453.1	30527.8	30476.8
1618930146	2262928	30424.3	30498.9	30447.9
1618930146	12348553	30395.3	30470	30419
1618930146	22482032	30366.4	30441.1	30390
1618930146	32352419	30337.4	30412.1	30361
1618930146	42529720	30308.4	30383	30332
1618930146	52279254	30279.3	30353.9	30302.9
1618930146	62128650	30250.1	30324.8	30273.8
1618930146	72188170	30221	30295.6	30244.6
1618930146	82235469	30191.7	30266.4	30215.4
1618930146	92191526	30162.5	30237.2	30186.1
1618930146	102242833	30133.2	30207.9	30156.8
1618930146	112236459	30103.8	30178.5	30127.5
1618930146	122384104	30074.4	30149.1	30098.1
1618930146	132374152	30045	30119.7	30068.6
1618930146	142301243	30015.5	30090.2	30039.2
1618930146	152205801	29986	30060.7	30009.6
1618930146	162288314	29956.4	30031.1	29980.1
1618930146	172254261	29926.8	30001.5	29950.4
1618930146	182217677	29897.1	29971.8	29920.8
1618930146	192174454	29867.4	29942.1	29891.1
1618930146	202276378	29837.7	29912.4	29861.3
1618930146	212329027	29807.9	29882.6	29831.6
1618930146	222294316	29778.1	29852.8	29801.7
1618930146	232108979	29748.2	29822.9	29771.9
1618930146	242208801	29718.3	29793	29741.9
1618930146	252268878	29688.3	29763	29712
1618930146	262360350	29658.3	29733	29682
1618930146	272177681	29628.3	29703	29652
1618930146	282290109	29598.2	29672.9	29621.9
1618930146	292180704	29568.1	29642.8	29591.8
1618930146	302395064	29537.9	29612.6	29561.6
1618930146	312333327	29507.7	29582.4	29531.4
1618930146	322161681	29477.5	29552.2	29501.1
1618930146	332387143	29447.2	29521.9	29470.8
1618930146	342303248	29416.9	29491.5	29440.5
1618930146	352339482	29386.5	29461.2	29410.1
1618930146	362396479	29356.1	29430.8	29379.7
1618930146	372363001	29325.6	29400.3	29349.3
1618930146	382337053	29295.1	29369.8	29318.8
1618930146	392405413	29264.6	29339.3	29288.3
1618930146	402454269	29234	29308.7	29257.7
1618930146	412355835	29203.4	29278.1	29227.1
1618930146	422419621	29172.8	29247.5	29196.4
1618930146	432465534	29142.1	29216.8	29165.7
1618930146	442494893	29111.4	29186	29135
1618930146	452397449	29080.6	29155.3	29104.2
1618930146	462264915	29049.8	29124.4	29073.4
1618930146	472331186	29018.9	29093.6	29042.6
1618930146	482150026	28988	29062.7	29011.7
1618930146	492151026	28957.1	29031.8	28980.8
1618930146	502255210	28926.1	29000.8	28949.8
1618930146	512310587	28895.1	28969.8	28918.8
1618930146	522251776	28864.1	28938.8	28887.7
1618930146	532283362	28833	28907.7	28856.6
1618930146	542258074	28801.9	28876.6	28825.5
1618930146	552296467	28770.7	28845.4	28794.4
1618930146	562374943	28739.5	28814.2	28763.2
1618930146	572345804	28708.3	28783	28731.9
1618930146	582254288	28677	28751.7	28700.7
1618930146	592377728	28645.7	28720.4	28669.3
1618930146	602237982	28614.3	28689	28638
1618930146	612506948	28583	28657.6	28606.6
1618930146	622308985	28551.5	28626.2	28575.2
1618930146	632513329	28520.1	28594.7	28543.7
1618930146	642333467	28488.6	28563.3	28512.2
1618930146	652243880	28457	28531.7	28480.7
1618930146	662374707	28425.5	28500.1	28449.1
1618930146	672364528	28393.9	28468.5	28417.5
1618930146	682461146	28362.2	28436.9	28385.9
1618930146	692410952	28330.5	28405.2	28354.2
1618930146	702355909	28298.8	28373.5	28322.5
1618930146	712322242	28267	28341.7	28290.7
1618930146	722390954	28235.3	28309.9	28258.9
1618930146	732086704	28203.4	28278.1	28227.1
1618930146	742349752	28171.6	28246.2	28195.2
1618930146	752454328	28139.7	28214.3	28163.3
1618930146	762371081	28107.7	28182.4	28131.4
1618930146	772191269	28075.8	28150.4	28099.4
1618930146	782282191	28043.8	28118.4	28067.4
1618930146	792296745	28011.7	28086.4	28035.4
1618930146	802288499	27979.6	28054.3	28003.3
1618930146	812274945	27947.5	28022.2	27971.2
1618930146	822339281	27915.4	27990.1	27939
1618930146	832246757	27883.2	27957.9	27906.9
1618930146	842342659	27851	27925.7	27874.7
1618930146	852368807	27818.8	27893.4	27842.4
1618930146	862359012	27786.5	27861.1	27810.1
1618930146	872375744	27754.2	27828.8	27777.8
1618930146	882401330	27721.8	27796.5	27745.5
1618930146	892340276	27689.4	27764.1	27713.1
1618930146	902341177	27657	27731.7	27680.7
1618930146	912311859	27624.5	27699.2	27648.2
1618930146	922292348	27592.1	27666.7	27615.7
1618930146	932507598	27559.5	27634.2	27583.2
1618930146	942336273	27527	27601.7	27550.6
1618930146	952407003	27494.4	27569.1	27518.1
1618930146	962303737	27461.8	27536.5	27485.4
1618930146	972265076	27429.1	27503.8	27452.8
1618930146	982182350	27396.5	27471.1	27420.1
1618930146	992203105	27363.7	27438.4	27387.4
1618930147	2225022	27331	27405.7	27354.6
1618930147	12282432	27298.2	27372.9	27321.9
1618930147	22329860	27265.4	27340.1	27289.1
1618930147	32349968	27232.6	27307.2	27256.2
1618930147	42268799	27199.7	27274.4	27223.3
1618930147	52247507	27166.8	27241.5	27190.4
1618930147	62253070	27133.8	27208.5	27157.5
1618930147	72239918	27100.9	27175.5	27124.5
1618930147	82280596	27067.9	27142.5	27091.5
1618930147	92279234	27034.8	27109.5	27058.5
1618930147	102297309	27001.8	27076.4	27025.4
1618930147	112311905	26968.7	27043.3	26992.3
1618930147	122274596	26935.5	27010.2	26959.2
1618930147	132151614	26902.4	26977.1	26926
1618930147	142417108	26869.2	26943.9	26892.8
1618930147	152516988	26836	26910.7	26859.6
1618930147	162321542	26802.7	26877.4	26826.4
1618930147	172375596	26769.4	26844.1	26793.1
1618930147	182226363	26736.1	26810.8	26759.8
1618930147	192282009	26702.8	26777.5	26726.5
1618930147	202309995	26669.4	26744.1	26693.1
1618930147	212245321	26636	26710.7	26659.7
1618930147	222467201	26602.6	26677.3	26626.3
1618930147	232358567	26569.1	26643.8	26592.8
1618930147	242272586	26535.7	26610.3	26559.3
1618930147	252456118	26502.1	26576.8	26525.8
1618930147	262339313	26468.6	26543.3	26492.3
1618930147	272271823	26435	26509.7	26458.7
1618930147	282365197	26401.4	26476.1	26425.1
1618930147	292346608	26367.8	26442.5	26391.4
1618930147	302192075	26334.1	26408.8	26357.8
1618930147	312446322	26300.4	26375.1	26324.1
1618930147	322315807	26266.7	26341.4	26290.4
1618930147	332555279	26233	26307.7	26256.6
1618930147	342215370	26199.2	26273.9	26222.9
1618930147	352326980	26165.4	26240.1	26189.1
1618930147	362285675	26131.6	26206.3	26155.2
1618930147	372290315	26097.7	26172.4	26121.4
1618930147	382278545	26063.9	26138.5	26087.5
1618930147	392324140	26029.9	26104.6	26053.6
1618930147	402489994	25996	26070.7	26019.7
1618930147	412528542	25962	26036.7	25985.7
1618930147	422525435	25928	26002.7	25951.7
1618930147	432401275	25894	25968.7	25917.7
1618930147	442426992	25860	25934.7	25883.6
1618930147	452261527	25825.9	25900.6	25849.6
1618930147	462441222	25791.8	25866.5	25815.5
1618930147	472365478	25757.7	25832.4	25781.3
1618930147	482261339	25723.5	25798.2	25747.2
1618930147	492245726	25689.4	25764	25713
1618930147	502267018	25655.2	25729.8	25678.8
1618930147	512227159	25620.9	25695.6	25644.6
1618930147	522183441	25586.7	25661.4	25610.3
1618930147	532300311	25552.4	25627.1	25576.1
1618930147	542418166	25518.1	25592.8	25541.8
1618930147	552457299	25483.8	25558.5	25507.4
1618930147	562366098	25449.4	25524.1	25473.1
1618930147	572330939	25415	25489.7	25438.7
1618930147	582372361	25380.6	25455.3	25404.3
1618930147	592323212	25346.2	25420.9	25369.9
1618930147	602355430	25311.8	25386.4	25335.4
1618930147	612252843	25277.3	25352	25300.9
1618930147	622197349	25242.8	25317.5	25266.4
1618930147	632254880	25208.3	25282.9	25231.9
1618930147	642341484	25173.7	25248.4	25197.4
1618930147	652262106	25139.1	25213.8	25162.8
1618930147	662463846	25104.5	25179.2	25128.2
1618930147	672402688	25069.9	25144.6	25093.6
1618930147	682315340	25035.3	25109.9	25058.9
1618930147	692274407	25000.6	25075.3	25024.2
1618930147	702160914	24965.9	25040.6	24989.6
1618930147	712226575	24931.2	25005.9	24954.8
1618930147	722230256	24896.5	24971.1	24920.1
1618930147	732239256	24861.7	24936.4	24885.3
1618930147	742340888	24826.9	24901.6	24850.6
1618930147	752351843	24792.1	24866.8	24815.8
1618930147	762345245	24757.3	24832	24780.9
1618930147	772147842	24722.4	24797.1	24746.1
1618930147	782402146	24687.6	24762.2	24711.2
1618930147	792370592	24652.7	24727.3	24676.3
1618930147	802207143	24617.7	24692.4	24641.4
1618930147	812295614	24582.8	24657.5	24606.5
1618930147	822329311	24547.8	24622.5	24571.5
1618930147	832254791	24512.9	24587.5	24536.5
1618930147	842312538	24477.9	24552.5	24501.5
1618930147	852339882	24442.8	24517.5	24466.5
1618930147	862454633	24407.8	24482.5	24431.4
1618930147	872347509	24372.7	24447.4	24396.4
1618930147	882536220	24337.6	24412.3	24361.3
1618930147	892436408	24302.5	24377.2	24326.2
1618930147	902428461	24267.4	24342.1	24291
1618930147	912325078	24232.2	24306.9	24255.9
1618930147	922413030	24197.1	24271.7	24220.7
1618930147	932283311	24161.9	24236.6	24185.5
1618930147	942214329	24126.7	24201.3	24150.3
1618930147	952256526	24091.4	24166.1	24115.1
1618930147	962214794	24056.2	24130.9	24079.8
1618930147	972320153	24020.9	24095.6	24044.6
1618930147	982207886	23985.6	24060.3	24009.3
1618930147	992266923	23950.3	24025	23974
1618930148	2332203	23915	23989.7	23938.6
1618930148	12440313	23879.6	23954.3	23903.3
1618930148	22438491	23844.3	23919	23867.9
1618930148	32321023	23808.9	23883.6	23832.5
1618930148	42245651	23773.5	23848.2	23797.1
1618930148	52250966	23738.1	23812.7	23761.7
1618930148	62416761	23702.6	23777.3	23726.3
1618930148	72388244	23667.2	23741.8	23690.8
1618930148	82349264	23631.7	23706.4	23655.3
1618930148	92479529	23596.2	23670.9	23619.8
1618930148	102422636	23560.7	23635.3	23584.3
1618930148	112342336	23525.1	23599.8	23548.8
1618930148	122289531	23489.6	23564.3	23513.2
1618930148	132185021	23454	23528.7	23477.7
1618930148	142352165	23418.4	23493.1	23442.1
1618930148	152252107	23382.8	23457.5	23406.5
1618930148	162473548	23347.2	23421.9	23370.9
1618930148	172354911	23311.6	23386.3	23335.2
1618930148	182272763	23275.9	23350.6	23299.6
1618930148	192245773	23240.2	23314.9	23263.9
1618930148	202368162	23204.6	23279.2	23228.2
1618930148	212221389	23168.9	23243.5	23192.5
1618930148	222402987	23133.1	23207.8	23156.8
1618930148	232418901	23097.4	23172.1	23121
1618930148	242488317	23061.6	23136.3	23085.3
1618930148	252349351	23025.9	23100.6	23049.5
1618930148	262346210	22990.1	23064.8	23013.7
1618930148	272450968	22954.3	23029	22977.9
1618930148	282245940	22918.5	22993.1	22942.1
1618930148	292323631	22882.6	22957.3	22906.3
1618930148	302283302	22846.8	22921.5	22870.4
1618930148	312361092	22810.9	22885.6	22834.6
1618930148	322258279	22775	22849.7	22798.7
1618930148	332375069	22739.2	22813.8	22762.8
1618930148	342304147	22703.2	22777.9	22726.9
1618930148	352362747	22667.3	22742	22691
1618930148	362165389	22631.4	22706.1	22655
1618930148	372261833	22595.4	22670.1	22619.1
1618930148	382165221	22559.5	22634.1	22583.1
1618930148	392348544	22523.5	22598.2	22547.1
1618930148	402248638	22487.5	22562.2	22511.1
1618930148	412514161	22451.5	22526.2	22475.1
1618930148	422436787	22415.5	22490.1	22439.1
1618930148	432405465	22379.4	22454.1	22403.1
1618930148	442163903	22343.4	22418.1	22367
1618930148	452196878	22307.3	22382	22331
1618930148	462403284	22271.2	22345.9	22294.9
1618930148	472262351	22235.1	22309.8	22258.8
1618930148	482312852	22199	22273.7	22222.7
1618930148	492325091	22162.9	22237.6	22186.6
1618930148	502328169	22126.8	22201.5	22150.4
1618930148	512309692	22090.6	22165.3	22114.3
1618930148	522310427	22054.5	22129.2	22078.1
1618930148	532217056	22018.3	22093	22042
1618930148	542504663	21982.2	22056.8	22005.8
1618930148	552442499	21946	22020.6	21969.6
1618930148	562313799	21909.8	21984.4	21933.4
1618930148	572395923	21873.5	21948.2	21897.2
1618930148	582444735	21837.3	21912	21861
1618930148	592325478	21801.1	21875.8	21824.7
1618930148	602261503	21764.8	21839.5	21788.5
1618930148	612313279	21728.6	21803.2	21752.2
1618930148	622277850	21692.3	21767	21715.9
1618930148	632394435	21656	21730.7	21679.7
1618930148	642331929	21619.7	21694.4	21643.4
1618930148	652182193	21583.4	21658.1	21607.1
1618930148	662307671	21547.1	21621.8	21570.7
1618930148	672364463	21510.8	21585.4	21534.4
1618930148	682286652	21474.4	21549.1	21498.1
1618930148	692280010	21438.1	21512.8	21461.7
1618930148	702375540	21401.7	21476.4	21425.4
1618930148	712367088	21365.4	21440	21389
1618930148	722302681	21329	21403.7	21352.6
1618930148	732314276	21292.6	21367.3	21316.2
1618930148	742329426	21256.2	21330.9	21279.8
1618930148	752407553	21219.8	21294.5	21243.4
1618930148	762314301	21183.4	21258.1	21207
1618930148	772173302	21146.9	21221.6	21170.6
1618930148	782234273	21110.5	21185.2	21134.2
1618930148	792222904	21074.1	21148.7	21097.7
1618930148	802348571	21037.6	21112.3	21061.3
1618930148	812281209	21001.2	21075.8	21024.8
1618930148	822358915	20964.7	21039.4	20988.3
1618930148	832314653	20928.2	21002.9	20951.9
1618930148	842256936	20891.7	20966.4	20915.4
1618930148	852401371	20855.2	20929.9	20878.9
1618930148	862408530	20818.7	20893.4	20842.4
1618930148	872391180	20782.2	20856.9	20805.9
1618930148	882377647	20745.7	20820.4	20769.3
1618930148	892339597	20709.2	20783.8	20732.8
1618930148	902339571	20672.6	20747.3	20696.3
1618930148	912231653	20636.1	20710.8	20659.7
1618930148	922379035	20599.5	20674.2	20623.2
1618930148	932313351	20563	20637.7	20586.6
1618930148	942251028	20526.4	20601.1	20550.1
1618930148	952341443	20489.9	20564.5	20513.5
1618930148	962346547	20453.3	20528	20476.9
1618930148	972347766	20416.7	20491.4	20440.3
1618930148	982370468	20380.1	20454.8	20403.8
1618930148	992430194	20343.5	20418.2	20367.2
1618930149	2311277	20306.9	20381.6	20330.6
1618930149	12324073	20270.3	20345	20293.9
1618930149	22422195	20233.7	20308.4	20257.3
1618930149	32426130	20197.1	20271.7	20220.7
1618930149	42401681	20160.4	20235.1	20184.1
1618930149	52268231	20123.8	20198.5	20147.5
1618930149	62270752	20087.2	20161.8	20110.8
1618930149	72293662	20050.5	20125.2	20074.2
1618930149	82359361	20013.9	20088.6	20037.5
1618930149	92224557	19977.2	20051.9	20000.9
1618930149	102352794	19940.6	20015.2	19964.2
1618930149	112375828	19903.9	19978.6	19927.6
1618930149	122310374	19867.2	19941.9	19890.9
1618930149	132294990	19830.6	19905.2	19854.2
1618930149	142550065	19793.9	19868.6	19817.5
1618930149	152440688	19757.2	19831.9	19780.9
1618930149	162411388	19720.5	19795.2	19744.2
1618930149	172335922	19683.8	19758.5	19707.5
1618930149	182187589	19647.1	19721.8	19670.8
1618930149	192233193	19610.4	19685.1	19634.1
1618930149	202572399	19573.7	19648.4	19597.4
1618930149	212412767	19537	19611.7	19560.7
1618930149	222419832	19500.3	19575	19524
1618930149	232303468	19463.6	19538.3	19487.3
1618930149	242401646	19426.9	19501.6	19450.6
1618930149	252289355	19390.2	19464.9	19413.8
1618930149	262266375	19353.5	19428.1	19377.1
1618930149	272356556	19316.7	19391.4	19340.4
1618930149	282452535	19280	19354.7	19303.7
1618930149	292453257	19243.3	19318	19266.9
1618930149	302360615	19206.6	19281.2	19230.2
1618930149	312284652	19169.8	19244.5	19193.5
1618930149	322401294	19133.1	19207.8	19156.7
1618930149	332483702	19096.4	19171	19120
1618930149	342335833	19059.6	19134.3	19083.3
1618930149	352117084	19022.9	19097.6	19046.5
1618930149	362239164	18986.1	19060.8	19009.8
1618930149	372351576	18949.4	19024.1	18973
1618930149	382345214	18912.7	18987.3	18936.3
1618930149	392344343	18875.9	18950.6	18899.6
1618930149	402400488	18839.2	18913.8	18862.8
1618930149	412287097	18802.4	18877.1	18826.1
1618930149	422528776	18765.7	18840.3	18789.3
1618930149	432429617	18728.9	18803.6	18752.6
1618930149	442483887	18692.2	18766.8	18715.8
1618930149	452299151	18655.4	18730.1	18679.1
1618930149	462480564	18618.7	18693.3	18642.3
1618930149	472435884	18581.9	18656.6	18605.6
1618930149	482368436	18545.2	18619.8	18568.8
1618930149	492255453	18508.4	18583.1	18532.1
1618930149	502534244	18471.7	18546.3	18495.3
1618930149	512349577	18434.9	18509.6	18458.6
1618930149	522423736	18398.2	18472.8	18421.8
1618930149	532370662	18361.4	18436.1	18385.1
1618930149	542429670	18324.7	18399.4	18348.3
1618930149	552296954	18287.9	18362.6	18311.6
1618930149	562304504	18251.2	18325.9	18274.8
1618930149	572400213	18214.4	18289.1	18238.1
1618930149	582407866	18177.7	18252.4	18201.3
1618930149	592296585	18141	18215.6	18164.6
1618930149	602287737	18104.2	18178.9	18127.9
1618930149	612412206	18067.5	18142.2	18091.1
1618930149	622284203	18030.7	18105.4	18054.4
1618930149	632357619	17994	18068.7	18017.7
1618930149	642494338	17957.3	18032	17980.9
1618930149	652444247	17920.5	17995.2	17944.2
1618930149	662497903	17883.8	17958.5	17907.5
1618930149	672322468	17847.1	17921.8	17870.7
1618930149	682321213	17810.4	17885	17834
1618930149	692310199	17773.6	17848.3	17797.3
1618930149	702241050	17736.9	17811.6	17760.6
1618930149	712255716	17700.2	17774.9	17723.9
1618930149	722347956	17663.5	17738.2	17687.2
1618930149	732404182	17626.8	17701.5	17650.5
1618930149	742409239	17590.1	17664.8	17613.7
1618930149	752155486	17553.4	17628.1	17577
1618930149	762270921	17516.7	17591.4	17540.4
1618930149	772371869	17480	17554.7	17503.7
1618930149	782371850	17443.3	17518	17467
1618930149	792315288	17406.6	17481.3	17430.3
1618930149	802388201	17369.9	17444.6	17393.6
1618930149	812410561	17333.3	17408	17356.9
1618930149	822395969	17296.6	17371.3	17320.3
1618930149	832284432	17259.9	17334.6	17283.6
1618930149	842256576	17223.3	17298	17246.9
1618930149	852389214	17186.6	17261.3	17210.3
1618930149	862248750	17150	17224.6	17173.6
1618930149	872524957	17113.3	17188	17137
1618930149	882363037	17076.7	17151.3	17100.3
1618930149	892302862	17040	17114.7	17063.7
1618930149	902247232	17003.4	17078.1	17027.1
1618930149	912250939	16966.8	17041.5	16990.4
1618930149	922315216	16930.2	17004.8	16953.8
1618930149	932287339	16893.5	16968.2	16917.2
1618930149	942547289	16856.9	16931.6	16880.6
1618930149	952311621	16820.3	16895	16844
1618930149	962458787	16783.7	16858.4	16807.4
1618930149	972340361	16747.1	16821.8	16770.8
1618930149	982334471	16710.6	16785.2	16734.2
1618930149	992222573	16674	16748.7	16697.6
1618930150	2330768	16637.4	16712.1	16661.1
1618930150	12246579	16600.8	16675.5	16624.5
1618930150	22290566	16564.3	16639	16587.9
1618930150	32550996	16527.7	16602.4	16551.4
1618930150	42446414	16491.2	16565.9	16514.9
1618930150	52403617	16454.7	16529.3	16478.3
1618930150	62331745	16418.1	16492.8	16441.8
1618930150	72266346	16381.6	16456.3	16405.3
1618930150	82295056	16345.1	16419.8	16368.8
1618930150	92387414	16308.6	16383.3	16332.3
1618930150	102588956	16272.1	16346.8	16295.8
1618930150	112311980	16235.6	16310.3	16259.3
1618930150	122400107	16199.1	16273.8	16222.8
1618930150	132403146	16162.7	16237.4	16186.3
1618930150	142279961	16126.2	16200.9	16149.9
1618930150	152277504	16089.8	16164.4	16113.4
1618930150	162362079	16053.3	16128	16077
1618930150	172136413	16016.9	16091.6	16040.5
1618930150	181675381	15980.5	16055.1	16004.1
1618930150	191669487	15944	16018.7	15967.7
1618930150	201591597	15907.6	15982.3	15931.3
1618930150	211844472	15871.2	15945.9	15894.9
1618930150	222346991	15834.9	15909.5	15858.5
1618930150	232259986	15798.5	15873.2	15822.1
1618930150	242507862	15762.1	15836.8	15785.8
1618930150	252291983	15725.8	15800.4	15749.4
1618930150	262273985	15689.4	15764.1	15713.1
1618930150	272207877	15653.1	15727.7	15676.7
1618930150	282230933	15616.7	15691.4	15640.4
1618930150	292237340	15580.4	15655.1	15604.1
1618930150	302285279	15544.1	15618.8	15567.8
1618930150	312467889	15507.8	15582.5	15531.5
1618930150	322332831	15471.5	15546.2	15495.2
1618930150	332382456	15435.3	15509.9	15458.9
1618930150	342285202	15399	15473.7	15422.7
1618930150	352405829	15362.8	15437.4	15386.4
1618930150	362243851	15326.5	15401.2	15350.2
1618930150	372182973	15290.3	15365	15313.9
1618930150	382419912	15254.1	15328.8	15277.7
1618930150	392416686	15217.9	15292.6	15241.5
1618930150	402320484	15181.7	15256.4	15205.3
1618930150	412327041	15145.5	15220.2	15169.2
1618930150	422478786	15109.3	15184	15133
1618930150	432310664	15073.2	15147.9	15096.8
1618930150	442376740	15037	15111.7	15060.7
1618930150	452424006	15000.9	15075.6	15024.6
1618930150	462394215	14964.8	15039.5	14988.5
1618930150	472630511	14928.7	15003.4	14952.3
1618930150	482473571	14892.6	14967.3	14916.3
1618930150	492338227	14856.5	14931.2	14880.2
1618930150	502351459	14820.5	14895.1	14844.1
1618930150	512263467	14784.4	14859.1	14808.1
1618930150	522508748	14748.4	14823.1	14772
1618930150	532556007	14712.4	14787	14736
1618930150	542428382	14676.3	14751	14700
1618930150	552306453	14640.4	14715	14664
1618930150	562339587	14604.4	14679	14628
1618930150	572255363	14568.4	14643.1	14592.1
1618930150	582339848	14532.5	14607.1	14556.1
1618930150	592351391	14496.5	14571.2	14520.2
1618930150	602493768	14460.6	14535.3	14484.2
1618930150	612429253	14424.7	14499.4	14448.3
1618930150	622392063	14388.8	14463.5	14412.4
1618930150	632368084	14352.9	14427.6	14376.6
1618930150	642433446	14317	14391.7	14340.7
1618930150	652432925	14281.2	14355.9	14304.9
1618930150	662487465	14245.4	14320	14269
1618930150	672369780	14209.5	14284.2	14233.2
1618930150	682338435	14173.7	14248.4	14197.4
1618930150	692449260	14138	14212.6	14161.6
1618930150	702401256	14102.2	14176.9	14125.8
1618930150	712527772	14066.4	14141.1	14090.1
1618930150	722475680	14030.7	14105.4	14054.4
1618930150	732315877	13995	14069.7	14018.6
1618930150	742270405	13959.3	14034	13982.9
1618930150	752227905	13923.6	13998.3	13947.2
1618930150	762247955	13887.9	13962.6	13911.6
1618930150	772230691	13852.3	13926.9	13875.9
1618930150	782184120	13816.6	13891.3	13840.3
1618930150	792268937	13781	13855.7	13804.7
1618930150	802513684	13745.4	13820.1	13769.1
1618930150	812411354	13709.8	13784.5	13733.5
1618930150	822460396	13674.2	13748.9	13697.9
1618930150	832465077	13638.7	13713.4	13662.4
1618930150	842447273	13603.2	13677.8	13626.8
1618930150	852360339	13567.7	13642.3	13591.3
1618930150	862257652	13532.2	13606.8	13555.8
1618930150	872398549	13496.7	13571.4	13520.3
1618930150	882385730	13461.2	13535.9	13484.9
1618930150	892331743	13425.8	13500.5	13449.4
1618930150	902242209	13390.3	13465	13414
1618930150	912301908	13354.9	13429.6	13378.6
1618930150	922349581	13319.6	13394.2	13343.2
1618930150	932216394	13284.2	13358.9	13307.8
1618930150	942290396	13248.8	13323.5	13272.5
1618930150	952243221	13213.5	13288.2	13237.2
1618930150	962375489	13178.2	13252.9	13201.9
1618930150	972262055	13142.9	13217.6	13166.6
1618930150	982298659	13107.6	13182.3	13131.3
1618930150	992458853	13072.4	13147.1	13096
1618930151	2325895	13037.2	13111.8	13060.8
1618930151	12429495	13002	13076.6	13025.6
1618930151	22232006	12966.8	13041.4	12990.4
1618930151	32311879	12931.6	13006.3	12955.2
1618930151	42602527	12896.4	12971.1	12920.1
1618930151	52476124	12861.3	12936	12885
1618930151	62477755	12826.2	12900.9	12849.9
1618930151	72379788	12791.1	12865.8	12814.8
1618930151	82423658	12756.1	12830.7	12779.7
1618930151	92401424	12721	12795.7	12744.7
1618930151	102413063	12686	12760.7	12709.6
1618930151	112303366	12651	12725.7	12674.6
1618930151	122401305	12616	12690.7	12639.6
1618930151	132400571	12581	12655.7	12604.7
1618930151	142384933	12546.1	12620.8	12569.7
1618930151	152392118	12511.2	12585.9	12534.8
1618930151	162481188	12476.3	12551	12499.9
1618930151	172465612	12441.4	12516.1	12465.1
1618930151	182403013	12406.6	12481.2	12430.2
1618930151	192409245	12371.7	12446.4	12395.4
1618930151	202503024	12336.9	12411.6	12360.6
1618930151	212349245	12302.1	12376.8	12325.8
1618930151	222297056	12267.4	12342.1	12291
1618930151	232401413	12232.6	12307.3	12256.3
1618930151	242364902	12197.9	12272.6	12221.6
1618930151	252362243	12163.2	12237.9	12186.9
1618930151	262332533	12128.6	12203.2	12152.2
1618930151	272598433	12093.9	12168.6	12117.6
1618930151	282371225	12059.3	12134	12083
1618930151	292518309	12024.7	12099.4	12048.4
1618930151	302377449	11990.1	12064.8	12013.8
1618930151	312553262	11955.6	12030.3	11979.2
1618930151	322320005	11921.1	11995.7	11944.7
1618930151	332410686	11886.6	11961.2	11910.2
1618930151	342476591	11852.1	11926.8	11875.7
1618930151	352409363	11817.6	11892.3	11841.3
1618930151	362594031	11783.2	11857.9	11806.8
1618930151	372494275	11748.8	11823.5	11772.4
1618930151	382311585	11714.4	11789.1	11738.1
1618930151	392343408	11680.1	11754.7	11703.7
1618930151	402415630	11645.7	11720.4	11669.4
1618930151	412478332	11611.4	11686.1	11635.1
1618930151	422398398	11577.1	11651.8	11600.8
1618930151	432325843	11542.9	11617.6	11566.5
1618930151	442313658	11508.7	11583.3	11532.3
1618930151	452397458	11474.5	11549.1	11498.1
1618930151	462447237	11440.3	11515	11463.9
1618930151	472271480	11406.1	11480.8	11429.8
1618930151	482426317	11372	11446.7	11395.7
1618930151	492382551	11337.9	11412.6	11361.6
1618930151	502429101	11303.8	11378.5	11327.5
1618930151	512438376	11269.8	11344.5	11293.5
1618930151	522464582	11235.8	11310.5	11259.4
1618930151	532205360	11201.8	11276.5	11225.4
1618930151	542322393	11167.8	11242.5	11191.5
1618930151	552519203	11133.9	11208.6	11157.5
1618930151	562533843	11100	11174.7	11123.6
1618930151	572469685	11066.1	11140.8	11089.8
1618930151	582366454	11032.2	11106.9	11055.9
1618930151	592470067	10998.4	11073.1	11022.1
1618930151	602471872	10964.6	11039.3	10988.3
1618930151	612300277	10930.8	11005.5	10954.5
1618930151	622394034	10897.1	10971.8	10920.8
1618930151	632323909	10863.4	10938.1	10887
1618930151	642472107	10829.7	10904.4	10853.4
1618930151	652202765	10796	10870.7	10819.7
1618930151	662404537	10762.4	10837.1	10786.1
1618930151	672414277	10728.8	10803.5	10752.5
1618930151	682315014	10695.2	10769.9	10718.9
1618930151	692255996	10661.7	10736.4	10685.3
1618930151	702453158	10628.2	10702.9	10651.8
1618930151	712183892	10594.7	10669.4	10618.3
1618930151	722337051	10561.2	10635.9	10584.9
1618930151	732312708	10527.8	10602.5	10551.5
1618930151	742381092	10494.4	10569.1	10518.1
1618930151	752560043	10461	10535.7	10484.7
1618930151	762441961	10427.7	10502.4	10451.3
1618930151	772382726	10394.4	10469.1	10418
1618930151	782274996	10361.1	10435.8	10384.8
1618930151	792221245	10327.9	10402.5	10351.5
1618930151	802163861	10294.6	10369.3	10318.3
1618930151	812206267	10261.5	10336.1	10285.1
1618930151	822279688	10228.3	10303	10251.9
1618930151	832188256	10195.2	10269.8	10218.8
1618930151	842337814	10162.1	10236.8	10185.7
1618930151	852297707	10129	10203.7	10152.7
1618930151	862241052	10096	10170.7	10119.6
1618930151	872333246	10063	10137.7	10086.6
1618930151	882383190	10030	10104.7	10053.7
1618930151	892233200	9997.06	10071.7	10020.7
1618930151	902313268	9964.15	10038.8	9987.81
1618930151	912470701	9931.28	10006	9954.93
1618930151	922351056	9898.43	9973.11	9922.09
1618930151	932429431	9865.62	9940.3	9889.27
1618930151	942441856	9832.84	9907.52	9856.49
1618930151	952384349	9800.09	9874.77	9823.75
1618930151	962363355	9767.38	9842.06	9791.03
1618930151	972294923	9734.69	9809.37	9758.35
1618930151	982267600	9702.04	9776.72	9725.7
1618930151	992267919	9669.43	9744.11	9693.08
1618930152	2284891	9636.84	9711.52	9660.49
1618930152	12319792	9604.29	9678.97	9627.94
1618930152	22289286	9571.77	9646.45	9595.42
1618930152	32333054	9539.29	9613.97	9562.94
1618930152	42230577	9506.84	9581.52	9530.49
1618930152	52355979	9474.42	9549.1	9498.07
1618930152	62258097	9442.03	9516.71	9465.69
1618930152	72288809	9409.68	9484.36	9433.34
1618930152	82435129	9377.37	9452.05	9401.02
1618930152	92338245	9345.08	9419.76	9368.74
1618930152	102385338	9312.84	9387.52	9336.49
1618930152	112424445	9280.62	9355.3	9304.27
1618930152	122381467	9248.44	9323.12	9272.1
1618930152	132424371	9216.3	9290.98	9239.95
1618930152	142423259	9184.19	9258.87	9207.84
1618930152	152490308	9152.11	9226.79	9175.77
1618930152	162539643	9120.07	9194.75	9143.73
1618930152	172481286	9088.07	9162.75	9111.72
1618930152	182563584	9056.1	9130.78	9079.75
1618930152	192345590	9024.17	9098.85	9047.82
1618930152	202336182	8992.27	9066.95	9015.92
1618930152	212686924	8960.4	9035.08	8984.06
1618930152	222616866	8928.58	9003.26	8952.23
1618930152	232466812	8896.79	8971.47	8920.44
1618930152	242447905	8865.03	8939.71	8888.68
1618930152	252438583	8833.31	8907.99	8856.96
1618930152	262417579	8801.63	8876.31	8825.28
1618930152	272344900	8769.98	8844.66	8793.63
1618930152	282430069	8738.37	8813.05	8762.03
1618930152	292324160	8706.8	8781.48	8730.45
1618930152	302457074	8675.26	8749.94	8698.92
1618930152	312436526	8643.77	8718.45	8667.42
1618930152	322453701	8612.3	8686.98	8635.96
1618930152	332285970	8580.88	8655.56	8604.53
1618930152	342352126	8549.49	8624.17	8573.14
1618930152	352348661	8518.14	8592.82	8541.79
1618930152	362381610	8486.83	8561.51	8510.48
1618930152	372364906	8455.55	8530.24	8479.21
1618930152	382609708	8424.32	8499	8447.97
1618930152	392350844	8393.12	8467.8	8416.77
1618930152	402358825	8361.96	8436.64	8385.61
1618930152	412495886	8330.84	8405.52	8354.49
1618930152	422376175	8299.75	8374.43	8323.41
1618930152	432440554	8268.71	8343.39	8292.36
1618930152	442305778	8237.7	8312.38	8261.35
1618930152	452366279	8206.73	8281.42	8230.39
1618930152	462405677	8175.81	8250.49	8199.46
1618930152	472481337	8144.92	8219.6	8168.57
1618930152	482582798	8114.07	8188.75	8137.72
1618930152	492353474	8083.26	8157.94	8106.91
1618930152	502473477	8052.48	8127.16	8076.14
1618930152	512388663	8021.75	8096.43	8045.4
1618930152	522515690	7991.06	8065.74	8014.71
1618930152	532457742	7960.41	8035.09	7984.06
1618930152	542430111	7929.79	8004.47	7953.45
1618930152	552530038	7899.22	7973.9	7922.87
1618930152	562540462	7868.69	7943.37	7892.34
1618930152	572409389	7838.2	7912.88	7861.85
1618930152	582461939	7807.75	7882.43	7831.4
1618930152	592495833	7777.34	7852.02	7800.99
1618930152	602441436	7746.97	7821.65	7770.62
1618930152	612402792	7716.64	7791.32	7740.29
1618930152	622390273	7686.35	7761.03	7710
1618930152	632386641	7656.1	7730.78	7679.76
1618930152	642495844	7625.9	7700.58	7649.55
1618930152	652412388	7595.73	7670.41	7619.39
1618930152	662324124	7565.61	7640.29	7589.26
1618930152	672341512	7535.53	7610.21	7559.18
1618930152	682446968	7505.49	7580.17	7529.14
1618930152	692422819	7475.49	7550.18	7499.15
1618930152	702393687	7445.54	7520.22	7469.19
1618930152	712302299	7415.63	7490.31	7439.28
1618930152	722387578	7385.76	7460.44	7409.41
1618930152	732373322	7355.93	7430.61	7379.58
1618930152	742338085	7326.14	7400.82	7349.8
1618930152	752371416	7296.4	7371.08	7320.05
1618930152	762475774	7266.7	7341.38	7290.35
1618930152	772319670	7237.04	7311.72	7260.7
1618930152	782424848	7207.43	7282.11	7231.08
1618930152	792376027	7177.86	7252.54	7201.51
1618930152	802359066	7148.33	7223.01	7171.99
1618930152	812176799	7118.85	7193.53	7142.5
1618930152	822500999	7089.41	7164.09	7113.06
1618930152	832338654	7060.01	7134.69	7083.67
1618930152	842509873	7030.66	7105.34	7054.31
1618930152	852423908	7001.35	7076.03	7025.01
1618930152	862445694	6972.09	7046.77	6995.74
1618930152	872422735	6942.87	7017.55	6966.52
1618930152	882526189	6913.7	6988.38	6937.35
1618930152	892368740	6884.56	6959.24	6908.22
1618930152	902489300	6855.48	6930.16	6879.13
1618930152	912426789	6826.44	6901.12	6850.09
1618930152	922367173	6797.44	6872.12	6821.09
1618930152	932391763	6768.49	6843.17	6792.14
1618930152	942328679	6739.58	6814.26	6763.24
1618930152	952515389	6710.72	6785.4	6734.38
1618930152	962373162	6681.91	6756.59	6705.56
1618930152	972335651	6653.14	6727.82	6676.79
1618930152	982393883	6624.42	6699.1	6648.07
1618930152	992456194	6595.74	6670.42	6619.39
1618930153	2376721	6567.11	6641.79	6590.76
1618930153	12482326	6538.52	6613.2	6562.17
1618930153	22349172	6509.98	6584.66	6533.63
1618930153	32528594	6481.49	6556.17	6505.14
1618930153	42401680	6453.04	6527.72	6476.69
1618930153	52489107	6424.64	6499.32	6448.29
1618930153	62405062	6396.29	6470.97	6419.94
1618930153	72257883	6367.98	6442.66	6391.63
1618930153	82496654	6339.72	6414.4	6363.37
1618930153	92441501	6311.51	6386.19	6335.16
1618930153	102421212	6283.34	6358.02	6307
1618930153	112327305	6255.23	6329.91	6278.88
1618930153	122303390	6227.16	6301.84	6250.81
1618930153	132387952	6199.14	6273.82	6222.79
1618930153	142384938	6171.16	6245.84	6194.81
1618930153	152347954	6143.23	6217.91	6166.89
1618930153	162455683	6115.36	6190.04	6139.01
1618930153	172386951	6087.53	6162.21	6111.18
1618930153	182380747	6059.74	6134.42	6083.4
1618930153	192410825	6032.01	6106.69	6055.66
1618930153	202403451	6004.33	6079.01	6027.98
1618930153	212370887	5976.69	6051.37	6000.34
1618930153	222396918	5949.1	6023.78	5972.76
1618930153	232468573	5921.57	5996.25	5945.22
1618930153	242423456	5894.08	5968.76	5917.73
1618930153	252372735	5866.64	5941.32	5890.29
1618930153	262416811	5839.25	5913.93	5862.9
1618930153	272312903	5811.91	5886.59	5835.56
1618930153	282589428	5784.62	5859.3	5808.27
1618930153	292398873	5757.37	5832.05	5781.03
1618930153	302505503	5730.18	5804.86	5753.84
1618930153	312297553	5703.04	5777.72	5726.69
1618930153	322484798	5675.95	5750.63	5699.6
1618930153	332568745	5648.91	5723.59	5672.56
1618930153	342450877	5621.92	5696.6	5645.57
1618930153	352415594	5594.98	5669.66	5618.63
1618930153	362308688	5568.09	5642.77	5591.74
1618930153	372509982	5541.25	5615.93	5564.9
1618930153	382247905	5514.47	5589.15	5538.12
1618930153	392458580	5487.73	5562.41	5511.38
1618930153	402552532	5461.04	5535.72	5484.7
1618930153	412473851	5434.41	5509.09	5458.06
1618930153	422436357	5407.83	5482.51	5431.48
1618930153	432517173	5381.3	5455.98	5404.95
1618930153	442502565	5354.82	5429.5	5378.47
1618930153	452526548	5328.39	5403.07	5352.04
1618930153	462293719	5302.02	5376.7	5325.67
1618930153	472374687	5275.69	5350.37	5299.35
1618930153	482488171	5249.42	5324.1	5273.08
1618930153	492409372	5223.21	5297.89	5246.86
1618930153	502379760	5197.04	5271.72	5220.69
1618930153	512493752	5170.93	5245.61	5194.58
1618930153	522357349	5144.87	5219.55	5168.52
1618930153	532333969	5118.86	5193.54	5142.51
1618930153	542514631	5092.91	5167.59	5116.56
1618930153	552442080	5067	5141.68	5090.66
1618930153	562401297	5041.16	5115.84	5064.81
1618930153	572459247	5015.36	5090.04	5039.02
1618930153	582411790	4989.62	5064.3	5013.27
1618930153	592329794	4963.94	5038.62	4987.59
1618930153	602349242	4938.3	5012.98	4961.95
1618930153	612374973	4912.72	4987.4	4936.38
1618930153	622288180	4887.2	4961.88	4910.85
1618930153	632330118	4861.73	4936.41	4885.38
1618930153	642452441	4836.31	4910.99	4859.96
1618930153	652352285	4810.95	4885.63	4834.6
1618930153	662400891	4785.64	4860.32	4809.29
1618930153	672313083	4760.39	4835.07	4784.04
1618930153	682350312	4735.19	4809.87	4758.84
1618930153	692436778	4710.05	4784.73	4733.7
1618930153	702493702	4684.96	4759.64	4708.61
1618930153	712374231	4659.93	4734.61	4683.58
1618930153	722447299	4634.95	4709.63	4658.6
1618930153	732234709	4610.03	4684.71	4633.68
1618930153	742492247	4585.16	4659.84	4608.82
1618930153	752498547	4560.35	4635.03	4584.01
1618930153	762488666	4535.6	4610.28	4559.25
1618930153	772355999	4510.9	4585.58	4534.55
1618930153	782313368	4486.26	4560.94	4509.91
1618930153	792543931	4461.68	4536.36	4485.33
1618930153	802559068	4437.15	4511.83	4460.8
1618930153	812508922	4412.67	4487.35	4436.33
1618930153	822413840	4388.26	4462.94	4411.91
1618930153	832458114	4363.9	4438.58	4387.55
1618930153	842504894	4339.6	4414.28	4363.25
1618930153	852395257	4315.35	4390.03	4339
1618930153	862442414	4291.16	4365.85	4314.82
1618930153	872499132	4267.03	4341.71	4290.69
1618930153	882319296	4242.96	4317.64	4266.61
1618930153	892328046	4218.95	4293.63	4242.6
1618930153	902289520	4194.99	4269.67	4218.64
1618930153	912460918	4171.09	4245.77	4194.74
1618930153	922589597	4147.25	4221.93	4170.9
1618930153	932453347	4123.47	4198.15	4147.12
1618930153	942601598	4099.74	4174.42	4123.39
1618930153	952346658	4076.07	4150.75	4099.73
1618930153	962308664	4052.47	4127.15	4076.12
1618930153	972440839	4028.92	4103.6	4052.57
1618930153	982462065	4005.43	4080.11	4029.08
1618930153	992437585	3981.99	4056.67	4005.65
1618930154	2407388	3958.62	4033.3	3982.27
1618930154	12395729	3935.31	4009.99	3958.96
1618930154	22439723	3912.05	3986.73	3935.71
1618930154	32373159	3888.86	3963.54	3912.51
1618930154	42353081	3865.72	3940.4	3889.38
1618930154	52524111	3842.65	3917.33	3866.3
1618930154	62390298	3819.63	3894.31	3843.29
1618930154	72421776	3796.68	3871.36	3820.33
1618930154	82441540	3773.78	3848.46	3797.44
1618930154	92419457	3750.95	3825.63	3774.6
1618930154	102404016	3728.17	3802.85	3751.83
1618930154	112370368	3705.46	3780.14	3729.11
1618930154	122513039	3682.81	3757.49	3706.46
1618930154	132443533	3660.21	3734.89	3683.86
1618930154	142518750	3637.68	3712.36	3661.33
1618930154	152375511	3615.21	3689.89	3638.86
1618930154	162438754	3592.8	3667.48	3616.45
1618930154	172413890	3570.45	3645.13	3594.1
1618930154	182452334	3548.16	3622.84	3571.82
1618930154	192513904	3525.94	3600.62	3549.59
1618930154	202519007	3503.77	3578.45	3527.43
1618930154	212469322	3481.67	3556.35	3505.32
1618930154	222610983	3459.63	3534.31	3483.28
1618930154	232597024	3437.65	3512.33	3461.31
1618930154	242211331	3415.74	3490.42	3439.39
1618930154	252394586	3393.88	3468.56	3417.54
1618930154	262557301	3372.09	3446.77	3395.75
1618930154	272414068	3350.36	3425.04	3374.02
1618930154	282311398	3328.7	3403.38	3352.35
1618930154	292394130	3307.1	3381.78	3330.75
1618930154	302445121	3285.56	3360.24	3309.21
1618930154	312444391	3264.08	3338.76	3287.73
1618930154	322346568	3242.67	3317.35	3266.32
1618930154	332382720	3221.31	3296	3244.97
1618930154	342528223	3200.03	3274.71	3223.68
1618930154	352313546	3178.81	3253.49	3202.46
1618930154	362729027	3157.65	3232.33	3181.3
1618930154	372527371	3136.55	3211.23	3160.2
1618930154	382268477	3115.52	3190.2	3139.17
1618930154	392401212	3094.55	3169.23	3118.2
1618930154	402425377	3073.65	3148.33	3097.3
1618930154	412583730	3052.81	3127.49	3076.46
1618930154	422645330	3032.04	3106.72	3055.69
1618930154	432537863	3011.33	3086.01	3034.98
1618930154	442469777	2990.68	3065.36	3014.33
1618930154	452382588	2970.1	3044.78	2993.75
1618930154	462387661	2949.59	3024.27	2973.24
1618930154	472487582	2929.14	3003.82	2952.79
1618930154	482598985	2908.75	2983.43	2932.41
1618930154	492367846	2888.44	2963.12	2912.09
1618930154	502467835	2868.18	2942.86	2891.84
1618930154	512480933	2848	2922.68	2871.65
1618930154	522431932	2827.87	2902.55	2851.53
1618930154	532465068	2807.82	2882.5	2831.47
1618930154	542462138	2787.83	2862.51	2811.48
1618930154	552453100	2767.91	2842.59	2791.56
1618930154	562437735	2748.05	2822.73	2771.7
1618930154	572451531	2728.26	2802.94	2751.91
1618930154	582490588	2708.54	2783.22	2732.19
1618930154	592323158	2688.88	2763.56	2712.53
1618930154	602484383	2669.29	2743.97	2692.94
1618930154	612386802	2649.77	2724.45	2673.42
1618930154	622241526	2630.31	2704.99	2653.96
1618930154	632393941	2610.92	2685.6	2634.58
1618930154	642414663	2591.6	2666.28	2615.26
1618930154	652295656	2572.35	2647.03	2596
1618930154	662643167	2553.16	2627.84	2576.82
1618930154	672379383	2534.05	2608.73	2557.7
1618930154	682494219	2515	2589.68	2538.65
1618930154	692335204	2496.01	2570.69	2519.67
1618930154	702523694	2477.1	2551.78	2500.75
1618930154	712403980	2458.26	2532.94	2481.91
1618930154	722419912	2439.48	2514.16	2463.13
1618930154	732335794	2420.77	2495.45	2444.42
1618930154	742345544	2402.13	2476.81	2425.78
1618930154	752471876	2383.56	2458.24	2407.21
1618930154	762417455	2365.06	2439.74	2388.71
1618930154	772402540	2346.63	2421.31	2370.28
1618930154	782491235	2328.26	2402.94	2351.92
1618930154	792420254	2309.97	2384.65	2333.62
1618930154	802433984	2291.75	2366.43	2315.4
1618930154	812295754	2273.59	2348.27	2297.24
1618930154	822474479	2255.51	2330.19	2279.16
1618930154	832331864	2237.49	2312.17	2261.14
1618930154	842493780	2219.55	2294.23	2243.2
1618930154	852456471	2201.67	2276.35	2225.32
1618930154	862535591	2183.87	2258.55	2207.52
1618930154	872427116	2166.13	2240.81	2189.78
1618930154	882420919	2148.47	2223.15	2172.12
1618930154	892468149	2130.88	2205.56	2154.53
1618930154	902388388	2113.35	2188.03	2137.01
1618930154	912458058	2095.9	2170.58	2119.56
1618930154	922379896	2078.52	2153.2	2102.18
1618930154	932382474	2061.21	2135.89	2084.87
1618930154	942514316	2043.98	2118.66	2067.63
1618930154	952483392	2026.81	2101.49	2050.46
1618930154	962310597	2009.72	2084.4	2033.37
1618930154	972272687	1992.69	2067.37	2016.35
1618930154	982342494	1975.74	2050.42	1999.4
1618930154	992439409	1958.86	2033.54	1982.52
1618930155	2419190	1942.06	2016.74	1965.71
1618930155	12567429	1925.32	2000	1948.98
1618930155	22585030	1908.66	1983.34	1932.31
1618930155	32350636	1892.07	1966.75	1915.72
1618930155	42666136	1875.56	1950.24	1899.21
1618930155	52478347	1859.11	1933.79	1882.76
1618930155	62707810	1842.74	1917.42	1866.39
1618930155	72567244	1826.44	1901.12	1850.1
1618930155	82508119	1810.22	1884.9	1833.87
1618930155	92361734	1794.07	1868.75	1817.72
1618930155	102570905	1777.99	1852.67	1801.64
1618930155	112364303	1761.98	1836.66	1785.64
1618930155	122356351	1746.05	1820.73	1769.71
1618930155	132313046	1730.2	1804.88	1753.85
1618930155	142475300	1714.41	1789.09	1738.06
1618930155	152559466	1698.7	1773.38	1722.36
1618930155	162566598	1683.07	1757.75	1706.72
1618930155	172502329	1667.51	1742.19	1691.16
1618930155	182632208	1652.02	1726.7	1675.67
1618930155	192518299	1636.61	1711.29	1660.26
1618930155	202501734	1621.27	1695.95	1644.93
1618930155	212356083	1606.01	1680.69	1629.67
1618930155	222477590	1590.83	1665.51	1614.48
1618930155	232321795	1575.71	1650.39	1599.37
1618930155	242581884	1560.68	1635.36	1584.33
1618930155	252467892	1545.72	1620.4	1569.37
1618930155	262467130	1530.83	1605.51	1554.48
1618930155	272366738	1516.02	1590.7	1539.67
1618930155	282341625	1501.29	1575.97	1524.94
1618930155	292480884	1486.63	1561.31	1510.28
1618930155	302431174	1472.05	1546.73	1495.7
1618930155	312527622	1457.54	1532.22	1481.19
1618930155	322480394	1443.11	1517.79	1466.77
1618930155	332407332	1428.76	1503.44	1452.41
1618930155	342449303	1414.48	1489.16	1438.14
1618930155	352453056	1400.28	1474.96	1423.94
1618930155	362375761	1386.16	1460.84	1409.81
1618930155	372528503	1372.11	1446.79	1395.77
1618930155	382476179	1358.15	1432.83	1381.8
1618930155	392602352	1344.25	1418.93	1367.91
1618930155	402539303	1330.44	1405.12	1354.09
1618930155	412532748	1316.7	1391.38	1340.36
1618930155	422448124	1303.04	1377.72	1326.7
1618930155	432545615	1289.46	1364.14	1313.11
1618930155	442410943	1275.96	1350.64	1299.61
1618930155	452467857	1262.53	1337.21	1286.19
1618930155	462402774	1249.19	1323.87	1272.84
1618930155	472421090	1235.92	1310.6	1259.57
1618930155	482357181	1222.73	1297.41	1246.38
1618930155	492384667	1209.61	1284.29	1233.27
1618930155	502373674	1196.58	1271.26	1220.23
1618930155	512521713	1183.63	1258.31	1207.28
1618930155	522284262	1170.75	1245.43	1194.4
1618930155	532408345	1157.95	1232.63	1181.6
1618930155	542594907	1145.23	1219.91	1168.89
1618930155	552500692	1132.6	1207.28	1156.25
1618930155	562467369	1120.04	1194.72	1143.69
1618930155	572457365	1107.56	1182.24	1131.21
1618930155	582376372	1095.16	1169.84	1118.81
1618930155	592357919	1082.84	1157.52	1106.49
1618930155	602543220	1070.6	1145.28	1094.25
1618930155	612514279	1058.44	1133.12	1082.09
1618930155	622589130	1046.36	1121.04	1070.01
1618930155	632377943	1034.36	1109.04	1058.01
1618930155	642581273	1022.44	1097.12	1046.09
1618930155	652590847	1010.6	1085.28	1034.26
1618930155	662572532	998.847	1073.53	1022.5
1618930155	672611049	987.171	1061.85	1010.82
1618930155	682570214	975.575	1050.26	999.228
1618930155	692473920	964.061	1038.74	987.713
1618930155	702387077	952.628	1027.31	976.281
1618930155	712442086	941.277	1015.96	964.929
1618930155	722451624	930.007	1004.69	953.659
1618930155	732327816	918.818	993.498	942.471
1618930155	742461293	907.712	982.392	931.364
1618930155	752396968	896.687	971.367	920.34
1618930155	762414408	885.745	960.425	909.397
1618930155	772338804	874.884	949.565	898.537
1618930155	782411302	864.106	938.786	887.759
1618930155	792435871	853.411	928.091	877.063
1618930155	802465074	842.798	917.478	866.45
1618930155	812402830	832.268	906.948	855.92
1618930155	822469088	821.82	896.5	845.472
1618930155	832383669	811.456	886.136	835.108
1618930155	842475872	801.174	875.854	824.827
1618930155	852509036	790.976	865.656	814.629
1618930155	862465148	780.861	855.542	804.514
1618930155	872532202	770.83	845.51	794.483
1618930155	882700995	760.883	835.563	784.535
1618930155	892527922	751.019	825.699	774.671
1618930155	902550748	741.239	815.919	764.891
1618930155	912528285	731.543	806.223	755.195
1618930155	922439928	721.931	796.611	745.583
1618930155	932359401	712.403	787.083	736.056
1618930155	942595730	702.96	777.64	726.613
1618930155	952432778	693.602	768.282	717.254
1618930155	962412451	684.328	759.008	707.98
1618930155	972435377	675.139	749.819	698.791
1618930155	982435286	666.034	740.715	689.687
1618930155	992623322	657.015	731.695	680.668
1618930156	2546059	648.081	722.762	671.734
1618930156	12517868	639.233	713.913	662.885
1618930156	22558584	630.47	705.15	654.122
1618930156	32492852	621.792	696.472	645.444
1618930156	42419773	613.2	687.88	636.853
1618930156	52551669	604.694	679.374	628.347
1618930156	62554005	596.274	670.954	619.927
1618930156	72526154	587.94	662.62	611.593
1618930156	82572465	579.693	654.373	603.345
1618930156	92319646	571.531	646.212	595.184
1618930156	102429111	563.457	638.137	587.109
1618930156	112524490	555.469	630.149	579.121
1618930156	122640753	547.567	622.247	571.219
1618930156	132484654	539.753	614.433	563.405
1618930156	142479284	532.025	606.705	555.677
1618930156	152538426	524.385	599.065	548.037
1618930156	162574259	516.832	591.512	540.484
1618930156	172395458	509.366	584.046	533.019
1618930156	182396561	501.988	576.668	525.64
1618930156	192434229	494.698	569.378	518.35
1618930156	202589359	487.495	562.175	511.147
1618930156	212460013	480.38	555.061	504.033
1618930156	222599454	473.354	548.034	497.006
1618930156	232569077	466.416	541.096	490.068
1618930156	242531233	459.565	534.246	483.218
1618930156	252453334	452.804	527.484	476.456
1618930156	262591794	446.131	520.811	469.783
1618930156	272584425	439.547	514.227	463.199
1618930156	282586172	433.051	507.731	456.704
1618930156	292576695	426.645	501.325	450.297
1618930156	302503408	420.327	495.008	443.98
1618930156	312611233	414.099	488.779	437.752
1618930156	322613493	407.961	482.641	431.613
1618930156	332576404	401.911	476.592	425.564
1618930156	342488366	395.952	470.632	419.604
1618930156	352412600	390.082	464.762	413.734
1618930156	362646104	384.302	458.982	407.955
1618930156	372521561	378.612	453.292	402.265
1618930156	382415861	373.013	447.693	396.665
1618930156	392503189	367.503	442.183	391.156
1618930156	402550065	362.084	436.764	385.737
1618930156	412467280	356.756	431.436	380.408
1618930156	422515949	351.518	426.198	375.17
1618930156	432566315	346.371	421.051	370.024
1618930156	442500363	341.315	415.995	364.968
1618930156	452382668	336.35	411.03	360.003
1618930156	462593830	331.477	406.157	355.129
1618930156	472589278	326.694	401.374	350.346
1618930156	482320972	322.003	396.683	345.656
1618930156	492324154	317.404	392.084	341.056
1618930156	502331359	312.896	387.576	336.549
1618930156	512506524	308.481	383.161	332.133
1618930156	522484691	304.157	378.837	327.809
1618930156	532317456	299.925	374.605	323.578
1618930156	542468974	295.786	370.466	319.438
1618930156	552457948	291.739	366.419	315.391
1618930156	562490252	287.784	362.465	311.437
1618930156	572433143	283.923	358.603	307.575
1618930156	582524893	280.154	354.834	303.806
1618930156	592400118	276.477	351.157	300.13
1618930156	602433067	272.894	347.574	296.547
1618930156	612426031	269.404	344.084	293.057
1618930156	622557822	266.008	340.688	289.66
1618930156	632513649	262.704	337.385	286.357
1618930156	642687732	259.495	334.175	283.147
1618930156	652463594	256.379	331.059	280.031
1618930156	662519361	253.357	328.037	277.009
1618930156	672590124	250.428	325.108	274.081
1618930156	682481681	247.594	322.274	271.247
1618930156	692450401	244.854	319.534	268.507
1618930156	702439053	242.209	316.889	265.861
1618930156	712344755	239.658	314.338	263.31
1618930156	722387779	237.201	311.881	260.853
1618930156	732446126	234.839	309.519	258.492
1618930156	742440532	232.572	307.253	256.225
1618930156	752398238	230.4	305.081	254.053
1618930156	762499030	228.324	303.004	251.976
1618930156	772500528	226.342	301.022	249.994
1618930156	782350794	224.456	299.136	248.108
1618930156	792392184	222.665	297.345	246.318
1618930156	802417070	220.97	295.65	244.623
1618930156	812373599	219.371	294.051	243.024
1618930156	822464712	217.868	292.548	241.52
1618930156	832566377	216.461	291.141	240.113
1618930156	842534653	215.15	289.83	238.802
1618930156	852319968	213.935	288.615	237.587
1618930156	862414860	212.816	287.496	236.469
1618930156	872662423	211.795	286.475	235.447
1618930156	882404158	210.87	285.55	234.522
1618930156	892409401	210.041	284.721	233.694
1618930156	902569437	209.31	283.99	232.962
1618930156	912544147	208.676	283.356	232.328
1618930156	922580697	208.139	282.819	231.791
1618930156	932508153	207.699	282.379	231.351
1618930156	942353374	207.357	282.037	231.009
1618930156	952380584	207.112	281.792	230.765
1618930156	962536321	206.965	281.645	230.618
