time_sec	time_nanosec	joint_position_0	joint_position_1	joint_position_2	joint_position_3
1618930140	849952589	0	0	0
1618930140	860134609	0	0	0
1618930140	869882959	0	0	0
1618930140	879919758	0	0	0
1618930140	889891396	0	0	0
1618930140	899877904	0	0	0
1618930140	909912746	0	0	0
1618930140	919884588	0	0	0
1618930140	929886266	0	0	0
1618930140	939877737	0	0	0
1618930140	949874337	0	0	0
1618930140	959884878	0	0	0
1618930140	969874705	0	0	0
1618930140	979874433	0	0	0
1618930140	989881177	0	0	0
1618930140	999927947	0	0	0
1618930141	9915525	0	0	0
1618930141	19940353	0	0	0
1618930141	29965520	0	0	0
1618930141	39938416	0	0	0
1618930141	49950453	0	0	0
1618930141	59977937	0	0	0
1618930141	69942877	0	0	0
1618930141	79986462	0	0	0
1618930141	89933487	0	0	0
1618930141	99948385	0	0	0
1618930141	109988424	0	0	0
1618930141	119977369	0	0	0
1618930141	129983782	0	0	0
1618930141	139981272	0	0	0
1618930141	149952690	0	0	0
1618930141	159978706	0	0	0
1618930141	170003571	0	0	0
1618930141	179945523	0	0	0
1618930141	189981986	0	0	0
1618930141	199991176	0	0	0
1618930141	209996409	0	0	0
1618930141	219988607	0	0	0
1618930141	229996601	0	0	0
1618930141	239986296	0	0	0
1618930141	249989676	0	0	0
1618930141	259983740	0	0	0
1618930141	269965083	0	0	0
1618930141	279946403	0	0	0
1618930141	289961459	0	0	0
1618930141	299947327	0	0	0
1618930141	310064529	0	0	0
1618930141	319944732	0	0	0
1618930141	329941025	0	0	0
1618930141	339988694	0	0	0
1618930141	349995522	0	0	0
1618930141	359987455	0	0	0
1618930141	369951047	0	0	0
1618930141	379951604	0	0	0
1618930141	389982229	0	0	0
1618930141	399992701	0	0	0
1618930141	409981594	0	0	0
1618930141	419947377	0	0	0
1618930141	429962281	0	0	0
1618930141	439967871	0	0	0
1618930141	449945686	0	0	0
1618930141	459963365	0	0	0
1618930141	469983885	0	0	0
1618930141	479984312	0	0	0
1618930141	489948361	0	0	0
1618930141	499941091	0	0	0
1618930141	509950188	0	0	0
1618930141	519915508	0	0	0
1618930141	530116479	0	0	0
1618930141	539965924	0	0	0
1618930141	549996280	0	0	0
1618930141	559988593	0	0	0
1618930141	569942610	0	0	0
1618930141	579942919	0	0	0
1618930141	589992260	0	0	0
1618930141	599996978	0	0	0
1618930141	609979372	0	0	0
1618930141	619958581	0	0	0
1618930141	629986501	0	0	0
1618930141	639992669	0	0	0
1618930141	650000349	0	0	0
1618930141	659989218	0	0	0
1618930141	669986864	0	0	0
1618930141	680003467	0	0	0
1618930141	689987344	0	0	0
1618930141	699989641	0	0	0
1618930141	709997359	0	0	0
1618930141	719968920	0	0	0
1618930141	729951606	0	0	0
1618930141	739945556	0	0	0
1618930141	749943660	0	0	0
1618930141	760000170	0	0	0
1618930141	769969255	0	0	0
1618930141	779989371	0	0	0
1618930141	789992145	0	0	0
1618930141	799993852	0	0	0
1618930141	809956948	0	0	0
1618930141	819988521	0	0	0
1618930141	829995884	0	0	0
1618930141	839947727	0	0	0
1618930141	849990079	0	0	0
1618930141	859958334	0	0	0
1618930141	869970194	0	0	0
1618930141	879991533	0	0	0
1618930141	889959401	0	0	0
1618930141	899992570	0	0	0
1618930141	909962025	0	0	0
1618930141	919955742	0	0	0
1618930141	930004380	0	0	0
1618930141	940001327	0	0	0
1618930141	949996970	0	0	0
1618930141	960010306	0	0	0
1618930141	969994690	0	0	0
1618930141	979957318	0	0	0
1618930141	989940296	0	0	0
1618930141	999981811	0	0	0
1618930142	9958133	0	0	0
1618930142	19964796	0	0	0
1618930142	29948014	0	0	0
1618930142	39957425	0	0	0
1618930142	50064193	0	0	0
1618930142	60029316	0	0	0
1618930142	70012755	0	0	0
1618930142	79970387	0	0	0
1618930142	89974019	0	0	0
1618930142	99986048	0	0	0
1618930142	109959020	0	0	0
1618930142	119935540	0	0	0
1618930142	129956691	0	0	0
1618930142	139960911	0	0	0
1618930142	149983706	0	0	0
1618930142	160011680	0	0	0
1618930142	169967480	0	0	0
1618930142	180014874	0	0	0
1618930142	189960410	0	0	0
1618930142	200062350	0	0	0
1618930142	210042343	0	0	0
1618930142	220019322	0	0	0
1618930142	229969476	0	0	0
1618930142	239968976	0	0	0
1618930142	249994304	0	0	0
1618930142	259971052	0	0	0
1618930142	269974863	0	0	0
1618930142	280050485	0	0	0
1618930142	290010168	0	0	0
1618930142	299968990	0	0	0
1618930142	309971327	0	0	0
1618930142	319962675	0	0	0
1618930142	329960207	0	0	0
1618930142	339959339	0	0	0
1618930142	349966916	0	0	0
1618930142	359985890	0	0	0
1618930142	370004755	0	0	0
1618930142	380015736	0	0	0
1618930142	390022228	0	0	0
1618930142	400019521	0	0	0
1618930142	410051273	0	0	0
1618930142	420004853	0	0	0
1618930142	430049273	0	0	0
1618930142	439966746	0	0	0
1618930142	450016586	0	0	0
1618930142	459967830	0	0	0
1618930142	470011969	0	0	0
1618930142	480006261	0	0	0
1618930142	490001373	0	0	0
1618930142	499968377	0	0	0
1618930142	509961985	0	0	0
1618930142	520003810	0	0	0
1618930142	529973452	0	0	0
1618930142	540008412	0	0	0
1618930142	549985267	0	0	0
1618930142	559969961	0	0	0
1618930142	569983682	0	0	0
1618930142	580026447	0	0	0
1618930142	589992003	0	0	0
1618930142	599992467	0	0	0
1618930142	610012717	0	0	0
1618930142	619968238	0	0	0
1618930142	630006334	0	0	0
1618930142	640037363	0	0	0
1618930142	650016054	0	0	0
1618930142	660014971	0	0	0
1618930142	670032776	0	0	0
1618930142	679975322	0	0	0
1618930142	689979535	0	0	0
1618930142	699978651	0	0	0
1618930142	710038898	0	0	0
1618930142	720053137	0	0	0
1618930142	729987161	0	0	0
1618930142	739979067	0	0	0
1618930142	749980643	0	0	0
1618930142	759992752	0	0	0
1618930142	770052233	0	0	0
1618930142	780053323	0	0	0
1618930142	790049690	0	0	0
1618930142	800023108	0	0	0
1618930142	810022480	0	0	0
1618930142	820044803	0	0	0
1618930142	830022128	0	0	0
1618930142	840006135	0	0	0
1618930142	850013360	0	0	0
1618930142	860018203	0	0	0
1618930142	870026281	0	0	0
1618930142	880039156	0	0	0
1618930142	889972258	0	0	0
1618930142	899969028	0	0	0
1618930142	910021061	0	0	0
1618930142	920048952	0	0	0
1618930142	930035610	0	0	0
1618930142	940020485	0	0	0
1618930142	950009845	0	0	0
1618930142	960069039	0	0	0
1618930142	970037484	0	0	0
1618930142	980059652	0	0	0
1618930142	990029449	0	0	0
1618930143	34027	0	0	0
1618930143	10034686	0	0	0
1618930143	20028063	0	0	0
1618930143	29985554	0	0	0
1618930143	40024645	0	0	0
1618930143	50056418	0	0	0
1618930143	59990744	0	0	0
1618930143	69979474	0	0	0
1618930143	79984162	0	0	0
1618930143	90033250	0	0	0
1618930143	100059855	0	0	0
1618930143	110034800	0	0	0
1618930143	119977710	0	0	0
1618930143	130058469	0	0	0
1618930143	140016535	0	0	0
1618930143	149987070	0	0	0
1618930143	159965686	0	0	0
1618930143	170021973	0	0	0
1618930143	180055116	0	0	0
1618930143	190029403	0	0	0
1618930143	200015464	0	0	0
1618930143	209962843	0	0	0
1618930143	220019534	0	0	0
1618930143	230030022	0	0	0
1618930143	239987559	0	0	0
1618930143	250025548	0	0	0
1618930143	260049150	0	0	0
1618930143	270063799	0	0	0
1618930143	280062801	0	0	0
1618930143	290071519	0	0	0
1618930143	300010340	0	0	0
1618930143	310033085	0	0	0
1618930143	320045325	0	0	0
1618930143	329981010	0	0	0
1618930143	339988562	0	0	0
1618930143	350044292	0	0	0
1618930143	360044115	0	0	0
1618930143	370022561	0	0	0
1618930143	380008891	0	0	0
1618930143	390053854	0	0	0
1618930143	400048486	0	0	0
1618930143	410030415	0	0	0
1618930143	420039867	0	0	0
1618930143	430038154	0	0	0
1618930143	440030045	0	0	0
1618930143	449989463	0	0	0
1618930143	459980780	0	0	0
1618930143	470014093	0	0	0
1618930143	480066512	0	0	0
1618930143	490061749	0	0	0
1618930143	500053693	0	0	0
1618930143	510059620	0	0	0
1618930143	520030224	0	0	0
1618930143	530038015	0	0	0
1618930143	540046924	0	0	0
1618930143	550050592	0	0	0
1618930143	560033050	0	0	0
1618930143	569985178	0	0	0
1618930143	580016280	0	0	0
1618930143	589991647	0	0	0
1618930143	599989415	0	0	0
1618930143	610053384	0	0	0
1618930143	620050965	0	0	0
1618930143	630051128	0	0	0
1618930143	639994763	0	0	0
1618930143	650049345	0	0	0
1618930143	659997307	0	0	0
1618930143	670036869	0	0	0
1618930143	680050157	0	0	0
1618930143	690076873	0	0	0
1618930143	699990952	0	0	0
1618930143	709990720	0	0	0
1618930143	720066910	0	0	0
1618930143	730004083	0	0	0
1618930143	740013485	0	0	0
1618930143	750017263	0	0	0
1618930143	760020694	0	0	0
1618930143	769984990	0	0	0
1618930143	780013737	0	0	0
1618930143	789998755	0	0	0
1618930143	800001442	0	0	0
1618930143	810042647	0	0	0
1618930143	820030742	0	0	0
1618930143	830070287	0	0	0
1618930143	840049390	0	0	0
1618930143	850037912	0	0	0
1618930143	860041217	0	0	0
1618930143	870007631	0	0	0
1618930143	880092523	0	0	0
1618930143	890082681	0	0	0
1618930143	900048815	0	0	0
1618930143	910000233	0	0	0
1618930143	919987456	0	0	0
1618930143	930029500	0	0	0
1618930143	940057541	0	0	0
1618930143	950001556	0	0	0
1618930143	960040274	0	0	0
1618930143	970053643	0	0	0
1618930143	979997787	0	0	0
1618930143	990021318	0	0	0
1618930144	36926	0	0	0
1618930144	10033598	0	0	0
1618930144	20016329	0	0	0
1618930144	29987044	0	0	0
1618930144	39990792	0	0	0
1618930144	50000614	0	0	0
1618930144	60071629	0	0	0
1618930144	70068199	0	0	0
1618930144	80036546	0	0	0
1618930144	90000562	0	0	0
1618930144	99997785	0	0	0
1618930144	110040269	0	0	0
1618930144	120032775	0	0	0
1618930144	130047058	0	0	0
1618930144	140072874	0	0	0
1618930144	150083134	0	0	0
1618930144	160050067	0	0	0
1618930144	170021180	0	0	0
1618930144	179995398	0	0	0
1618930144	189988343	0	0	0
1618930144	200060677	0	0	0
1618930144	210022370	0	0	0
1618930144	219986633	0	0	0
1618930144	229997426	0	0	0
1618930144	239991071	0	0	0
1618930144	250023550	0	0	0
1618930144	260048892	0	0	0
1618930144	270073605	0	0	0
1618930144	280064309	0	0	0
1618930144	290079279	0	0	0
1618930144	300051818	0	0	0
1618930144	310037666	0	0	0
1618930144	320081911	0	0	0
1618930144	330076827	0	0	0
1618930144	340046008	0	0	0
1618930144	350079694	0	0	0
1618930144	360082224	0	0	0
1618930144	370040096	0	0	0
1618930144	379998091	0	0	0
1618930144	390076183	0	0	0
1618930144	400073979	0	0	0
1618930144	410060114	0	0	0
1618930144	420046469	0	0	0
1618930144	429996149	0	0	0
1618930144	439975381	0	0	0
1618930144	450001477	0	0	0
1618930144	460015280	0	0	0
1618930144	470015230	0	0	0
1618930144	480086845	0	0	0
1618930144	490078003	0	0	0
1618930144	500043898	0	0	0
1618930144	510044541	0	0	0
1618930144	520035525	0	0	0
1618930144	530024028	0	0	0
1618930144	540040913	0	0	0
1618930144	550043575	0	0	0
1618930144	560013911	0	0	0
1618930144	570007671	0	0	0
1618930144	580010631	0	0	0
1618930144	590001890	0	0	0
1618930144	600005128	0	0	0
1618930144	610082658	0	0	0
1618930144	620032082	0	0	0
1618930144	630039820	0	0	0
1618930144	640084886	0	0	0
1618930144	650044772	0	0	0
1618930144	660066104	0	0	0
1618930144	670070783	0	0	0
1618930144	680081259	0	0	0
1618930144	690076684	0	0	0
1618930144	700088394	0	0	0
1618930144	710060366	0	0	0
1618930144	720001127	0	0	0
1618930144	730066656	0	0	0
1618930144	740052166	0	0	0
1618930144	749998136	0	0	0
1618930144	760002249	0	0	0
1618930144	770088166	0	0	0
1618930144	780073509	0	0	0
1618930144	790051848	0	0	0
1618930144	800082529	0	0	0
1618930144	810072544	0	0	0
1618930144	820053026	0	0	0
1618930144	830054194	0	0	0
1618930144	840048929	0	0	0
1618930144	850046646	0	0	0
1618930144	860013986	0	0	0
1618930144	870027521	0	0	0
1618930144	880005277	0	0	0
1618930144	890064598	0	0	0
1618930144	900071966	0	0	0
1618930144	910070364	0	0	0
1618930144	920097095	0	0	0
1618930144	930083679	0	0	0
1618930144	940071722	0	0	0
1618930144	950069161	0	0	0
1618930144	960000196	0	0	0
1618930144	970047504	0	0	0
1618930144	980068024	0	0	0
1618930144	990053221	0	0	0
1618930145	49807	0	0	0
1618930145	10053417	0	0	0
1618930145	20027372	0	0	0
1618930145	30056581	0	0	0
1618930145	40033050	0	0	0
1618930145	50032068	0	0	0
1618930145	60099194	0	0	0
1618930145	70088268	0	0	0
1618930145	80032727	0	0	0
1618930145	90053628	0	0	0
1618930145	100011764	0	0	0
1618930145	110041185	0	0	0
1618930145	120089486	0	0	0
1618930145	130096721	0	0	0
1618930145	140069534	0	0	0
1618930145	150088619	0	0	0
1618930145	160080198	0	0	0
1618930145	170095764	0	0	0
1618930145	180051860	0	0	0
1618930145	190010318	0	0	0
1618930145	200041976	0	0	0
1618930145	210005828	0	0	0
1618930145	220075445	0	0	0
1618930145	230054963	0	0	0
1618930145	240072020	0	0	0
1618930145	250100459	0	0	0
1618930145	260050069	0	0	0
1618930145	270023729	0	0	0
1618930145	280053297	0	0	0
1618930145	290071550	0	0	0
1618930145	300087930	0	0	0
1618930145	310020321	0	0	0
1618930145	320015432	0	0	0
1618930145	330042930	0	0	0
1618930145	340008780	0	0	0
1618930145	350076668	0	0	0
1618930145	360007285	0	0	0
1618930145	370057735	0	0	0
1618930145	380012835	0	0	0
1618930145	390079169	0	0	0
1618930145	400042056	0	0	0
1618930145	410055957	0	0	0
1618930145	420080779	0	0	0
1618930145	430087315	0	0	0
1618930145	440082213	0	0	0
1618930145	450093325	0	0	0
1618930145	460007470	0	0	0
1618930145	470099592	0	0	0
1618930145	480049604	0	0	0
1618930145	490037183	0	0	0
1618930145	500069602	0	0	0
1618930145	510025174	0	0	0
1618930145	520011261	0	0	0
1618930145	530013533	0	0	0
1618930145	540094740	0	0	0
1618930145	550087961	0	0	0
1618930145	560077172	0	0	0
1618930145	570058967	0	0	0
1618930145	580085056	0	0	0
1618930145	590022954	0	0	0
1618930145	600081885	0	0	0
1618930145	610094837	0	0	0
1618930145	620060188	0	0	0
1618930145	630022594	0	0	0
1618930145	640029460	0	0	0
1618930145	650062995	0	0	0
1618930145	660021255	0	0	0
1618930145	670085495	0	0	0
1618930145	680046931	0	0	0
1618930145	690023416	0	0	0
1618930145	700041690	0	0	0
1618930145	710015729	0	0	0
1618930145	720115397	0	0	0
1618930145	730088208	0	0	0
1618930145	740089164	0	0	0
1618930145	750048840	0	0	0
1618930145	760023250	0	0	0
1618930145	770034385	0	0	0
1618930145	780041674	0	0	0
1618930145	790029844	0	0	0
1618930145	800028073	0	0	0
1618930145	810024576	0	0	0
1618930145	820011223	0	0	0
1618930145	830061182	0	0	0
1618930145	840048080	0	0	0
1618930145	850024552	0	0	0
1618930145	860087805	0	0	0
1618930145	870085700	0	0	0
1618930145	880090611	0	0	0
1618930145	890118511	0	0	0
1618930145	900091730	0	0	0
1618930145	910097241	0	0	0
1618930145	920096620	0	0	0
1618930145	930061334	0	0	0
1618930145	940028239	0	0	0
1618930145	950089572	0	0	0
1618930145	960065712	0	0	0
1618930145	970107523	0	0	0
1618930145	980070284	0	0	0
1618930145	990023070	0	0	0
1618930146	89901	0	0	0
1618930146	10085209	0	0	0
1618930146	20107411	0	0	0
1618930146	30087980	0	0	0
1618930146	40095888	0	0	0
1618930146	50093409	0	0	0
1618930146	60019533	0	0	0
1618930146	70078909	0	0	0
1618930146	80017042	0	0	0
1618930146	90066051	0	0	0
1618930146	100089875	0	0	0
1618930146	110048011	0	0	0
1618930146	120077748	0	0	0
1618930146	130091921	0	0	0
1618930146	140056626	0	0	0
1618930146	150098434	0	0	0
1618930146	160070558	0	0	0
1618930146	170058123	0	0	0
1618930146	180049008	0	0	0
1618930146	190091197	0	0	0
1618930146	200090147	0	0	0
1618930146	210085259	0	0	0
1618930146	220103478	0	0	0
1618930146	230021579	0	0	0
1618930146	240041042	0	0	0
1618930146	250072001	0	0	0
1618930146	260072017	0	0	0
1618930146	270056708	0	0	0
1618930146	280083277	0	0	0
1618930146	290074209	0	0	0
1618930146	300072181	0	0	0
1618930146	310083795	0	0	0
1618930146	320086233	0	0	0
1618930146	330083198	0	0	0
1618930146	340065145	0	0	0
1618930146	350070992	0	0	0
1618930146	360102141	0	0	0
1618930146	370066850	0	0	0
1618930146	380069504	0	0	0
1618930146	390074410	0	0	0
1618930146	400108804	0	0	0
1618930146	410091646	0	0	0
1618930146	420096107	0	0	0
1618930146	430138806	0	0	0
1618930146	440100870	0	0	0
1618930146	450092445	0	0	0
1618930146	460028711	0	0	0
1618930146	470077528	0	0	0
1618930146	480031254	0	0	0
1618930146	490035194	0	0	0
1618930146	500033023	0	0	0
1618930146	510114508	0	0	0
1618930146	520121131	0	0	0
1618930146	530085768	0	0	0
1618930146	540029113	0	0	0
1618930146	550075978	0	0	0
1618930146	560078038	0	0	0
1618930146	570107655	0	0	0
1618930146	580055051	0	0	0
1618930146	590056791	0	0	0
1618930146	600087019	0	0	0
1618930146	610108320	0	0	0
1618930146	620111844	0	0	0
1618930146	630109814	0	0	0
1618930146	640114647	0	0	0
1618930146	650084930	0	0	0
1618930146	660088219	0	0	0
1618930146	670106780	0	0	0
1618930146	680128047	0	0	0
1618930146	690076277	0	0	0
1618930146	700081966	0	0	0
1618930146	710079489	0	0	0
1618930146	720090050	0	0	0
1618930146	730056345	0	0	0
1618930146	740100675	0	0	0
1618930146	750116296	0	0	0
1618930146	760049335	0	0	0
1618930146	770049249	0	0	0
1618930146	780043729	0	0	0
1618930146	790040960	0	0	0
1618930146	800078665	0	0	0
1618930146	810127105	0	0	0
1618930146	820086550	0	0	0
1618930146	830063770	0	0	0
1618930146	840032107	0	0	0
1618930146	850079628	0	0	0
1618930146	860117692	0	0	0
1618930146	870063356	0	0	0
1618930146	880121571	0	0	0
1618930146	890125584	0	0	0
1618930146	900032790	0	0	0
1618930146	910031034	0	0	0
1618930146	920116726	0	0	0
1618930146	930132240	0	0	0
1618930146	940080631	0	0	0
1618930146	950076147	0	0	0
1618930146	960045831	0	0	0
1618930146	970061197	0	0	0
1618930146	980045117	0	0	0
1618930146	990043909	0	0	0
1618930147	36757	0	0	0
1618930147	10044387	0	0	0
1618930147	20042622	0	0	0
1618930147	30074961	0	0	0
1618930147	40082093	0	0	0
1618930147	50040475	0	0	0
1618930147	60046611	0	0	0
1618930147	70046831	0	0	0
1618930147	80040238	0	0	0
1618930147	90111553	0	0	0
1618930147	100089168	0	0	0
1618930147	110092097	0	0	0
1618930147	120078147	0	0	0
1618930147	130038908	0	0	0
1618930147	140100674	0	0	0
1618930147	150065886	0	0	0
1618930147	160109706	0	0	0
1618930147	170115202	0	0	0
1618930147	180089014	0	0	0
1618930147	190063175	0	0	0
1618930147	200071561	0	0	0
1618930147	210110839	0	0	0
1618930147	220112080	0	0	0
1618930147	230109490	0	0	0
1618930147	240085582	0	0	0
1618930147	250104685	0	0	0
1618930147	260090055	0	0	0
1618930147	270116049	0	0	0
1618930147	280088343	0	0	0
1618930147	290100367	0	0	0
1618930147	300047373	0	0	0
1618930147	310095399	0	0	0
1618930147	320089904	0	0	0
1618930147	330107922	0	0	0
1618930147	340129024	0	0	0
1618930147	350108582	0	0	0
1618930147	360088995	0	0	0
1618930147	370055170	0	0	0
1618930147	380044989	0	0	0
1618930147	390104754	0	0	0
1618930147	400107113	0	0	0
1618930147	410113753	0	0	0
1618930147	420125294	0	0	0
1618930147	430118637	0	0	0
1618930147	440081640	0	0	0
1618930147	450084338	0	0	0
1618930147	460051533	0	0	0
1618930147	470125817	0	0	0
1618930147	480074155	0	0	0
1618930147	490111278	0	0	0
1618930147	500054687	0	0	0
1618930147	510097021	0	0	0
1618930147	520052743	0	0	0
1618930147	530118269	0	0	0
1618930147	540112091	0	0	0
1618930147	550094672	0	0	0
1618930147	560058746	0	0	0
1618930147	570057901	0	0	0
1618930147	580094325	0	0	0
1618930147	590073026	0	0	0
1618930147	600120030	0	0	0
1618930147	610115055	0	0	0
1618930147	620061518	0	0	0
1618930147	630056543	0	0	0
1618930147	640055019	0	0	0
1618930147	650120440	0	0	0
1618930147	660129967	0	0	0
1618930147	670146802	0	0	0
1618930147	680101277	0	0	0
1618930147	690128185	0	0	0
1618930147	700057984	0	0	0
1618930147	710049718	0	0	0
1618930147	720053909	0	0	0
1618930147	730060421	0	0	0
1618930147	740092713	0	0	0
1618930147	750075176	0	0	0
1618930147	760097421	0	0	0
1618930147	770058316	0	0	0
1618930147	780113045	0	0	0
1618930147	790115363	0	0	0
1618930147	800139705	0	0	0
1618930147	810069006	0	0	0
1618930147	820068116	0	0	0
1618930147	830061191	0	0	0
1618930147	840056627	0	0	0
1618930147	850101949	0	0	0
1618930147	860105774	0	0	0
1618930147	870116030	0	0	0
1618930147	880083066	0	0	0
1618930147	890095689	0	0	0
1618930147	900140796	0	0	0
1618930147	910080995	0	0	0
1618930147	920105541	0	0	0
1618930147	930111803	0	0	0
1618930147	940059411	0	0	0
1618930147	950052742	0	0	0
1618930147	960049694	0	0	0
1618930147	970114198	0	0	0
1618930147	980058424	0	0	0
1618930147	990061461	0	0	0
1618930148	96025	0	0	0
1618930148	10121560	0	0	0
1618930148	20137123	0	0	0
1618930148	30107170	0	0	0
1618930148	40066490	0	0	0
1618930148	50061290	0	0	0
1618930148	60150628	0	0	0
1618930148	70133160	0	0	0
1618930148	80101340	0	0	0
1618930148	90123625	0	0	0
1618930148	100111796	0	0	0
1618930148	110118530	0	0	0
1618930148	120101571	0	0	0
1618930148	130054517	0	0	0
1618930148	140063614	0	0	0
1618930148	150066008	0	0	0
1618930148	160129213	0	0	0
1618930148	170121566	0	0	0
1618930148	180101782	0	0	0
1618930148	190108453	0	0	0
1618930148	200120860	0	0	0
1618930148	210141745	0	0	0
1618930148	220063594	0	0	0
1618930148	230129083	0	0	0
1618930148	240125592	0	0	0
1618930148	250136439	0	0	0
1618930148	260093830	0	0	0
1618930148	270066904	0	0	0
1618930148	280053465	0	0	0
1618930148	290084029	0	0	0
1618930148	300057537	0	0	0
1618930148	310057518	0	0	0
1618930148	320060904	0	0	0
1618930148	330128918	0	0	0
1618930148	340073516	0	0	0
1618930148	350118065	0	0	0
1618930148	360058025	0	0	0
1618930148	370093838	0	0	0
1618930148	380098878	0	0	0
1618930148	390102667	0	0	0
1618930148	400108554	0	0	0
1618930148	410100924	0	0	0
1618930148	420122689	0	0	0
1618930148	430159043	0	0	0
1618930148	440059495	0	0	0
1618930148	450058231	0	0	0
1618930148	460109393	0	0	0
1618930148	470138081	0	0	0
1618930148	480126408	0	0	0
1618930148	490121268	0	0	0
1618930148	500127777	0	0	0
1618930148	510120765	0	0	0
1618930148	520058736	0	0	0
1618930148	530128087	0	0	0
1618930148	540112156	0	0	0
1618930148	550132061	0	0	0
1618930148	560132559	0	0	0
1618930148	570103599	0	0	0
1618930148	580110991	0	0	0
1618930148	590121997	0	0	0
1618930148	600077137	0	0	0
1618930148	610129887	0	0	0
1618930148	620107430	0	0	0
1618930148	630106572	0	0	0
1618930148	640114271	0	0	0
1618930148	650069763	0	0	0
1618930148	660071359	0	0	0
1618930148	670070343	0	0	0
1618930148	680072225	0	0	0
1618930148	690064945	0	0	0
1618930148	700107013	0	0	0
1618930148	710064199	0	0	0
1618930148	720069832	0	0	0
1618930148	730063532	0	0	0
1618930148	740073220	0	0	0
1618930148	750139455	0	0	0
1618930148	760150698	0	0	0
1618930148	770119608	0	0	0
1618930148	780064616	0	0	0
1618930148	790077063	0	0	0
1618930148	800062740	0	0	0
1618930148	810133668	0	0	0
1618930148	820098710	0	0	0
1618930148	830072723	0	0	0
1618930148	840107567	0	0	0
1618930148	850076435	0	0	0
1618930148	860161038	0	0	0
1618930148	870178415	0	0	0
1618930148	880161741	0	0	0
1618930148	890062071	0	0	0
1618930148	900147711	0	0	0
1618930148	910072001	0	0	0
1618930148	920148940	0	0	0
1618930148	930123029	0	0	0
1618930148	940117018	0	0	0
1618930148	950072651	0	0	0
1618930148	960080133	0	0	0
1618930148	970104348	0	0	0
1618930148	980130091	0	0	0
1618930148	990082820	0	0	0
1618930149	134118	0	0	0
1618930149	10073547	0	0	0
1618930149	20095526	0	0	0
1618930149	30113269	0	0	0
1618930149	40163851	0	0	0
1618930149	50132332	0	0	0
1618930149	60075129	0	0	0
1618930149	70094564	0	0	0
1618930149	80083344	0	0	0
1618930149	90070219	0	0	0
1618930149	100116133	0	0	0
1618930149	110156958	0	0	0
1618930149	120141397	0	0	0
1618930149	130137287	0	0	0
1618930149	140129628	0	0	0
1618930149	150135682	0	0	0
1618930149	160136824	0	0	0
1618930149	170134403	0	0	0
1618930149	180147167	0	0	0
1618930149	190079664	0	0	0
1618930149	200141206	0	0	0
1618930149	210153845	0	0	0
1618930149	220131906	0	0	0
1618930149	230145965	0	0	0
1618930149	240160102	0	0	0
1618930149	250109760	0	0	0
1618930149	260079929	0	0	0
1618930149	270083023	0	0	0
1618930149	280114831	0	0	0
1618930149	290069067	0	0	0
1618930149	300156274	0	0	0
1618930149	310113978	0	0	0
1618930149	320145461	0	0	0
1618930149	330131659	0	0	0
1618930149	340134986	0	0	0
1618930149	350083966	0	0	0
1618930149	360070479	0	0	0
1618930149	370111945	0	0	0
1618930149	380085948	0	0	0
1618930149	390141245	0	0	0
1618930149	400165756	0	0	0
1618930149	410157610	0	0	0
1618930149	420119986	0	0	0
1618930149	430153749	0	0	0
1618930149	440193503	0	0	0
1618930149	450140752	0	0	0
1618930149	460072200	0	0	0
1618930149	470139790	0	0	0
1618930149	480142101	0	0	0
1618930149	490073706	0	0	0
1618930149	500115151	0	0	0
1618930149	510121780	0	0	0
1618930149	520137156	0	0	0
1618930149	530121735	0	0	0
1618930149	540104458	0	0	0
1618930149	550094084	0	0	0
1618930149	560071868	0	0	0
1618930149	570171200	0	0	0
1618930149	580140038	0	0	0
1618930149	590150042	0	0	0
1618930149	600082611	0	0	0
1618930149	610130495	0	0	0
1618930149	620087770	0	0	0
1618930149	630161959	0	0	0
1618930149	640167475	0	0	0
1618930149	650153984	0	0	0
1618930149	660147636	0	0	0
1618930149	670123355	0	0	0
1618930149	680100206	0	0	0
1618930149	690079755	0	0	0
1618930149	700107074	0	0	0
1618930149	710077757	0	0	0
1618930149	720130844	0	0	0
1618930149	730176395	0	0	0
1618930149	740174843	0	0	0
1618930149	750094118	0	0	0
1618930149	760072100	0	0	0
1618930149	770085980	0	0	0
1618930149	780151731	0	0	0
1618930149	790143247	0	0	0
1618930149	800145786	0	0	0
1618930149	810127325	0	0	0
1618930149	820155922	0	0	0
1618930149	830146573	0	0	0
1618930149	840163594	0	0	0
1618930149	850119984	0	0	0
1618930149	860092131	0	0	0
1618930149	870158429	0	0	0
1618930149	880159669	0	0	0
1618930149	890151377	0	0	0
1618930149	900088818	0	0	0
1618930149	910089901	0	0	0
1618930149	920079257	0	0	0
1618930149	930102678	0	0	0
1618930149	940152434	0	0	0
1618930149	950180835	0	0	0
1618930149	960165694	0	0	0
1618930149	970165346	0	0	0
1618930149	980156014	0	0	0
1618930149	990099207	0	0	0
1618930150	129656	0	0	0
1618930150	10091074	0	0	0
1618930150	20108089	0	0	0
1618930150	30186414	0	0	0
1618930150	40087528	0	0	0
1618930150	50107002	0	0	0
1618930150	60121346	0	0	0
1618930150	70176977	0	0	0
1618930150	80105625	0	0	0
1618930150	90082615	0	0	0
1618930150	100099674	0	0	0
1618930150	110132173	0	0	0
1618930150	120079292	0	0	0
1618930150	130106369	0	0	0
1618930150	140122416	0	0	0
1618930150	150086524	0	0	0
1618930150	160100151	0	0	0
1618930150	170101204	0	0	0
1618930150	180091334	0	0	0
1618930150	190095455	0	0	0
1618930150	200094764	0	0	0
1618930150	210118806	0	0	0
1618930150	220084230	0	0	0
1618930150	230135800	0	0	0
1618930150	240103909	0	0	0
1618930150	250136549	0	0	0
1618930150	260094426	0	0	0
1618930150	270084747	0	0	0
1618930150	280089084	0	0	0
1618930150	290105469	0	0	0
1618930150	300095933	0	0	0
1618930150	310097104	0	0	0
1618930150	320091854	0	0	0
1618930150	330128541	0	0	0
1618930150	340086656	0	0	0
1618930150	350092887	0	0	0
1618930150	360156527	0	0	0
1618930150	370109804	0	0	0
1618930150	380153982	0	0	0
1618930150	390165299	0	0	0
1618930150	400136678	0	0	0
1618930150	410099004	0	0	0
1618930150	420139247	0	0	0
1618930150	430105497	0	0	0
1618930150	440116548	0	0	0
1618930150	450167393	0	0	0
1618930150	460103171	0	0	0
1618930150	470184952	0	0	0
1618930150	480160875	0	0	0
1618930150	490147896	0	0	0
1618930150	500113574	0	0	0
1618930150	510157811	0	0	0
1618930150	520138417	0	0	0
1618930150	530163663	0	0	0
1618930150	540157683	0	0	0
1618930150	550150132	0	0	0
1618930150	560112549	0	0	0
1618930150	570114715	0	0	0
1618930150	580099504	0	0	0
1618930150	590176026	0	0	0
1618930150	600162462	0	0	0
1618930150	610154430	0	0	0
1618930150	620113543	0	0	0
1618930150	630144685	0	0	0
1618930150	640120269	0	0	0
1618930150	650174931	0	0	0
1618930150	660167841	0	0	0
1618930150	670144463	0	0	0
1618930150	680140157	0	0	0
1618930150	690163842	0	0	0
1618930150	700160973	0	0	0
1618930150	710183161	0	0	0
1618930150	720150643	0	0	0
1618930150	730162093	0	0	0
1618930150	740105566	0	0	0
1618930150	750103124	0	0	0
1618930150	760152428	0	0	0
1618930150	770135121	0	0	0
1618930150	780091828	0	0	0
1618930150	790098798	0	0	0
1618930150	800165439	0	0	0
1618930150	810183328	0	0	0
1618930150	820175642	0	0	0
1618930150	830181341	0	0	0
1618930150	840164887	0	0	0
1618930150	850162172	0	0	0
1618930150	860106807	0	0	0
1618930150	870110407	0	0	0
1618930150	880111650	0	0	0
1618930150	890106956	0	0	0
1618930150	900091824	0	0	0
1618930150	910149657	0	0	0
1618930150	920105211	0	0	0
1618930150	930104323	0	0	0
1618930150	940124075	0	0	0
1618930150	950144927	0	0	0
1618930150	960113480	0	0	0
1618930150	970106697	0	0	0
1618930150	980156012	0	0	0
1618930150	990148738	0	0	0
1618930151	146511	0	0	0
1618930151	10126477	0	0	0
1618930151	20176772	0	0	0
1618930151	30112001	0	0	0
1618930151	40164722	0	0	0
1618930151	50173255	0	0	0
1618930151	60196660	0	0	0
1618930151	70146754	0	0	0
1618930151	80143624	0	0	0
1618930151	90110140	0	0	0
1618930151	100107844	0	0	0
1618930151	110146733	0	0	0
1618930151	120137791	0	0	0
1618930151	130147438	0	0	0
1618930151	140108021	0	0	0
1618930151	150108733	0	0	0
1618930151	160134177	0	0	0
1618930151	170101937	0	0	0
1618930151	180114745	0	0	0
1618930151	190100036	0	0	0
1618930151	200115554	0	0	0
1618930151	210160131	0	0	0
1618930151	220142369	0	0	0
1618930151	230176783	0	0	0
1618930151	240103056	0	0	0
1618930151	250168691	0	0	0
1618930151	260142742	0	0	0
1618930151	270152322	0	0	0
1618930151	280182601	0	0	0
1618930151	290176592	0	0	0
1618930151	300178490	0	0	0
1618930151	310172804	0	0	0
1618930151	320100071	0	0	0
1618930151	330185758	0	0	0
1618930151	340148195	0	0	0
1618930151	350113306	0	0	0
1618930151	360218876	0	0	0
1618930151	370170477	0	0	0
1618930151	380106515	0	0	0
1618930151	390145133	0	0	0
1618930151	400176524	0	0	0
1618930151	410149267	0	0	0
1618930151	420144428	0	0	0
1618930151	430167612	0	0	0
1618930151	440104770	0	0	0
1618930151	450102593	0	0	0
1618930151	460173677	0	0	0
1618930151	470154619	0	0	0
1618930151	480185989	0	0	0
1618930151	490161957	0	0	0
1618930151	500114856	0	0	0
1618930151	510135684	0	0	0
1618930151	520117411	0	0	0
1618930151	530115443	0	0	0
1618930151	540106942	0	0	0
1618930151	550136042	0	0	0
1618930151	560152331	0	0	0
1618930151	570158580	0	0	0
1618930151	580157439	0	0	0
1618930151	590132068	0	0	0
1618930151	600180431	0	0	0
1618930151	610177426	0	0	0
1618930151	620142686	0	0	0
1618930151	630121614	0	0	0
1618930151	640116005	0	0	0
1618930151	650137875	0	0	0
1618930151	660126483	0	0	0
1618930151	670165086	0	0	0
1618930151	680111612	0	0	0
1618930151	690123114	0	0	0
1618930151	700136546	0	0	0
1618930151	710110860	0	0	0
1618930151	720134789	0	0	0
1618930151	730150663	0	0	0
1618930151	740179801	0	0	0
1618930151	750187357	0	0	0
1618930151	760156061	0	0	0
1618930151	770156427	0	0	0
1618930151	780173866	0	0	0
1618930151	790117736	0	0	0
1618930151	800111919	0	0	0
1618930151	810182741	0	0	0
1618930151	820164788	0	0	0
1618930151	830166452	0	0	0
1618930151	840112130	0	0	0
1618930151	850125105	0	0	0
1618930151	860132240	0	0	0
1618930151	870165552	0	0	0
1618930151	880119223	0	0	0
1618930151	890120738	0	0	0
1618930151	900126995	0	0	0
1618930151	910129679	0	0	0
1618930151	920113946	0	0	0
1618930151	930154229	0	0	0
1618930151	940171386	0	0	0
1618930151	950160043	0	0	0
1618930151	960181772	0	0	0
1618930151	970184372	0	0	0
1618930151	980182109	0	0	0
1618930151	990134017	0	0	0
1618930152	137035	0	0	0
1618930152	10134079	0	0	0
1618930152	20169992	0	0	0
1618930152	30161305	0	0	0
1618930152	40121875	0	0	0
1618930152	50126786	0	0	0
1618930152	60115277	0	0	0
1618930152	70133918	0	0	0
1618930152	80117770	0	0	0
1618930152	90115888	0	0	0
1618930152	100167623	0	0	0
1618930152	110163635	0	0	0
1618930152	120124583	0	0	0
1618930152	130197062	0	0	0
1618930152	140112346	0	0	0
1618930152	150228950	0	0	0
1618930152	160198716	0	0	0
1618930152	170193239	0	0	0
1618930152	180187661	0	0	0
1618930152	190191820	0	0	0
1618930152	200168815	0	0	0
1618930152	210155073	0	0	0
1618930152	220188711	0	0	0
1618930152	230209545	0	0	0
1618930152	240194852	0	0	0
1618930152	250195743	0	0	0
1618930152	260168770	0	0	0
1618930152	270115711	0	0	0
1618930152	280127877	0	0	0
1618930152	290188647	0	0	0
1618930152	300151221	0	0	0
1618930152	310119474	0	0	0
1618930152	320152397	0	0	0
1618930152	330134696	0	0	0
1618930152	340139792	0	0	0
1618930152	350125860	0	0	0
1618930152	360128281	0	0	0
1618930152	370118366	0	0	0
1618930152	380179051	0	0	0
1618930152	390130542	0	0	0
1618930152	400146360	0	0	0
1618930152	410132623	0	0	0
1618930152	420146403	0	0	0
1618930152	430156943	0	0	0
1618930152	440095828	0	0	0
1618930152	450151358	0	0	0
1618930152	460130201	0	0	0
1618930152	470129568	0	0	0
1618930152	480166448	0	0	0
1618930152	490193948	0	0	0
1618930152	500203035	0	0	0
1618930152	510173580	0	0	0
1618930152	520210765	0	0	0
1618930152	530165988	0	0	0
1618930152	540187050	0	0	0
1618930152	550177799	0	0	0
1618930152	560214619	0	0	0
1618930152	570222790	0	0	0
1618930152	580161753	0	0	0
1618930152	590174487	0	0	0
1618930152	600168442	0	0	0
1618930152	610155497	0	0	0
1618930152	620179644	0	0	0
1618930152	630168198	0	0	0
1618930152	640173819	0	0	0
1618930152	650200354	0	0	0
1618930152	660159113	0	0	0
1618930152	670170498	0	0	0
1618930152	680215574	0	0	0
1618930152	690209854	0	0	0
1618930152	700203098	0	0	0
1618930152	710199216	0	0	0
1618930152	720129303	0	0	0
1618930152	730141423	0	0	0
1618930152	740131733	0	0	0
1618930152	750168601	0	0	0
1618930152	760183793	0	0	0
1618930152	770189691	0	0	0
1618930152	780146528	0	0	0
1618930152	790177285	0	0	0
1618930152	800136347	0	0	0
1618930152	810137319	0	0	0
1618930152	820209938	0	0	0
1618930152	830192979	0	0	0
1618930152	840136634	0	0	0
1618930152	850143736	0	0	0
1618930152	860203227	0	0	0
1618930152	870195419	0	0	0
1618930152	880183320	0	0	0
1618930152	890203306	0	0	0
1618930152	900249471	0	0	0
1618930152	910191524	0	0	0
1618930152	920138449	0	0	0
1618930152	930175903	0	0	0
1618930152	940204424	0	0	0
1618930152	950197941	0	0	0
1618930152	960188522	0	0	0
1618930152	970194142	0	0	0
1618930152	980175928	0	0	0
1618930152	990138935	0	0	0
1618930153	172754	0	0	0
1618930153	10172920	0	0	0
1618930153	20179385	0	0	0
1618930153	30173212	0	0	0
1618930153	40143890	0	0	0
1618930153	50225870	0	0	0
1618930153	60178910	0	0	0
1618930153	70139899	0	0	0
1618930153	80175834	0	0	0
1618930153	90187357	0	0	0
1618930153	100181073	0	0	0
1618930153	110140861	0	0	0
1618930153	120165229	0	0	0
1618930153	130180666	0	0	0
1618930153	140112770	0	0	0
1618930153	150188743	0	0	0
1618930153	160187969	0	0	0
1618930153	170180191	0	0	0
1618930153	180160164	0	0	0
1618930153	190151952	0	0	0
1618930153	200186508	0	0	0
1618930153	210211301	0	0	0
1618930153	220178585	0	0	0
1618930153	230147275	0	0	0
1618930153	240199854	0	0	0
1618930153	250177629	0	0	0
1618930153	260124793	0	0	0
1618930153	270191542	0	0	0
1618930153	280187084	0	0	0
1618930153	290209335	0	0	0
1618930153	300178268	0	0	0
1618930153	310157348	0	0	0
1618930153	320187659	0	0	0
1618930153	330221246	0	0	0
1618930153	340173427	0	0	0
1618930153	350159388	0	0	0
1618930153	360162134	0	0	0
1618930153	370162118	0	0	0
1618930153	380134908	0	0	0
1618930153	390206982	0	0	0
1618930153	400252040	0	0	0
1618930153	410200613	0	0	0
1618930153	420194447	0	0	0
1618930153	430136373	0	0	0
1618930153	440172449	0	0	0
1618930153	450213847	0	0	0
1618930153	460202815	0	0	0
1618930153	470184016	0	0	0
1618930153	480232405	0	0	0
1618930153	490198691	0	0	0
1618930153	500153243	0	0	0
1618930153	510144580	0	0	0
1618930153	520215453	0	0	0
1618930153	530170286	0	0	0
1618930153	540212472	0	0	0
1618930153	550212596	0	0	0
1618930153	560185581	0	0	0
1618930153	570231172	0	0	0
1618930153	580160324	0	0	0
1618930153	590220591	0	0	0
1618930153	600186807	0	0	0
1618930153	610174980	0	0	0
1618930153	620137923	0	0	0
1618930153	630137567	0	0	0
1618930153	640209335	0	0	0
1618930153	650202776	0	0	0
1618930153	660226474	0	0	0
1618930153	670168010	0	0	0
1618930153	680225182	0	0	0
1618930153	690221603	0	0	0
1618930153	700177008	0	0	0
1618930153	710185833	0	0	0
1618930153	720150364	0	0	0
1618930153	730185482	0	0	0
1618930153	740139228	0	0	0
1618930153	750189951	0	0	0
1618930153	760209006	0	0	0
1618930153	770200315	0	0	0
1618930153	780176902	0	0	0
1618930153	790247438	0	0	0
1618930153	800191706	0	0	0
1618930153	810221586	0	0	0
1618930153	820227399	0	0	0
1618930153	830220410	0	0	0
1618930153	840219399	0	0	0
1618930153	850232316	0	0	0
1618930153	860191376	0	0	0
1618930153	870190327	0	0	0
1618930153	880222711	0	0	0
1618930153	890231930	0	0	0
1618930153	900142399	0	0	0
1618930153	910175681	0	0	0
1618930153	920173006	0	0	0
1618930153	930155570	0	0	0
1618930153	940216269	0	0	0
1618930153	950201536	0	0	0
1618930153	960154049	0	0	0
1618930153	970198920	0	0	0
1618930153	980217040	0	0	0
1618930153	990224679	0	0	0
1618930154	158500	0	0	0
1618930154	10183328	0	0	0
1618930154	20201221	0	0	0
1618930154	30203750	0	0	0
1618930154	40154750	0	0	0
1618930154	50181878	0	0	0
1618930154	60210194	0	0	0
1618930154	70200660	0	0	0
1618930154	80187470	0	0	0
1618930154	90211858	0	0	0
1618930154	100227315	0	0	0
1618930154	110218243	0	0	0
1618930154	120225005	0	0	0
1618930154	130160135	0	0	0
1618930154	140157755	0	0	0
1618930154	150191829	0	0	0
1618930154	160167460	0	0	0
1618930154	170145936	0	0	0
1618930154	180148422	0	0	0
1618930154	190211798	0	0	0
1618930154	200218517	0	0	0
1618930154	210220987	0	0	0
1618930154	220240793	0	0	0
1618930154	230196294	0	0	0
1618930154	240159019	0	0	0
1618930154	250200987	0	0	0
1618930154	260236032	0	0	0
1618930154	270175896	0	0	0
1618930154	280155381	0	0	0
1618930154	290234101	0	0	0
1618930154	300207853	0	0	0
1618930154	310227074	0	0	0
1618930154	320160498	0	0	0
1618930154	330149777	0	0	0
1618930154	340150188	0	0	0
1618930154	350159965	0	0	0
1618930154	360223301	0	0	0
1618930154	370220201	0	0	0
1618930154	380152304	0	0	0
1618930154	390153964	0	0	0
1618930154	400227218	0	0	0
1618930154	410198464	0	0	0
1618930154	420169625	0	0	0
1618930154	430229587	0	0	0
1618930154	440198309	0	0	0
1618930154	450229811	0	0	0
1618930154	460157259	0	0	0
1618930154	470177931	0	0	0
1618930154	480192729	0	0	0
1618930154	490164351	0	0	0
1618930154	500183481	0	0	0
1618930154	510158662	0	0	0
1618930154	520196056	0	0	0
1618930154	530259630	0	0	0
1618930154	540154503	0	0	0
1618930154	550184230	0	0	0
1618930154	560204198	0	0	0
1618930154	570252236	0	0	0
1618930154	580233268	0	0	0
1618930154	590230701	0	0	0
1618930154	600203223	0	0	0
1618930154	610169039	0	0	0
1618930154	620157437	0	0	0
1618930154	630214368	0	0	0
1618930154	640218240	0	0	0
1618930154	650158490	0	0	0
1618930154	660252554	0	0	0
1618930154	670156776	0	0	0
1618930154	680253475	0	0	0
1618930154	690171021	0	0	0
1618930154	700231315	0	0	0
1618930154	710199617	0	0	0
1618930154	720222547	0	0	0
1618930154	730211673	0	0	0
1618930154	740238554	0	0	0
1618930154	750182153	0	0	0
1618930154	760223710	0	0	0
1618930154	770224256	0	0	0
1618930154	780212377	0	0	0
1618930154	790215867	0	0	0
1618930154	800244877	0	0	0
1618930154	810204606	0	0	0
1618930154	820239013	0	0	0
1618930154	830156429	0	0	0
1618930154	840210367	0	0	0
1618930154	850167935	0	0	0
1618930154	860206231	0	0	0
1618930154	870241202	0	0	0
1618930154	880203863	0	0	0
1618930154	890206081	0	0	0
1618930154	900183072	0	0	0
1618930154	910203573	0	0	0
1618930154	920241814	0	0	0
1618930154	930205794	0	0	0
1618930154	940241932	0	0	0
1618930154	950214526	0	0	0
1618930154	960205709	0	0	0
1618930154	970172623	0	0	0
1618930154	980166590	0	0	0
1618930154	990187402	0	0	0
1618930155	217482	0	0	0
1618930155	10235694	0	0	0
1618930155	20187509	0	0	0
1618930155	30174964	0	0	0
1618930155	40172724	0	0	0
1618930155	50244213	0	0	0
1618930155	60225033	0	0	0
1618930155	70231509	0	0	0
1618930155	80208473	0	0	0
1618930155	90210568	0	0	0
1618930155	100227137	0	0	0
1618930155	110183492	0	0	0
1618930155	120173400	0	0	0
1618930155	130173499	0	0	0
1618930155	140218779	0	0	0
1618930155	150231925	0	0	0
1618930155	160231691	0	0	0
1618930155	170236585	0	0	0
1618930155	180221697	0	0	0
1618930155	190265435	0	0	0
1618930155	200261828	0	0	0
1618930155	210208847	0	0	0
1618930155	220254213	0	0	0
1618930155	230237016	0	0	0
1618930155	240185538	0	0	0
1618930155	250198836	0	0	0
1618930155	260174909	0	0	0
1618930155	270228244	0	0	0
1618930155	280183368	0	0	0
1618930155	290210855	0	0	0
1618930155	300235010	0	0	0
1618930155	310208285	0	0	0
1618930155	320219633	0	0	0
1618930155	330174771	0	0	0
1618930155	340182641	0	0	0
1618930155	350195779	0	0	0
1618930155	360217697	0	0	0
1618930155	370235777	0	0	0
1618930155	380249846	0	0	0
1618930155	390215900	0	0	0
1618930155	400241489	0	0	0
1618930155	410238250	0	0	0
1618930155	420229418	0	0	0
1618930155	430184953	0	0	0
1618930155	440253872	0	0	0
1618930155	450218255	0	0	0
1618930155	460215565	0	0	0
1618930155	470176828	0	0	0
1618930155	480182862	0	0	0
1618930155	490175075	0	0	0
1618930155	500188749	0	0	0
1618930155	510243938	0	0	0
1618930155	520179749	0	0	0
1618930155	530180630	0	0	0
1618930155	540168684	0	0	0
1618930155	550257032	0	0	0
1618930155	560222348	0	0	0
1618930155	570169739	0	0	0
1618930155	580190372	0	0	0
1618930155	590245335	0	0	0
1618930155	600248480	0	0	0
1618930155	610258611	0	0	0
1618930155	620235424	0	0	0
1618930155	630219925	0	0	0
1618930155	640179599	0	0	0
1618930155	650254354	0	0	0
1618930155	660226538	0	0	0
1618930155	670253123	0	0	0
1618930155	680250794	0	0	0
1618930155	690259263	0	0	0
1618930155	700194251	0	0	0
1618930155	710200958	0	0	0
1618930155	720219034	0	0	0
1618930155	730184911	0	0	0
1618930155	740211817	0	0	0
1618930155	750182805	0	0	0
1618930155	760187292	0	0	0
1618930155	770217955	0	0	0
1618930155	780236325	0	0	0
1618930155	790159853	0	0	0
1618930155	800179070	0	0	0
1618930155	810216945	0	0	0
1618930155	820247211	0	0	0
1618930155	830171789	0	0	0
1618930155	840219837	0	0	0
1618930155	850201534	0	0	0
1618930155	860213058	0	0	0
1618930155	870244752	0	0	0
1618930155	880251906	0	0	0
1618930155	890245249	0	0	0
1618930155	900234346	0	0	0
1618930155	910244041	0	0	0
1618930155	920185936	0	0	0
1618930155	930189586	0	0	0
1618930155	940219251	0	0	0
1618930155	950223630	0	0	0
1618930155	960184039	0	0	0
1618930155	970201196	0	0	0
1618930155	980175479	0	0	0
1618930155	990212695	0	0	0
1618930156	255942	0	0	0
1618930156	10263197	0	0	0
1618930156	20220510	0	0	0
1618930156	30261072	0	0	0
1618930156	40213322	0	0	0
1618930156	50194275	0	0	0
1618930156	60248189	0	0	0
1618930156	70255116	0	0	0
1618930156	80261328	0	0	0
1618930156	90207967	0	0	0
1618930156	100178016	0	0	0
1618930156	110249851	0	0	0
1618930156	120271387	0	0	0
1618930156	130228233	0	0	0
1618930156	140254631	0	0	0
1618930156	150228430	0	0	0
1618930156	160214665	0	0	0
1618930156	170211525	0	0	0
1618930156	180188601	0	0	0
1618930156	190179445	0	0	0
1618930156	200263825	0	0	0
1618930156	210191904	0	0	0
1618930156	220233322	0	0	0
1618930156	230229367	0	0	0
1618930156	240247761	0	0	0
1618930156	250272243	0	0	0
1618930156	260226649	0	0	0
1618930156	270220462	0	0	0
1618930156	280255292	0	0	0
1618930156	290189977	0	0	0
1618930156	300187151	0	0	0
1618930156	310189518	0	0	0
1618930156	320211497	0	0	0
1618930156	330225019	0	0	0
1618930156	340229185	0	0	0
1618930156	350244101	0	0	0
1618930156	360229705	0	0	0
1618930156	370181069	0	0	0
1618930156	380182593	0	0	0
1618930156	390180153	0	0	0
1618930156	400193737	0	0	0
1618930156	410237048	0	0	0
1618930156	420227246	0	0	0
1618930156	430250480	0	0	0
1618930156	440241606	0	0	0
1618930156	450249204	0	0	0
1618930156	460201968	0	0	0
1618930156	470229682	0	0	0
1618930156	480202967	0	0	0
1618930156	490194351	0	0	0
1618930156	500232328	0	0	0
1618930156	510204679	0	0	0
1618930156	520264758	0	0	0
1618930156	530192497	0	0	0
1618930156	540187739	0	0	0
1618930156	550221734	0	0	0
1618930156	560272525	0	0	0
1618930156	570288245	0	0	0
1618930156	580184683	0	0	0
1618930156	590226019	0	0	0
1618930156	600211375	0	0	0
1618930156	610193876	0	0	0
1618930156	620230435	0	0	0
1618930156	630220170	0	0	0
1618930156	640285403	0	0	0
1618930156	650252463	0	0	0
1618930156	660230923	0	0	0
1618930156	670251387	0	0	0
1618930156	680225722	0	0	0
1618930156	690194074	0	0	0
1618930156	700242759	0	0	0
1618930156	710187870	0	0	0
1618930156	720187164	0	0	0
1618930156	730188428	0	0	0
1618930156	740255242	0	0	0
1618930156	750252406	0	0	0
1618930156	760201115	0	0	0
1618930156	770237267	0	0	0
1618930156	780261166	0	0	0
1618930156	790229719	0	0	0
1618930156	800250709	0	0	0
1618930156	810259206	0	0	0
1618930156	820274818	0	0	0
1618930156	830196884	0	0	0
1618930156	840226279	0	0	0
1618930156	850230028	0	0	0
1618930156	860266020	0	0	0
1618930156	870249794	0	0	0
1618930156	880253821	0	0	0
1618930156	890259951	0	0	0
1618930156	900289032	0	0	0
1618930156	910257718	0	0	0
1618930156	920244859	0	0	0
1618930156	930223270	0	0	0
1618930156	940193582	0	0	0
1618930156	950201413	0	0	0
1618930156	960259417	0	0	0
1618930156	970262712	0	0	0
