time_sec	time_nanosec	joint_velocity_0	joint_velocity_1	joint_velocity_2	joint_velocity_3
1618930140	870004025	0	0	0
1618930140	880017136	0	0	0
1618930140	889972963	0	0	0
1618930140	899956056	0	0	0
1618930140	910067050	0	0	0
1618930140	920031783	0	0	0
1618930140	930011860	0	0	0
1618930140	940004793	0	0	0
1618930140	949973469	0	0	0
1618930140	959953926	0	0	0
1618930140	969990663	0	0	0
1618930140	979986104	0	0	0
1618930140	990037520	0	0	0
1618930141	96708	0	0	0
1618930141	10149302	0	0	0
1618930141	20267997	0	0	0
1618930141	30334007	0	0	0
1618930141	40323506	0	0	0
1618930141	50345209	0	0	0
1618930141	60267963	0	0	0
1618930141	70256742	0	0	0
1618930141	80297435	0	0	0
1618930141	90187004	0	0	0
1618930141	100184047	0	0	0
1618930141	110332902	0	0	0
1618930141	120330559	0	0	0
1618930141	130913123	0	0	0
1618930141	140289865	0	0	0
1618930141	150257905	0	0	0
1618930141	160248910	0	0	0
1618930141	170281894	0	0	0
1618930141	180216409	0	0	0
1618930141	190258487	0	0	0
1618930141	200323929	0	0	0
1618930141	210211220	0	0	0
1618930141	220317081	0	0	0
1618930141	230326825	0	0	0
1618930141	240336364	0	0	0
1618930141	250337726	0	0	0
1618930141	260308489	0	0	0
1618930141	270270723	0	0	0
1618930141	280294036	0	0	0
1618930141	290243066	0	0	0
1618930141	300254176	0	0	0
1618930141	310422045	0	0	0
1618930141	320263961	0	0	0
1618930141	330206003	0	0	0
1618930141	340320852	0	0	0
1618930141	350310855	0	0	0
1618930141	360265494	0	0	0
1618930141	370273423	0	0	0
1618930141	380228025	0	0	0
1618930141	390304942	0	0	0
1618930141	400261872	0	0	0
1618930141	410248859	0	0	0
1618930141	420212385	0	0	0
1618930141	430288637	0	0	0
1618930141	440277518	0	0	0
1618930141	450261570	0	0	0
1618930141	460286902	0	0	0
1618930141	470310978	0	0	0
1618930141	480252869	0	0	0
1618930141	490298936	0	0	0
1618930141	500215972	0	0	0
1618930141	510256035	0	0	0
1618930141	520195787	0	0	0
1618930141	530465690	0	0	0
1618930141	540346216	0	0	0
1618930141	550385600	0	0	0
1618930141	560271669	0	0	0
1618930141	570251082	0	0	0
1618930141	580301815	0	0	0
1618930141	590280593	0	0	0
1618930141	600313873	0	0	0
1618930141	610342041	0	0	0
1618930141	620287672	0	0	0
1618930141	630271876	0	0	0
1618930141	640303535	0	0	0
1618930141	650373267	0	0	0
1618930141	660384561	0	0	0
1618930141	670271759	0	0	0
1618930141	680392284	0	0	0
1618930141	690373183	0	0	0
1618930141	700310180	0	0	0
1618930141	710330330	0	0	0
1618930141	720306583	0	0	0
1618930141	730310795	0	0	0
1618930141	740298981	0	0	0
1618930141	750232621	0	0	0
1618930141	760283885	0	0	0
1618930141	770317525	0	0	0
1618930141	780285090	0	0	0
1618930141	790317036	0	0	0
1618930141	800396514	0	0	0
1618930141	810350676	0	0	0
1618930141	820351378	0	0	0
1618930141	830501504	0	0	0
1618930141	840325592	0	0	0
1618930141	850350170	0	0	0
1618930141	860254088	0	0	0
1618930141	870354549	0	0	0
1618930141	880414588	0	0	0
1618930141	890200322	0	0	0
1618930141	900392961	0	0	0
1618930141	910215608	0	0	0
1618930141	920281840	0	0	0
1618930141	930331508	0	0	0
1618930141	940274740	0	0	0
1618930141	950319581	0	0	0
1618930141	960387510	0	0	0
1618930141	970335409	0	0	0
1618930141	980298510	0	0	0
1618930141	990311790	0	0	0
1618930142	310704	0	0	0
1618930142	10194253	0	0	0
1618930142	20189994	0	0	0
1618930142	30257925	0	0	0
1618930142	40241936	0	0	0
1618930142	50316833	0	0	0
1618930142	60342090	0	0	0
1618930142	70441476	0	0	0
1618930142	80388598	0	0	0
1618930142	90278855	0	0	0
1618930142	100359804	0	0	0
1618930142	110311300	0	0	0
1618930142	120223378	0	0	0
1618930142	130204754	0	0	0
1618930142	140264637	0	0	0
1618930142	150273124	0	0	0
1618930142	160323133	0	0	0
1618930142	170269901	0	0	0
1618930142	180302062	0	0	0
1618930142	190387053	0	0	0
1618930142	200422346	0	0	0
1618930142	210483536	0	0	0
1618930142	220375097	0	0	0
1618930142	230380428	0	0	0
1618930142	240329065	0	0	0
1618930142	250400709	0	0	0
1618930142	260401060	0	0	0
1618930142	270334114	0	0	0
1618930142	280385243	0	0	0
1618930142	290347197	0	0	0
1618930142	300305699	0	0	0
1618930142	310327263	0	0	0
1618930142	320311190	0	0	0
1618930142	330332707	0	0	0
1618930142	340262779	0	0	0
1618930142	350357991	0	0	0
1618930142	360315702	0	0	0
1618930142	370415311	0	0	0
1618930142	380347679	0	0	0
1618930142	390308394	0	0	0
1618930142	400358248	0	0	0
1618930142	410460259	0	0	0
1618930142	420363192	0	0	0
1618930142	430338868	0	0	0
1618930142	440290095	0	0	0
1618930142	450399342	0	0	0
1618930142	460327280	0	0	0
1618930142	470424989	0	0	0
1618930142	480349688	0	0	0
1618930142	490395085	0	0	0
1618930142	500278139	0	0	0
1618930142	510254137	0	0	0
1618930142	520850389	0	0	0
1618930142	530278817	0	0	0
1618930142	540380308	0	0	0
1618930142	550345262	0	0	0
1618930142	560270306	0	0	0
1618930142	570350153	0	0	0
1618930142	580397864	0	0	0
1618930142	590344344	0	0	0
1618930142	600349373	0	0	0
1618930142	610435847	0	0	0
1618930142	620220370	0	0	0
1618930142	630326352	0	0	0
1618930142	640480291	0	0	0
1618930142	650282221	0	0	0
1618930142	660355395	0	0	0
1618930142	670363235	0	0	0
1618930142	680388558	0	0	0
1618930142	690875953	0	0	0
1618930142	700394465	0	0	0
1618930142	710454582	0	0	0
1618930142	720453115	0	0	0
1618930142	730405012	0	0	0
1618930142	740391561	0	0	0
1618930142	750339878	0	0	0
1618930142	760438695	0	0	0
1618930142	770442823	0	0	0
1618930142	780345596	0	0	0
1618930142	790390198	0	0	0
1618930142	800377816	0	0	0
1618930142	810414892	0	0	0
1618930142	820268878	0	0	0
1618930142	830294358	0	0	0
1618930142	840227067	0	0	0
1618930142	850425493	0	0	0
1618930142	860417136	0	0	0
1618930142	870430907	0	0	0
1618930142	880284610	0	0	0
1618930142	890210695	0	0	0
1618930142	900383750	0	0	0
1618930142	910346875	0	0	0
1618930142	920290111	0	0	0
1618930142	930413030	0	0	0
1618930142	940397113	0	0	0
1618930142	950306252	0	0	0
1618930142	960517671	0	0	0
1618930142	970323440	0	0	0
1618930142	980326586	0	0	0
1618930142	990329862	0	0	0
1618930143	460807	0	0	0
1618930143	10369619	0	0	0
1618930143	20321489	0	0	0
1618930143	30439549	0	0	0
1618930143	40317399	0	0	0
1618930143	50331890	0	0	0
1618930143	60243156	0	0	0
1618930143	70375947	0	0	0
1618930143	80409757	0	0	0
1618930143	90443329	0	0	0
1618930143	100476648	0	0	0
1618930143	110437539	0	0	0
1618930143	120351703	0	0	0
1618930143	130409490	0	0	0
1618930143	140381580	0	0	0
1618930143	150274766	0	0	0
1618930143	160275262	0	0	0
1618930143	170406754	0	0	0
1618930143	180438641	0	0	0
1618930143	190398412	0	0	0
1618930143	200422464	0	0	0
1618930143	210280339	0	0	0
1618930143	220453077	0	0	0
1618930143	230448274	0	0	0
1618930143	240314115	0	0	0
1618930143	250362984	0	0	0
1618930143	260437509	0	0	0
1618930143	270564184	0	0	0
1618930143	280394787	0	0	0
1618930143	290407862	0	0	0
1618930143	300344927	0	0	0
1618930143	310390762	0	0	0
1618930143	320394674	0	0	0
1618930143	330323955	0	0	0
1618930143	340321844	0	0	0
1618930143	350402321	0	0	0
1618930143	360393748	0	0	0
1618930143	370323777	0	0	0
1618930143	380476330	0	0	0
1618930143	390390076	0	0	0
1618930143	400408625	0	0	0
1618930143	410366748	0	0	0
1618930143	420491249	0	0	0
1618930143	430435248	0	0	0
1618930143	440407700	0	0	0
1618930143	450276869	0	0	0
1618930143	460284166	0	0	0
1618930143	470475089	0	0	0
1618930143	480372899	0	0	0
1618930143	490452127	0	0	0
1618930143	500382177	0	0	0
1618930143	510439593	0	0	0
1618930143	520362477	0	0	0
1618930143	530283000	0	0	0
1618930143	540470607	0	0	0
1618930143	550392507	0	0	0
1618930143	560304567	0	0	0
1618930143	570361864	0	0	0
1618930143	580328057	0	0	0
1618930143	590389555	0	0	0
1618930143	600357279	0	0	0
1618930143	610352832	0	0	0
1618930143	620339906	0	0	0
1618930143	630375235	0	0	0
1618930143	640299131	0	0	0
1618930143	650348854	0	0	0
1618930143	660289351	0	0	0
1618930143	670348054	0	0	0
1618930143	680517698	0	0	0
1618930143	690477380	0	0	0
1618930143	700344422	0	0	0
1618930143	710332365	0	0	0
1618930143	720455057	0	0	0
1618930143	730251420	0	0	0
1618930143	740411372	0	0	0
1618930143	750371120	0	0	0
1618930143	760328563	0	0	0
1618930143	770335037	0	0	0
1618930143	780379430	0	0	0
1618930143	790334395	0	0	0
1618930143	800241776	0	0	0
1618930143	810295109	0	0	0
1618930143	820384303	0	0	0
1618930143	830446859	0	0	0
1618930143	840506204	0	0	0
1618930143	850459654	0	0	0
1618930143	860403436	0	0	0
1618930143	870368786	0	0	0
1618930143	880453117	0	0	0
1618930143	890442080	0	0	0
1618930143	900495102	0	0	0
1618930143	910825011	0	0	0
1618930143	920378798	0	0	0
1618930143	930325934	0	0	0
1618930143	940348793	0	0	0
1618930143	950357200	0	0	0
1618930143	960354928	0	0	0
1618930143	970442511	0	0	0
1618930143	980294051	0	0	0
1618930143	990335348	0	0	0
1618930144	345199	0	0	0
1618930144	10442303	0	0	0
1618930144	20439393	0	0	0
1618930144	30270461	0	0	0
1618930144	40357290	0	0	0
1618930144	50342975	0	0	0
1618930144	60371312	0	0	0
1618930144	70429253	0	0	0
1618930144	80432119	0	0	0
1618930144	90385833	0	0	0
1618930144	100428670	0	0	0
1618930144	110457147	0	0	0
1618930144	120418487	0	0	0
1618930144	130451036	0	0	0
1618930144	140368864	0	0	0
1618930144	150433660	0	0	0
1618930144	160447749	0	0	0
1618930144	170435567	0	0	0
1618930144	180295554	0	0	0
1618930144	190409704	0	0	0
1618930144	200474721	0	0	0
1618930144	210400893	0	0	0
1618930144	220432207	0	0	0
1618930144	230269995	0	0	0
1618930144	240337850	0	0	0
1618930144	250448515	0	0	0
1618930144	260302524	0	0	0
1618930144	270395115	0	0	0
1618930144	280368149	0	0	0
1618930144	290405812	0	0	0
1618930144	300432545	0	0	0
1618930144	310483105	0	0	0
1618930144	320442594	0	0	0
1618930144	330506578	0	0	0
1618930144	340457544	0	0	0
1618930144	350483673	0	0	0
1618930144	360485397	0	0	0
1618930144	370331614	0	0	0
1618930144	380305788	0	0	0
1618930144	390438754	0	0	0
1618930144	400484303	0	0	0
1618930144	410389691	0	0	0
1618930144	420305332	0	0	0
1618930144	430332226	0	0	0
1618930144	440369950	0	0	0
1618930144	450394837	0	0	0
1618930144	460416796	0	0	0
1618930144	470399118	0	0	0
1618930144	480446557	0	0	0
1618930144	490428958	0	0	0
1618930144	500368790	0	0	0
1618930144	510375729	0	0	0
1618930144	520338715	0	0	0
1618930144	530323072	0	0	0
1618930144	540317244	0	0	0
1618930144	550361186	0	0	0
1618930144	560394644	0	0	0
1618930144	570354082	0	0	0
1618930144	580397904	0	0	0
1618930144	590426132	0	0	0
1618930144	600415885	0	0	0
1618930144	610413673	0	0	0
1618930144	620316577	0	0	0
1618930144	630321510	0	0	0
1618930144	640418272	0	0	0
1618930144	650391838	0	0	0
1618930144	660430125	0	0	0
1618930144	670376344	0	0	0
1618930144	680371562	0	0	0
1618930144	690422507	0	0	0
1618930144	700435329	0	0	0
1618930144	710400206	0	0	0
1618930144	720342672	0	0	0
1618930144	730476348	0	0	0
1618930144	740383516	0	0	0
1618930144	750337570	0	0	0
1618930144	760392209	0	0	0
1618930144	770504181	0	0	0
1618930144	780402632	0	0	0
1618930144	790442818	0	0	0
1618930144	800410128	0	0	0
1618930144	810464658	0	0	0
1618930144	820380761	0	0	0
1618930144	830445672	0	0	0
1618930144	840446705	0	0	0
1618930144	850475917	0	0	0
1618930144	860399845	0	0	0
1618930144	870439244	0	0	0
1618930144	880432388	0	0	0
1618930144	890433620	0	0	0
1618930144	900370909	0	0	0
1618930144	910457487	0	0	0
1618930144	920474518	0	0	0
1618930144	930507931	0	0	0
1618930144	940387220	0	0	0
1618930144	950366219	0	0	0
1618930144	960410468	0	0	0
1618930144	970441849	0	0	0
1618930144	980333781	0	0	0
1618930144	990339705	0	0	0
1618930145	484492	0	0	0
1618930145	10394427	0	0	0
1618930145	20309397	0	0	0
1618930145	30366809	0	0	0
1618930145	40345862	0	0	0
1618930145	50436260	0	0	0
1618930145	60531857	0	0	0
1618930145	70429593	0	0	0
1618930145	80396199	0	0	0
1618930145	90347598	0	0	0
1618930145	100358160	0	0	0
1618930145	110387803	0	0	0
1618930145	120384543	0	0	0
1618930145	130495992	0	0	0
1618930145	140329949	0	0	0
1618930145	150464014	0	0	0
1618930145	160512422	0	0	0
1618930145	170496299	0	0	0
1618930145	180487722	0	0	0
1618930145	190376994	0	0	0
1618930145	200401639	0	0	0
1618930145	210324271	0	0	0
1618930145	220495868	0	0	0
1618930145	230466296	0	0	0
1618930145	240351515	0	0	0
1618930145	250430683	0	0	0
1618930145	260388147	0	0	0
1618930145	270417089	0	0	0
1618930145	280352188	0	0	0
1618930145	290401213	0	0	0
1618930145	300373284	0	0	0
1618930145	310310023	0	0	0
1618930145	320357363	0	0	0
1618930145	330378799	0	0	0
1618930145	340321864	0	0	0
1618930145	350486661	0	0	0
1618930145	360321281	0	0	0
1618930145	370406706	0	0	0
1618930145	380345289	0	0	0
1618930145	390435189	0	0	0
1618930145	400465000	0	0	0
1618930145	410473928	0	0	0
1618930145	420438714	0	0	0
1618930145	430418114	0	0	0
1618930145	440474465	0	0	0
1618930145	450488819	0	0	0
1618930145	460409728	0	0	0
1618930145	470443102	0	0	0
1618930145	480448262	0	0	0
1618930145	490419999	0	0	0
1618930145	500455633	0	0	0
1618930145	510351164	0	0	0
1618930145	520404412	0	0	0
1618930145	530392315	0	0	0
1618930145	540458071	0	0	0
1618930145	550398809	0	0	0
1618930145	560437607	0	0	0
1618930145	570439875	0	0	0
1618930145	580448581	0	0	0
1618930145	590389832	0	0	0
1618930145	600433565	0	0	0
1618930145	610445535	0	0	0
1618930145	620421521	0	0	0
1618930145	630464064	0	0	0
1618930145	640337028	0	0	0
1618930145	650458528	0	0	0
1618930145	660392853	0	0	0
1618930145	670446308	0	0	0
1618930145	680415961	0	0	0
1618930145	690391675	0	0	0
1618930145	700454251	0	0	0
1618930145	710464712	0	0	0
1618930145	720350385	0	0	0
1618930145	730465823	0	0	0
1618930145	740430038	0	0	0
1618930145	750389175	0	0	0
1618930145	760428932	0	0	0
1618930145	770453936	0	0	0
1618930145	780495927	0	0	0
1618930145	790422190	0	0	0
1618930145	800396028	0	0	0
1618930145	810422897	0	0	0
1618930145	820380723	0	0	0
1618930145	830466993	0	0	0
1618930145	840310359	0	0	0
1618930145	850576960	0	0	0
1618930145	860529180	0	0	0
1618930145	870483969	0	0	0
1618930145	880508296	0	0	0
1618930145	890392109	0	0	0
1618930145	900397605	0	0	0
1618930145	910450659	0	0	0
1618930145	920456059	0	0	0
1618930145	930328360	0	0	0
1618930145	940428316	0	0	0
1618930145	950398902	0	0	0
1618930145	960465157	0	0	0
1618930145	970520957	0	0	0
1618930145	980325809	0	0	0
1618930145	990359950	0	0	0
1618930146	495483	0	0	0
1618930146	10498208	0	0	0
1618930146	20538119	0	0	0
1618930146	30496811	0	0	0
1618930146	40456266	0	0	0
1618930146	50444032	0	0	0
1618930146	60386681	0	0	0
1618930146	70352106	0	0	0
1618930146	80366793	0	0	0
1618930146	90351003	0	0	0
1618930146	100389167	0	0	0
1618930146	110409275	0	0	0
1618930146	120516661	0	0	0
1618930146	130404735	0	0	0
1618930146	140356828	0	0	0
1618930146	150453036	0	0	0
1618930146	160360856	0	0	0
1618930146	170347746	0	0	0
1618930146	180391734	0	0	0
1618930146	190449231	0	0	0
1618930146	200432339	0	0	0
1618930146	210431709	0	0	0
1618930146	220392286	0	0	0
1618930146	230316022	0	0	0
1618930146	240449556	0	0	0
1618930146	250471415	0	0	0
1618930146	260389196	0	0	0
1618930146	270323546	0	0	0
1618930146	280464697	0	0	0
1618930146	290439220	0	0	0
1618930146	300526263	0	0	0
1618930146	310477562	0	0	0
1618930146	320350987	0	0	0
1618930146	330456634	0	0	0
1618930146	340311287	0	0	0
1618930146	350459285	0	0	0
1618930146	360518866	0	0	0
1618930146	370479804	0	0	0
1618930146	380428075	0	0	0
1618930146	390377780	0	0	0
1618930146	400540644	0	0	0
1618930146	410503426	0	0	0
1618930146	420328959	0	0	0
1618930146	430506841	0	0	0
1618930146	440408145	0	0	0
1618930146	450511719	0	0	0
1618930146	460398586	0	0	0
1618930146	470471063	0	0	0
1618930146	480459764	0	0	0
1618930146	490367933	0	0	0
1618930146	500375389	0	0	0
1618930146	510458768	0	0	0
1618930146	520405894	0	0	0
1618930146	530419812	0	0	0
1618930146	540379038	0	0	0
1618930146	550423705	0	0	0
1618930146	560376960	0	0	0
1618930146	570461887	0	0	0
1618930146	580472092	0	0	0
1618930146	590341103	0	0	0
1618930146	600471099	0	0	0
1618930146	610538692	0	0	0
1618930146	620486873	0	0	0
1618930146	630533226	0	0	0
1618930146	640501443	0	0	0
1618930146	650363596	0	0	0
1618930146	660457628	0	0	0
1618930146	670438046	0	0	0
1618930146	680509876	0	0	0
1618930146	690510865	0	0	0
1618930146	700498808	0	0	0
1618930146	710522557	0	0	0
1618930146	720394226	0	0	0
1618930146	730337565	0	0	0
1618930146	740505023	0	0	0
1618930146	750483581	0	0	0
1618930146	760395331	0	0	0
1618930146	770389129	0	0	0
1618930146	780331456	0	0	0
1618930146	790387106	0	0	0
1618930146	800384022	0	0	0
1618930146	810506322	0	0	0
1618930146	820507727	0	0	0
1618930146	830370473	0	0	0
1618930146	840374339	0	0	0
1618930146	850485309	0	0	0
1618930146	860517858	0	0	0
1618930146	870462886	0	0	0
1618930146	880504925	0	0	0
1618930146	890496247	0	0	0
1618930146	900902217	0	0	0
1618930146	910364762	0	0	0
1618930146	920365358	0	0	0
1618930146	930552133	0	0	0
1618930146	940438912	0	0	0
1618930146	950477681	0	0	0
1618930146	960480561	0	0	0
1618930146	970430729	0	0	0
1618930146	980294128	0	0	0
1618930146	990380118	0	0	0
1618930147	398254	0	0	0
1618930147	10352042	0	0	0
1618930147	20405080	0	0	0
1618930147	30442938	0	0	0
1618930147	40389406	0	0	0
1618930147	50343758	0	0	0
1618930147	60380272	0	0	0
1618930147	70405886	0	0	0
1618930147	80336197	0	0	0
1618930147	90453412	0	0	0
1618930147	100500188	0	0	0
1618930147	110515416	0	0	0
1618930147	120463737	0	0	0
1618930147	130441042	0	0	0
1618930147	140499886	0	0	0
1618930147	150513018	0	0	0
1618930147	160518875	0	0	0
1618930147	170538272	0	0	0
1618930147	180842714	0	0	0
1618930147	190418567	0	0	0
1618930147	200515320	0	0	0
1618930147	210428954	0	0	0
1618930147	220552292	0	0	0
1618930147	230473785	0	0	0
1618930147	240520041	0	0	0
1618930147	250529441	0	0	0
1618930147	260483694	0	0	0
1618930147	270446691	0	0	0
1618930147	280444423	0	0	0
1618930147	290426567	0	0	0
1618930147	300366419	0	0	0
1618930147	310537952	0	0	0
1618930147	320474114	0	0	0
1618930147	330582374	0	0	0
1618930147	340442578	0	0	0
1618930147	350436701	0	0	0
1618930147	360454037	0	0	0
1618930147	370393816	0	0	0
1618930147	380307490	0	0	0
1618930147	390483953	0	0	0
1618930147	400537092	0	0	0
1618930147	410492081	0	0	0
1618930147	420414529	0	0	0
1618930147	430466420	0	0	0
1618930147	440421550	0	0	0
1618930147	450433999	0	0	0
1618930147	460490066	0	0	0
1618930147	470419424	0	0	0
1618930147	480422711	0	0	0
1618930147	490446239	0	0	0
1618930147	500402440	0	0	0
1618930147	510481391	0	0	0
1618930147	520304918	0	0	0
1618930147	530444550	0	0	0
1618930147	540453669	0	0	0
1618930147	550496102	0	0	0
1618930147	560392686	0	0	0
1618930147	570428964	0	0	0
1618930147	580414867	0	0	0
1618930147	590471171	0	0	0
1618930147	600549686	0	0	0
1618930147	610492222	0	0	0
1618930147	620461114	0	0	0
1618930147	630458623	0	0	0
1618930147	640376564	0	0	0
1618930147	650485331	0	0	0
1618930147	660540886	0	0	0
1618930147	670440557	0	0	0
1618930147	680449639	0	0	0
1618930147	690474300	0	0	0
1618930147	700406982	0	0	0
1618930147	710397828	0	0	0
1618930147	720406824	0	0	0
1618930147	730408545	0	0	0
1618930147	740378369	0	0	0
1618930147	750359215	0	0	0
1618930147	760513349	0	0	0
1618930147	770401444	0	0	0
1618930147	780503442	0	0	0
1618930147	790576079	0	0	0
1618930147	800478358	0	0	0
1618930147	810457196	0	0	0
1618930147	820441844	0	0	0
1618930147	830323643	0	0	0
1618930147	840455859	0	0	0
1618930147	850499919	0	0	0
1618930147	860522403	0	0	0
1618930147	870470246	0	0	0
1618930147	880536918	0	0	0
1618930147	890529344	0	0	0
1618930147	900527382	0	0	0
1618930147	910323090	0	0	0
1618930147	920520589	0	0	0
1618930147	930468359	0	0	0
1618930147	940546138	0	0	0
1618930147	950342421	0	0	0
1618930147	960429236	0	0	0
1618930147	970521493	0	0	0
1618930147	980342332	0	0	0
1618930147	990399826	0	0	0
1618930148	424361	0	0	0
1618930148	10562490	0	0	0
1618930148	20460431	0	0	0
1618930148	30452832	0	0	0
1618930148	40387266	0	0	0
1618930148	50341961	0	0	0
1618930148	60535410	0	0	0
1618930148	71019049	0	0	0
1618930148	80519842	0	0	0
1618930148	90435460	0	0	0
1618930148	100523555	0	0	0
1618930148	110484390	0	0	0
1618930148	120343605	0	0	0
1618930148	130372698	0	0	0
1618930148	140471576	0	0	0
1618930148	150348997	0	0	0
1618930148	160495898	0	0	0
1618930148	170415511	0	0	0
1618930148	180461968	0	0	0
1618930148	190537437	0	0	0
1618930148	200445766	0	0	0
1618930148	210494062	0	0	0
1618930148	220467418	0	0	0
1618930148	230518349	0	0	0
1618930148	240410671	0	0	0
1618930148	250485627	0	0	0
1618930148	260393774	0	0	0
1618930148	270372556	0	0	0
1618930148	280406054	0	0	0
1618930148	290454454	0	0	0
1618930148	300358101	0	0	0
1618930148	310488261	0	0	0
1618930148	320450224	0	0	0
1618930148	330521523	0	0	0
1618930148	340457002	0	0	0
1618930148	350438557	0	0	0
1618930148	360413616	0	0	0
1618930148	370400705	0	0	0
1618930148	380400792	0	0	0
1618930148	390510544	0	0	0
1618930148	400425427	0	0	0
1618930148	410449039	0	0	0
1618930148	420435585	0	0	0
1618930148	430416498	0	0	0
1618930148	440360331	0	0	0
1618930148	450403339	0	0	0
1618930148	460448477	0	0	0
1618930148	470490817	0	0	0
1618930148	480488159	0	0	0
1618930148	490527787	0	0	0
1618930148	500446464	0	0	0
1618930148	510456442	0	0	0
1618930148	520401995	0	0	0
1618930148	530471823	0	0	0
1618930148	540539204	0	0	0
1618930148	550483339	0	0	0
1618930148	560471889	0	0	0
1618930148	570420350	0	0	0
1618930148	580488335	0	0	0
1618930148	590482070	0	0	0
1618930148	600370355	0	0	0
1618930148	610421766	0	0	0
1618930148	620394341	0	0	0
1618930148	630392121	0	0	0
1618930148	640467926	0	0	0
1618930148	650423751	0	0	0
1618930148	660446547	0	0	0
1618930148	670423112	0	0	0
1618930148	680514859	0	0	0
1618930148	690315097	0	0	0
1618930148	700471192	0	0	0
1618930148	710517324	0	0	0
1618930148	720371424	0	0	0
1618930148	730365118	0	0	0
1618930148	740481833	0	0	0
1618930148	750546298	0	0	0
1618930148	760419575	0	0	0
1618930148	770445004	0	0	0
1618930148	780307971	0	0	0
1618930148	790342583	0	0	0
1618930148	800499414	0	0	0
1618930148	810419864	0	0	0
1618930148	820449126	0	0	0
1618930148	830359416	0	0	0
1618930148	840396589	0	0	0
1618930148	850461708	0	0	0
1618930148	860446855	0	0	0
1618930148	870467441	0	0	0
1618930148	880467733	0	0	0
1618930148	890482062	0	0	0
1618930148	900409746	0	0	0
1618930148	910423062	0	0	0
1618930148	920464151	0	0	0
1618930148	930376718	0	0	0
1618930148	940372534	0	0	0
1618930148	950375234	0	0	0
1618930148	960559162	0	0	0
1618930148	970431007	0	0	0
1618930148	980499408	0	0	0
1618930148	990514198	0	0	0
1618930149	453654	0	0	0
1618930149	10467379	0	0	0
1618930149	20374415	0	0	0
1618930149	30467547	0	0	0
1618930149	40464738	0	0	0
1618930149	50390720	0	0	0
1618930149	60462608	0	0	0
1618930149	70522170	0	0	0
1618930149	80523289	0	0	0
1618930149	90420157	0	0	0
1618930149	100465007	0	0	0
1618930149	110525418	0	0	0
1618930149	120403969	0	0	0
1618930149	130505194	0	0	0
1618930149	140499458	0	0	0
1618930149	150581496	0	0	0
1618930149	160551267	0	0	0
1618930149	170556696	0	0	0
1618930149	180405294	0	0	0
1618930149	190438838	0	0	0
1618930149	200555703	0	0	0
1618930149	210546050	0	0	0
1618930149	220472459	0	0	0
1618930149	230507104	0	0	0
1618930149	240565402	0	0	0
1618930149	250462812	0	0	0
1618930149	260498838	0	0	0
1618930149	270501752	0	0	0
1618930149	280446501	0	0	0
1618930149	290395621	0	0	0
1618930149	300502533	0	0	0
1618930149	310521616	0	0	0
1618930149	320523550	0	0	0
1618930149	330551495	0	0	0
1618930149	340391645	0	0	0
1618930149	350329215	0	0	0
1618930149	360510697	0	0	0
1618930149	370423650	0	0	0
1618930149	380396421	0	0	0
1618930149	390467837	0	0	0
1618930149	400472076	0	0	0
1618930149	410454591	0	0	0
1618930149	420568261	0	0	0
1618930149	430595486	0	0	0
1618930149	440491913	0	0	0
1618930149	450507156	0	0	0
1618930149	460482008	0	0	0
1618930149	470509322	0	0	0
1618930149	480492150	0	0	0
1618930149	490485335	0	0	0
1618930149	500579279	0	0	0
1618930149	510547139	0	0	0
1618930149	520463287	0	0	0
1618930149	530376740	0	0	0
1618930149	540414870	0	0	0
1618930149	550393132	0	0	0
1618930149	560420018	0	0	0
1618930149	570511438	0	0	0
1618930149	580554883	0	0	0
1618930149	590412540	0	0	0
1618930149	600432161	0	0	0
1618930149	610539231	0	0	0
1618930149	620478245	0	0	0
1618930149	630418401	0	0	0
1618930149	640597173	0	0	0
1618930149	650596506	0	0	0
1618930149	660467522	0	0	0
1618930149	670476003	0	0	0
1618930149	680422841	0	0	0
1618930149	690459062	0	0	0
1618930149	700496011	0	0	0
1618930149	710505491	0	0	0
1618930149	720523833	0	0	0
1618930149	730462663	0	0	0
1618930149	740522145	0	0	0
1618930149	750433546	0	0	0
1618930149	760450794	0	0	0
1618930149	770401458	0	0	0
1618930149	780491061	0	0	0
1618930149	790521267	0	0	0
1618930149	800561543	0	0	0
1618930149	810499547	0	0	0
1618930149	820526815	0	0	0
1618930149	830402447	0	0	0
1618930149	840424225	0	0	0
1618930149	850521442	0	0	0
1618930149	860432879	0	0	0
1618930149	870460583	0	0	0
1618930149	880543400	0	0	0
1618930149	890515675	0	0	0
1618930149	900477471	0	0	0
1618930149	910388399	0	0	0
1618930149	920365569	0	0	0
1618930149	930375279	0	0	0
1618930149	940545473	0	0	0
1618930149	950555691	0	0	0
1618930149	960505147	0	0	0
1618930149	970540242	0	0	0
1618930149	980463042	0	0	0
1618930149	990414765	0	0	0
1618930150	485124	0	0	0
1618930150	10444650	0	0	0
1618930150	20399395	0	0	0
1618930150	30620565	0	0	0
1618930150	40490599	0	0	0
1618930150	50542345	0	0	0
1618930150	60472211	0	0	0
1618930150	70566942	0	0	0
1618930150	80487567	0	0	0
1618930150	90504861	0	0	0
1618930150	100453275	0	0	0
1618930150	110940430	0	0	0
1618930150	120459658	0	0	0
1618930150	130505311	0	0	0
1618930150	140387857	0	0	0
1618930150	150455397	0	0	0
1618930150	160462512	0	0	0
1618930150	170432375	0	0	0
1618930150	180368810	0	0	0
1618930150	190345491	0	0	0
1618930150	200267490	0	0	0
1618930150	210385873	0	0	0
1618930150	220477074	0	0	0
1618930150	230455553	0	0	0
1618930150	240532997	0	0	0
1618930150	250424282	0	0	0
1618930150	260395202	0	0	0
1618930150	270433663	0	0	0
1618930150	280438990	0	0	0
1618930150	290442934	0	0	0
1618930150	300468964	0	0	0
1618930150	310437758	0	0	0
1618930150	320439071	0	0	0
1618930150	330422988	0	0	0
1618930150	340418465	0	0	0
1618930150	350381897	0	0	0
1618930150	360462291	0	0	0
1618930150	370419005	0	0	0
1618930150	380442739	0	0	0
1618930150	390516081	0	0	0
1618930150	400482157	0	0	0
1618930150	410495084	0	0	0
1618930150	420452015	0	0	0
1618930150	430449401	0	0	0
1618930150	440511204	0	0	0
1618930150	450588492	0	0	0
1618930150	460538736	0	0	0
1618930150	470629614	0	0	0
1618930150	480515245	0	0	0
1618930150	490447195	0	0	0
1618930150	500504082	0	0	0
1618930150	510416287	0	0	0
1618930150	520496499	0	0	0
1618930150	530465358	0	0	0
1618930150	540502187	0	0	0
1618930150	550568494	0	0	0
1618930150	560558901	0	0	0
1618930150	570357802	0	0	0
1618930150	580537300	0	0	0
1618930150	590448895	0	0	0
1618930150	600581155	0	0	0
1618930150	610404114	0	0	0
1618930150	620466375	0	0	0
1618930150	630408439	0	0	0
1618930150	640565836	0	0	0
1618930150	650547604	0	0	0
1618930150	660558671	0	0	0
1618930150	670557835	0	0	0
1618930150	680446150	0	0	0
1618930150	690460053	0	0	0
1618930150	700507596	0	0	0
1618930150	710521247	0	0	0
1618930150	720439140	0	0	0
1618930150	730501418	0	0	0
1618930150	740429386	0	0	0
1618930150	750460458	0	0	0
1618930150	760508400	0	0	0
1618930150	770386997	0	0	0
1618930150	780472526	0	0	0
1618930150	790425411	0	0	0
1618930150	800567987	0	0	0
1618930150	810541518	0	0	0
1618930150	820582899	0	0	0
1618930150	830621030	0	0	0
1618930150	840618291	0	0	0
1618930150	850498941	0	0	0
1618930150	860466716	0	0	0
1618930150	870466325	0	0	0
1618930150	880410327	0	0	0
1618930150	890451589	0	0	0
1618930150	900433327	0	0	0
1618930150	910518667	0	0	0
1618930150	920438072	0	0	0
1618930150	930421767	0	0	0
1618930150	940370226	0	0	0
1618930150	950398005	0	0	0
1618930150	960363671	0	0	0
1618930150	970361583	0	0	0
1618930150	980448800	0	0	0
1618930150	990457266	0	0	0
1618930151	533172	0	0	0
1618930151	10554249	0	0	0
1618930151	20496377	0	0	0
1618930151	30554384	0	0	0
1618930151	40631734	0	0	0
1618930151	50595261	0	0	0
1618930151	60495444	0	0	0
1618930151	70449730	0	0	0
1618930151	80503360	0	0	0
1618930151	90482959	0	0	0
1618930151	100470974	0	0	0
1618930151	110493969	0	0	0
1618930151	120518245	0	0	0
1618930151	130509221	0	0	0
1618930151	140412068	0	0	0
1618930151	150421584	0	0	0
1618930151	160449830	0	0	0
1618930151	170469071	0	0	0
1618930151	180473725	0	0	0
1618930151	190448798	0	0	0
1618930151	200472046	0	0	0
1618930151	210417727	0	0	0
1618930151	220510517	0	0	0
1618930151	230467137	0	0	0
1618930151	240499490	0	0	0
1618930151	250515925	0	0	0
1618930151	260506939	0	0	0
1618930151	270560560	0	0	0
1618930151	280470259	0	0	0
1618930151	290577682	0	0	0
1618930151	300444078	0	0	0
1618930151	310618383	0	0	0
1618930151	320501286	0	0	0
1618930151	330494257	0	0	0
1618930151	340617485	0	0	0
1618930151	350537426	0	0	0
1618930151	360624156	0	0	0
1618930151	370540464	0	0	0
1618930151	380468954	0	0	0
1618930151	390416065	0	0	0
1618930151	400417059	0	0	0
1618930151	410470825	0	0	0
1618930151	420429922	0	0	0
1618930151	430545232	0	0	0
1618930151	440415617	0	0	0
1618930151	450459934	0	0	0
1618930151	460615116	0	0	0
1618930151	470473911	0	0	0
1618930151	480471131	0	0	0
1618930151	490519706	0	0	0
1618930151	500498369	0	0	0
1618930151	510480751	0	0	0
1618930151	520543952	0	0	0
1618930151	530474097	0	0	0
1618930151	540469435	0	0	0
1618930151	550563001	0	0	0
1618930151	560548623	0	0	0
1618930151	570470513	0	0	0
1618930151	580485402	0	0	0
1618930151	590501622	0	0	0
1618930151	600622614	0	0	0
1618930151	610485366	0	0	0
1618930151	620488421	0	0	0
1618930151	630467347	0	0	0
1618930151	640465871	0	0	0
1618930151	650485691	0	0	0
1618930151	660412760	0	0	0
1618930151	670607555	0	0	0
1618930151	680500972	0	0	0
1618930151	690449542	0	0	0
1618930151	700527174	0	0	0
1618930151	710451801	0	0	0
1618930151	720416411	0	0	0
1618930151	730514842	0	0	0
1618930151	740535691	0	0	0
1618930151	750477857	0	0	0
1618930151	760504294	0	0	0
1618930151	770514580	0	0	0
1618930151	780462782	0	0	0
1618930151	790391518	0	0	0
1618930151	800448879	0	0	0
1618930151	810518491	0	0	0
1618930151	820446119	0	0	0
1618930151	830514712	0	0	0
1618930151	840517655	0	0	0
1618930151	850478894	0	0	0
1618930151	860518958	0	0	0
1618930151	870505425	0	0	0
1618930151	880528071	0	0	0
1618930151	890470970	0	0	0
1618930151	900461251	0	0	0
1618930151	910539814	0	0	0
1618930151	920532995	0	0	0
1618930151	930532943	0	0	0
1618930151	940550600	0	0	0
1618930151	950551725	0	0	0
1618930151	960580586	0	0	0
1618930151	970554008	0	0	0
1618930151	980560569	0	0	0
1618930151	990516141	0	0	0
1618930152	488923	0	0	0
1618930152	10479168	0	0	0
1618930152	20508396	0	0	0
1618930152	30514453	0	0	0
1618930152	40406417	0	0	0
1618930152	50415370	0	0	0
1618930152	60475310	0	0	0
1618930152	70467575	0	0	0
1618930152	80412463	0	0	0
1618930152	90367470	0	0	0
1618930152	100555443	0	0	0
1618930152	110584171	0	0	0
1618930152	120547313	0	0	0
1618930152	130532876	0	0	0
1618930152	140488372	0	0	0
1618930152	150634797	0	0	0
1618930152	160660780	0	0	0
1618930152	170673648	0	0	0
1618930152	180593264	0	0	0
1618930152	190607570	0	0	0
1618930152	200478247	0	0	0
1618930152	210606350	0	0	0
1618930152	220618624	0	0	0
1618930152	230580034	0	0	0
1618930152	240627975	0	0	0
1618930152	250492392	0	0	0
1618930152	260449630	0	0	0
1618930152	270522851	0	0	0
1618930152	280550620	0	0	0
1618930152	290540689	0	0	0
1618930152	300448529	0	0	0
1618930152	310405867	0	0	0
1618930152	320452527	0	0	0
1618930152	330486603	0	0	0
1618930152	340487103	0	0	0
1618930152	350480826	0	0	0
1618930152	360412953	0	0	0
1618930152	370407676	0	0	0
1618930152	380518022	0	0	0
1618930152	390469703	0	0	0
1618930152	400517970	0	0	0
1618930152	410421720	0	0	0
1618930152	420436660	0	0	0
1618930152	430452606	0	0	0
1618930152	440468831	0	0	0
1618930152	450553224	0	0	0
1618930152	460505938	0	0	0
1618930152	470491124	0	0	0
1618930152	480528722	0	0	0
1618930152	490536191	0	0	0
1618930152	500520417	0	0	0
1618930152	510553333	0	0	0
1618930152	520605678	0	0	0
1618930152	530574467	0	0	0
1618930152	540567093	0	0	0
1618930152	550517050	0	0	0
1618930152	560603083	0	0	0
1618930152	570600608	0	0	0
1618930152	580640719	0	0	0
1618930152	590496168	0	0	0
1618930152	601209720	0	0	0
1618930152	610554135	0	0	0
1618930152	620495776	0	0	0
1618930152	631169706	0	0	0
1618930152	640624467	0	0	0
1618930152	650505815	0	0	0
1618930152	660497861	0	0	0
1618930152	670602000	0	0	0
1618930152	680634730	0	0	0
1618930152	690540207	0	0	0
1618930152	700485962	0	0	0
1618930152	710590073	0	0	0
1618930152	720526739	0	0	0
1618930152	730546974	0	0	0
1618930152	740398645	0	0	0
1618930152	750567853	0	0	0
1618930152	760460928	0	0	0
1618930152	770446879	0	0	0
1618930152	780541205	0	0	0
1618930152	790435046	0	0	0
1618930152	800559424	0	0	0
1618930152	810449316	0	0	0
1618930152	820611148	0	0	0
1618930152	830444105	0	0	0
1618930152	840549717	0	0	0
1618930152	850571721	0	0	0
1618930152	860630014	0	0	0
1618930152	870500097	0	0	0
1618930152	880590189	0	0	0
1618930152	890437569	0	0	0
1618930152	900608775	0	0	0
1618930152	910509754	0	0	0
1618930152	920438240	0	0	0
1618930152	930598043	0	0	0
1618930152	940541346	0	0	0
1618930152	950525948	0	0	0
1618930152	960548370	0	0	0
1618930152	970507316	0	0	0
1618930152	980594285	0	0	0
1618930152	990531130	0	0	0
1618930153	503473	0	0	0
1618930153	10602602	0	0	0
1618930153	20520475	0	0	0
1618930153	30663247	0	0	0
1618930153	40513577	0	0	0
1618930153	50555335	0	0	0
1618930153	60512241	0	0	0
1618930153	70383345	0	0	0
1618930153	80604382	0	0	0
1618930153	90597859	0	0	0
1618930153	100543145	0	0	0
1618930153	110430615	0	0	0
1618930153	120512808	0	0	0
1618930153	130487658	0	0	0
1618930153	140538352	0	0	0
1618930153	150588532	0	0	0
1618930153	160502886	0	0	0
1618930153	170515488	0	0	0
1618930153	180513529	0	0	0
1618930153	190571469	0	0	0
1618930153	200482558	0	0	0
1618930153	210564170	0	0	0
1618930153	220485190	0	0	0
1618930153	230581953	0	0	0
1618930153	240569948	0	0	0
1618930153	250520190	0	0	0
1618930153	260422405	0	0	0
1618930153	270505039	0	0	0
1618930153	280511962	0	0	0
1618930153	290526574	0	0	0
1618930153	300498934	0	0	0
1618930153	310434162	0	0	0
1618930153	320595675	0	0	0
1618930153	330631257	0	0	0
1618930153	340539001	0	0	0
1618930153	350640607	0	0	0
1618930153	360522762	0	0	0
1618930153	370664753	0	0	0
1618930153	380466752	0	0	0
1618930153	390543770	0	0	0
1618930153	400645038	0	0	0
1618930153	410621448	0	0	0
1618930153	420510970	0	0	0
1618930153	430573265	0	0	0
1618930153	440619903	0	0	0
1618930153	450611326	0	0	0
1618930153	460457615	0	0	0
1618930153	470566813	0	0	0
1618930153	480637615	0	0	0
1618930153	490584023	0	0	0
1618930153	500533345	0	0	0
1618930153	510429668	0	0	0
1618930153	520502514	0	0	0
1618930153	530564632	0	0	0
1618930153	540608576	0	0	0
1618930153	550553285	0	0	0
1618930153	560487394	0	0	0
1618930153	570519095	0	0	0
1618930153	580442269	0	0	0
1618930153	590604850	0	0	0
1618930153	600461614	0	0	0
1618930153	610529599	0	0	0
1618930153	620456568	0	0	0
1618930153	630409616	0	0	0
1618930153	640611979	0	0	0
1618930153	650598613	0	0	0
1618930153	660531584	0	0	0
1618930153	670507492	0	0	0
1618930153	680591455	0	0	0
1618930153	690504742	0	0	0
1618930153	700564224	0	0	0
1618930153	710470058	0	0	0
1618930153	720420285	0	0	0
1618930153	730511693	0	0	0
1618930153	740481400	0	0	0
1618930153	750554790	0	0	0
1618930153	760566374	0	0	0
1618930153	770549124	0	0	0
1618930153	780464839	0	0	0
1618930153	790688159	0	0	0
1618930153	800582521	0	0	0
1618930153	810562443	0	0	0
1618930153	820578441	0	0	0
1618930153	830611492	0	0	0
1618930153	840607122	0	0	0
1618930153	850631515	0	0	0
1618930153	860628905	0	0	0
1618930153	870478030	0	0	0
1618930153	880572376	0	0	0
1618930153	890619819	0	0	0
1618930153	900388212	0	0	0
1618930153	910510238	0	0	0
1618930153	920533408	0	0	0
1618930153	930581292	0	0	0
1618930153	940526512	0	0	0
1618930153	950468235	0	0	0
1618930153	960483947	0	0	0
1618930153	970568926	0	0	0
1618930153	980619277	0	0	0
1618930153	990585315	0	0	0
1618930154	492001	0	0	0
1618930154	10457784	0	0	0
1618930154	20610412	0	0	0
1618930154	30577160	0	0	0
1618930154	40386828	0	0	0
1618930154	50573215	0	0	0
1618930154	60581455	0	0	0
1618930154	70593033	0	0	0
1618930154	80477886	0	0	0
1618930154	90520840	0	0	0
1618930154	100507063	0	0	0
1618930154	110501215	0	0	0
1618930154	120640295	0	0	0
1618930154	130465199	0	0	0
1618930154	140453830	0	0	0
1618930154	150503921	0	0	0
1618930154	160421063	0	0	0
1618930154	170506295	0	0	0
1618930154	180550516	0	0	0
1618930154	190625195	0	0	0
1618930154	200625260	0	0	0
1618930154	210683961	0	0	0
1618930154	220550130	0	0	0
1618930154	230534605	0	0	0
1618930154	240437961	0	0	0
1618930154	250585376	0	0	0
1618930154	260658030	0	0	0
1618930154	270537115	0	0	0
1618930154	280508556	0	0	0
1618930154	290587957	0	0	0
1618930154	300557911	0	0	0
1618930154	310584957	0	0	0
1618930154	320392011	0	0	0
1618930154	330500531	0	0	0
1618930154	340588127	0	0	0
1618930154	350517011	0	0	0
1618930154	360586589	0	0	0
1618930154	370643205	0	0	0
1618930154	380444423	0	0	0
1618930154	390455204	0	0	0
1618930154	400544089	0	0	0
1618930154	410639256	0	0	0
1618930154	420573810	0	0	0
1618930154	430656097	0	0	0
1618930154	440437381	0	0	0
1618930154	450532022	0	0	0
1618930154	460437545	0	0	0
1618930154	470602346	0	0	0
1618930154	480530044	0	0	0
1618930154	490476172	0	0	0
1618930154	500567339	0	0	0
1618930154	510430029	0	0	0
1618930154	520562674	0	0	0
1618930154	530573454	0	0	0
1618930154	540551039	0	0	0
1618930154	550589554	0	0	0
1618930154	560552504	0	0	0
1618930154	570541580	0	0	0
1618930154	580597550	0	0	0
1618930154	590577665	0	0	0
1618930154	600553579	0	0	0
1618930154	610515523	0	0	0
1618930154	620495681	0	0	0
1618930154	630503493	0	0	0
1618930154	640605690	0	0	0
1618930154	650446953	0	0	0
1618930154	660610783	0	0	0
1618930154	670526671	0	0	0
1618930154	680573024	0	0	0
1618930154	690462311	0	0	0
1618930154	700536883	0	0	0
1618930154	710449293	0	0	0
1618930154	720482850	0	0	0
1618930154	730472768	0	0	0
1618930154	740606558	0	0	0
1618930154	750637814	0	0	0
1618930154	760605946	0	0	0
1618930154	770554805	0	0	0
1618930154	780558570	0	0	0
1618930154	790582456	0	0	0
1618930154	800613236	0	0	0
1618930154	810566305	0	0	0
1618930154	820650957	0	0	0
1618930154	830530350	0	0	0
1618930154	840617635	0	0	0
1618930154	850588707	0	0	0
1618930154	860597255	0	0	0
1618930154	870644746	0	0	0
1618930154	880475233	0	0	0
1618930154	890474002	0	0	0
1618930154	900539464	0	0	0
1618930154	910708003	0	0	0
1618930154	920592214	0	0	0
1618930154	930562378	0	0	0
1618930154	940598674	0	0	0
1618930154	950513669	0	0	0
1618930154	960489573	0	0	0
1618930154	970506085	0	0	0
1618930154	980460298	0	0	0
1618930154	990531401	0	0	0
1618930155	474519	0	0	0
1618930155	10520696	0	0	0
1618930155	20480401	0	0	0
1618930155	30527416	0	0	0
1618930155	40518107	0	0	0
1618930155	50548470	0	0	0
1618930155	60583483	0	0	0
1618930155	70517384	0	0	0
1618930155	80505022	0	0	0
1618930155	90519228	0	0	0
1618930155	100541764	0	0	0
1618930155	110518462	0	0	0
1618930155	120508662	0	0	0
1618930155	130578116	0	0	0
1618930155	140536721	0	0	0
1618930155	150690919	0	0	0
1618930155	160625181	0	0	0
1618930155	170653983	0	0	0
1618930155	180591779	0	0	0
1618930155	190672377	0	0	0
1618930155	200527509	0	0	0
1618930155	210480879	0	0	0
1618930155	220508814	0	0	0
1618930155	230614910	0	0	0
1618930155	240549651	0	0	0
1618930155	250501201	0	0	0
1618930155	260485196	0	0	0
1618930155	270494068	0	0	0
1618930155	280571420	0	0	0
1618930155	290605677	0	0	0
1618930155	300544006	0	0	0
1618930155	310546459	0	0	0
1618930155	320596163	0	0	0
1618930155	330492743	0	0	0
1618930155	340470758	0	0	0
1618930155	350488665	0	0	0
1618930155	360533739	0	0	0
1618930155	370660649	0	0	0
1618930155	380638334	0	0	0
1618930155	390639740	0	0	0
1618930155	400579161	0	0	0
1618930155	410623608	0	0	0
1618930155	420620444	0	0	0
1618930155	430500487	0	0	0
1618930155	440589523	0	0	0
1618930155	450477747	0	0	0
1618930155	460550384	0	0	0
1618930155	470570445	0	0	0
1618930155	480439063	0	0	0
1618930155	490498030	0	0	0
1618930155	500493927	0	0	0
1618930155	510645321	0	0	0
1618930155	520430947	0	0	0
1618930155	530556221	0	0	0
1618930155	540477916	0	0	0
1618930155	550634417	0	0	0
1618930155	560490796	0	0	0
1618930155	570519642	0	0	0
1618930155	580469127	0	0	0
1618930155	590572761	0	0	0
1618930155	600669940	0	0	0
1618930155	610661453	0	0	0
1618930155	620629847	0	0	0
1618930155	630484177	0	0	0
1618930155	640595784	0	0	0
1618930155	650649930	0	0	0
1618930155	660634380	0	0	0
1618930155	670641581	0	0	0
1618930155	680650560	0	0	0
1618930155	690633503	0	0	0
1618930155	700595291	0	0	0
1618930155	710505507	0	0	0
1618930155	720503117	0	0	0
1618930155	730449542	0	0	0
1618930155	740583023	0	0	0
1618930155	750574864	0	0	0
1618930155	760493711	0	0	0
1618930155	770582858	0	0	0
1618930155	780559424	0	0	0
1618930155	790593300	0	0	0
1618930155	800455597	0	0	0
1618930155	810548895	0	0	0
1618930155	820542288	0	0	0
1618930155	830468086	0	0	0
1618930155	840592952	0	0	0
1618930155	850595767	0	0	0
1618930155	860480195	0	0	0
1618930155	870652851	0	0	0
1618930155	880673305	0	0	0
1618930155	890640726	0	0	0
1618930155	900506857	0	0	0
1618930155	910588968	0	0	0
1618930155	920619180	0	0	0
1618930155	930483409	0	0	0
1618930155	940605141	0	0	0
1618930155	950552525	0	0	0
1618930155	960556525	0	0	0
1618930155	970493248	0	0	0
1618930155	980554196	0	0	0
1618930155	990530803	0	0	0
1618930156	640387	0	0	0
1618930156	10682133	0	0	0
1618930156	20593016	0	0	0
1618930156	30654007	0	0	0
1618930156	40608853	0	0	0
1618930156	50603496	0	0	0
1618930156	60666147	0	0	0
1618930156	70621232	0	0	0
1618930156	80665152	0	0	0
1618930156	90550876	0	0	0
1618930156	100587788	0	0	0
1618930156	110671646	0	0	0
1618930156	120731144	0	0	0
1618930156	130677111	0	0	0
1618930156	140572603	0	0	0
1618930156	150667925	0	0	0
1618930156	160623765	0	0	0
1618930156	170534969	0	0	0
1618930156	180588151	0	0	0
1618930156	190536919	0	0	0
1618930156	200659146	0	0	0
1618930156	210490081	0	0	0
1618930156	220638025	0	0	0
1618930156	230666861	0	0	0
1618930156	240585167	0	0	0
1618930156	250634348	0	0	0
1618930156	260535086	0	0	0
1618930156	270559602	0	0	0
1618930156	280588037	0	0	0
1618930156	290614261	0	0	0
1618930156	300634579	0	0	0
1618930156	310603847	0	0	0
1618930156	320586217	0	0	0
1618930156	330650280	0	0	0
1618930156	340506283	0	0	0
1618930156	350639413	0	0	0
1618930156	360539705	0	0	0
1618930156	370594950	0	0	0
1618930156	380467512	0	0	0
1618930156	390582070	0	0	0
1618930156	400681421	0	0	0
1618930156	410516847	0	0	0
1618930156	420653914	0	0	0
1618930156	430632587	0	0	0
1618930156	440647966	0	0	0
1618930156	450499887	0	0	0
1618930156	460657964	0	0	0
1618930156	470632302	0	0	0
1618930156	480601796	0	0	0
1618930156	490569520	0	0	0
1618930156	500475207	0	0	0
1618930156	510603880	0	0	0
1618930156	520641535	0	0	0
1618930156	530499045	0	0	0
1618930156	540603080	0	0	0
1618930156	550575366	0	0	0
1618930156	560622806	0	0	0
1618930156	570704275	0	0	0
1618930156	580567881	0	0	0
1618930156	590586279	0	0	0
1618930156	600603545	0	0	0
1618930156	610490763	0	0	0
1618930156	620600903	0	0	0
1618930156	630616152	0	0	0
1618930156	640697748	0	0	0
1618930156	650554121	0	0	0
1618930156	660626006	0	0	0
1618930156	670684697	0	0	0
1618930156	680523661	0	0	0
1618930156	690624558	0	0	0
1618930156	700602569	0	0	0
1618930156	710544166	0	0	0
1618930156	720482561	0	0	0
1618930156	730542640	0	0	0
1618930156	740555812	0	0	0
1618930156	750546709	0	0	0
1618930156	760498924	0	0	0
1618930156	770642269	0	0	0
1618930156	780573546	0	0	0
1618930156	790605859	0	0	0
1618930156	800611177	0	0	0
1618930156	810622361	0	0	0
1618930156	820550662	0	0	0
1618930156	830574924	0	0	0
1618930156	840634174	0	0	0
1618930156	850509278	0	0	0
1618930156	860622130	0	0	0
1618930156	870636282	0	0	0
1618930156	880652479	0	0	0
1618930156	891091071	0	0	0
1618930156	900713199	0	0	0
1618930156	910567478	0	0	0
1618930156	920562957	0	0	0
1618930156	930530126	0	0	0
1618930156	940554314	0	0	0
1618930156	950550866	0	0	0
1618930156	960618775	0	0	0
1618930156	970763304	0	0	0
