time_sec	time_nanosec	q_grav_0	q_grav_1	q_grav_2	q_grav_3
1618930140	900437672	206.916	281.596	230.569
1618930140	910646412	206.916	281.596	230.569
1618930140	920573221	206.916	281.596	230.569
1618930140	930631048	206.916	281.596	230.569
1618930140	940494885	206.916	281.596	230.569
1618930140	950468834	206.916	281.596	230.569
1618930140	960562703	206.916	281.596	230.569
1618930140	970405727	206.916	281.596	230.569
1618930140	980514370	206.916	281.596	230.569
1618930140	990642058	206.916	281.596	230.569
1618930141	807831	206.916	281.596	230.569
1618930141	11258411	206.916	281.596	230.569
1618930141	21668597	206.916	281.596	230.569
1618930141	31817184	206.916	281.596	230.569
1618930141	41912129	206.916	281.596	230.569
1618930141	51849973	206.916	281.596	230.569
1618930141	61812030	206.916	281.596	230.569
1618930141	71679306	206.916	281.596	230.569
1618930141	81752143	206.916	281.596	230.569
1618930141	91719895	206.916	281.596	230.569
1618930141	101669616	206.916	281.596	230.569
1618930141	111739067	206.916	281.596	230.569
1618930141	121738108	206.916	281.596	230.569
1618930141	131730227	206.916	281.596	230.569
1618930141	141620082	206.916	281.596	230.569
1618930141	151803350	206.916	281.596	230.569
1618930141	161857756	206.916	281.596	230.569
1618930141	171758424	206.916	281.596	230.569
1618930141	181704527	206.916	281.596	230.569
1618930141	191806130	206.916	281.596	230.569
1618930141	201631610	206.916	281.596	230.569
1618930141	211663076	206.916	281.596	230.569
1618930141	221665657	206.916	281.596	230.569
1618930141	231753177	206.916	281.596	230.569
1618930141	241742243	206.916	281.596	230.569
1618930141	251631895	206.916	281.596	230.569
1618930141	261716177	206.916	281.596	230.569
1618930141	271621362	206.916	281.596	230.569
1618930141	281725265	206.916	281.596	230.569
1618930141	291749192	206.916	281.596	230.569
1618930141	301718771	206.916	281.596	230.569
1618930141	311873805	206.916	281.596	230.569
1618930141	321639214	206.916	281.596	230.569
1618930141	331894556	206.916	281.596	230.569
1618930141	341721388	206.916	281.596	230.569
1618930141	351675806	206.916	281.596	230.569
1618930141	361770507	206.916	281.596	230.569
1618930141	371576694	206.916	281.596	230.569
1618930141	381755221	206.916	281.596	230.569
1618930141	391587443	206.916	281.596	230.569
1618930141	401751483	206.916	281.596	230.569
1618930141	411703458	206.916	281.596	230.569
1618930141	421700231	206.916	281.596	230.569
1618930141	431691433	206.916	281.596	230.569
1618930141	441691662	206.916	281.596	230.569
1618930141	451668333	206.916	281.596	230.569
1618930141	461778625	206.916	281.596	230.569
1618930141	471675268	206.916	281.596	230.569
1618930141	481713311	206.916	281.596	230.569
1618930141	491697631	206.916	281.596	230.569
1618930141	501698422	206.916	281.596	230.569
1618930141	511589333	206.916	281.596	230.569
1618930141	521685073	206.916	281.596	230.569
1618930141	532002694	206.916	281.596	230.569
1618930141	541811497	206.916	281.596	230.569
1618930141	552008773	206.916	281.596	230.569
1618930141	561800341	206.916	281.596	230.569
1618930141	571755715	206.916	281.596	230.569
1618930141	581664451	206.916	281.596	230.569
1618930141	591782008	206.916	281.596	230.569
1618930141	601759111	206.916	281.596	230.569
1618930141	611782978	206.916	281.596	230.569
1618930141	621781518	206.916	281.596	230.569
1618930141	631673128	206.916	281.596	230.569
1618930141	641694696	206.916	281.596	230.569
1618930141	651838892	206.916	281.596	230.569
1618930141	661745121	206.916	281.596	230.569
1618930141	671690793	206.916	281.596	230.569
1618930141	681837986	206.916	281.596	230.569
1618930141	691835081	206.916	281.596	230.569
1618930141	701698525	206.916	281.596	230.569
1618930141	711732772	206.916	281.596	230.569
1618930141	721761726	206.916	281.596	230.569
1618930141	731576669	206.916	281.596	230.569
1618930141	741764068	206.916	281.596	230.569
1618930141	751702855	206.916	281.596	230.569
1618930141	761730767	206.916	281.596	230.569
1618930141	771784635	206.916	281.596	230.569
1618930141	781784601	206.916	281.596	230.569
1618930141	791689542	206.916	281.596	230.569
1618930141	801734076	206.916	281.596	230.569
1618930141	811918062	206.916	281.596	230.569
1618930141	821808138	206.916	281.596	230.569
1618930141	831937833	206.916	281.596	230.569
1618930141	841807996	206.916	281.596	230.569
1618930141	851799261	206.916	281.596	230.569
1618930141	861809485	206.916	281.596	230.569
1618930141	871758465	206.916	281.596	230.569
1618930141	881877928	206.916	281.596	230.569
1618930141	891853968	206.916	281.596	230.569
1618930141	901797565	206.916	281.596	230.569
1618930141	911667942	206.916	281.596	230.569
1618930141	921839027	206.916	281.596	230.569
1618930141	931746904	206.916	281.596	230.569
1618930141	941779066	206.916	281.596	230.569
1618930141	951775686	206.916	281.596	230.569
1618930141	961820111	206.916	281.596	230.569
1618930141	971714157	206.916	281.596	230.569
1618930141	981703284	206.916	281.596	230.569
1618930141	991674531	206.916	281.596	230.569
1618930142	1799768	206.916	281.596	230.569
1618930142	11705750	206.916	281.596	230.569
1618930142	21648544	206.916	281.596	230.569
1618930142	31877319	206.916	281.596	230.569
1618930142	41728789	206.916	281.596	230.569
1618930142	51894138	206.916	281.596	230.569
1618930142	61978381	206.916	281.596	230.569
1618930142	71853448	206.916	281.596	230.569
1618930142	81868914	206.916	281.596	230.569
1618930142	91891066	206.916	281.596	230.569
1618930142	101841760	206.916	281.596	230.569
1618930142	111758428	206.916	281.596	230.569
1618930142	121784476	206.916	281.596	230.569
1618930142	131787029	206.916	281.596	230.569
1618930142	141905255	206.916	281.596	230.569
1618930142	151830268	206.916	281.596	230.569
1618930142	161874293	206.916	281.596	230.569
1618930142	171820018	206.916	281.596	230.569
1618930142	181850728	206.916	281.596	230.569
1618930142	191914132	206.916	281.596	230.569
1618930142	201909780	206.916	281.596	230.569
1618930142	211905516	206.916	281.596	230.569
1618930142	221876819	206.916	281.596	230.569
1618930142	231789261	206.916	281.596	230.569
1618930142	241878814	206.916	281.596	230.569
1618930142	251786426	206.916	281.596	230.569
1618930142	261930819	206.916	281.596	230.569
1618930142	271771650	206.916	281.596	230.569
1618930142	281918096	206.916	281.596	230.569
1618930142	291822591	206.916	281.596	230.569
1618930142	301828082	206.916	281.596	230.569
1618930142	311809316	206.916	281.596	230.569
1618930142	321877267	206.916	281.596	230.569
1618930142	331883889	206.916	281.596	230.569
1618930142	341846709	206.916	281.596	230.569
1618930142	351840746	206.916	281.596	230.569
1618930142	361784841	206.916	281.596	230.569
1618930142	372105720	206.916	281.596	230.569
1618930142	381829243	206.916	281.596	230.569
1618930142	391954605	206.916	281.596	230.569
1618930142	401853836	206.916	281.596	230.569
1618930142	411934600	206.916	281.596	230.569
1618930142	421909624	206.916	281.596	230.569
1618930142	431827551	206.916	281.596	230.569
1618930142	441842873	206.916	281.596	230.569
1618930142	451982802	206.916	281.596	230.569
1618930142	461852959	206.916	281.596	230.569
1618930142	471916039	206.916	281.596	230.569
1618930142	481866079	206.916	281.596	230.569
1618930142	491856170	206.916	281.596	230.569
1618930142	501941740	206.916	281.596	230.569
1618930142	511782088	206.916	281.596	230.569
1618930142	521874944	206.916	281.596	230.569
1618930142	531787204	206.916	281.596	230.569
1618930142	541939460	206.916	281.596	230.569
1618930142	551780474	206.916	281.596	230.569
1618930142	561817130	206.916	281.596	230.569
1618930142	571789055	206.916	281.596	230.569
1618930142	582068467	206.916	281.596	230.569
1618930142	591838747	206.916	281.596	230.569
1618930142	601829042	206.916	281.596	230.569
1618930142	611894903	206.916	281.596	230.569
1618930142	621777701	206.916	281.596	230.569
1618930142	631735460	206.916	281.596	230.569
1618930142	642032099	206.916	281.596	230.569
1618930142	651790628	206.916	281.596	230.569
1618930142	661845715	206.916	281.596	230.569
1618930142	671751695	206.916	281.596	230.569
1618930142	681889374	206.916	281.596	230.569
1618930142	691779759	206.916	281.596	230.569
1618930142	701894224	206.916	281.596	230.569
1618930142	712070917	206.916	281.596	230.569
1618930142	721935900	206.916	281.596	230.569
1618930142	731907826	206.916	281.596	230.569
1618930142	741795559	206.916	281.596	230.569
1618930142	751753724	206.916	281.596	230.569
1618930142	761971149	206.916	281.596	230.569
1618930142	771994269	206.916	281.596	230.569
1618930142	781994120	206.916	281.596	230.569
1618930142	791969708	206.916	281.596	230.569
1618930142	801922551	206.916	281.596	230.569
1618930142	811919037	206.916	281.596	230.569
1618930142	821895852	206.916	281.596	230.569
1618930142	831864159	206.916	281.596	230.569
1618930142	841796452	206.916	281.596	230.569
1618930142	851948663	206.916	281.596	230.569
1618930142	861966176	206.916	281.596	230.569
1618930142	871959423	206.916	281.596	230.569
1618930142	881807574	206.916	281.596	230.569
1618930142	891662641	206.916	281.596	230.569
1618930142	901846291	206.916	281.596	230.569
1618930142	911926439	206.916	281.596	230.569
1618930142	921896544	206.916	281.596	230.569
1618930142	931900613	206.916	281.596	230.569
1618930142	941964301	206.916	281.596	230.569
1618930142	951983389	206.916	281.596	230.569
1618930142	962039600	206.916	281.596	230.569
1618930142	971902248	206.916	281.596	230.569
1618930142	981927025	206.916	281.596	230.569
1618930142	991875153	206.916	281.596	230.569
1618930143	2017296	206.916	281.596	230.569
1618930143	11910846	206.916	281.596	230.569
1618930143	21866016	206.916	281.596	230.569
1618930143	31923784	206.916	281.596	230.569
1618930143	42012194	206.916	281.596	230.569
1618930143	51827595	206.916	281.596	230.569
1618930143	61754714	206.916	281.596	230.569
1618930143	71788037	206.916	281.596	230.569
1618930143	81946398	206.916	281.596	230.569
1618930143	91915025	206.916	281.596	230.569
1618930143	101988673	206.916	281.596	230.569
1618930143	111933126	206.916	281.596	230.569
1618930143	121854105	206.916	281.596	230.569
1618930143	131916835	206.916	281.596	230.569
1618930143	141840830	206.916	281.596	230.569
1618930143	151814244	206.916	281.596	230.569
1618930143	161937555	206.916	281.596	230.569
1618930143	171978194	206.916	281.596	230.569
1618930143	181998969	206.916	281.596	230.569
1618930143	191851275	206.916	281.596	230.569
1618930143	201957023	206.916	281.596	230.569
1618930143	211846162	206.916	281.596	230.569
1618930143	221966941	206.916	281.596	230.569
1618930143	231973785	206.916	281.596	230.569
1618930143	241941416	206.916	281.596	230.569
1618930143	251869670	206.916	281.596	230.569
1618930143	261978195	206.916	281.596	230.569
1618930143	271965757	206.916	281.596	230.569
1618930143	281952437	206.916	281.596	230.569
1618930143	291870047	206.916	281.596	230.569
1618930143	301811805	206.916	281.596	230.569
1618930143	311816764	206.916	281.596	230.569
1618930143	321911814	206.916	281.596	230.569
1618930143	331836033	206.916	281.596	230.569
1618930143	341858734	206.916	281.596	230.569
1618930143	351883702	206.916	281.596	230.569
1618930143	361867097	206.916	281.596	230.569
1618930143	371901887	206.916	281.596	230.569
1618930143	381926284	206.916	281.596	230.569
1618930143	391912456	206.916	281.596	230.569
1618930143	401928377	206.916	281.596	230.569
1618930143	411863265	206.916	281.596	230.569
1618930143	422000190	206.916	281.596	230.569
1618930143	431942062	206.916	281.596	230.569
1618930143	441896119	206.916	281.596	230.569
1618930143	451837260	206.916	281.596	230.569
1618930143	461811815	206.916	281.596	230.569
1618930143	472008225	206.916	281.596	230.569
1618930143	481918275	206.916	281.596	230.569
1618930143	491915391	206.916	281.596	230.569
1618930143	501990812	206.916	281.596	230.569
1618930143	511864751	206.916	281.596	230.569
1618930143	521743788	206.916	281.596	230.569
1618930143	531769221	206.916	281.596	230.569
1618930143	542040912	206.916	281.596	230.569
1618930143	551873787	206.916	281.596	230.569
1618930143	561873313	206.916	281.596	230.569
1618930143	571798536	206.916	281.596	230.569
1618930143	581882395	206.916	281.596	230.569
1618930143	591716267	206.916	281.596	230.569
1618930143	601877859	206.916	281.596	230.569
1618930143	611920955	206.916	281.596	230.569
1618930143	621939890	206.916	281.596	230.569
1618930143	631905221	206.916	281.596	230.569
1618930143	641781612	206.916	281.596	230.569
1618930143	651971305	206.916	281.596	230.569
1618930143	661894951	206.916	281.596	230.569
1618930143	671780385	206.916	281.596	230.569
1618930143	681939782	206.916	281.596	230.569
1618930143	691971125	206.916	281.596	230.569
1618930143	701821716	206.916	281.596	230.569
1618930143	711847838	206.916	281.596	230.569
1618930143	721853888	206.916	281.596	230.569
1618930143	731736231	206.916	281.596	230.569
1618930143	741926394	206.916	281.596	230.569
1618930143	751932704	206.916	281.596	230.569
1618930143	761853526	206.916	281.596	230.569
1618930143	771903267	206.916	281.596	230.569
1618930143	781817620	206.916	281.596	230.569
1618930143	791872672	206.916	281.596	230.569
1618930143	801919847	206.916	281.596	230.569
1618930143	811923258	206.916	281.596	230.569
1618930143	821885206	206.916	281.596	230.569
1618930143	831976750	206.916	281.596	230.569
1618930143	841931285	206.916	281.596	230.569
1618930143	851940471	206.916	281.596	230.569
1618930143	861868633	206.916	281.596	230.569
1618930143	871915973	206.916	281.596	230.569
1618930143	881975805	206.916	281.596	230.569
1618930143	892054605	206.916	281.596	230.569
1618930143	902008101	206.916	281.596	230.569
1618930143	911870590	206.916	281.596	230.569
1618930143	921898547	206.916	281.596	230.569
1618930143	931823528	206.916	281.596	230.569
1618930143	941908193	206.916	281.596	230.569
1618930143	951882986	206.916	281.596	230.569
1618930143	962230890	206.916	281.596	230.569
1618930143	971801632	206.916	281.596	230.569
1618930143	982016407	206.916	281.596	230.569
1618930143	991968371	206.916	281.596	230.569
1618930144	1994913	206.916	281.596	230.569
1618930144	12006161	206.916	281.596	230.569
1618930144	21954772	206.916	281.596	230.569
1618930144	31936631	206.916	281.596	230.569
1618930144	41791235	206.916	281.596	230.569
1618930144	51816476	206.916	281.596	230.569
1618930144	62062535	206.916	281.596	230.569
1618930144	71913197	206.916	281.596	230.569
1618930144	81946500	206.916	281.596	230.569
1618930144	91807569	206.916	281.596	230.569
1618930144	101936360	206.916	281.596	230.569
1618930144	111892051	206.916	281.596	230.569
1618930144	121952972	206.916	281.596	230.569
1618930144	131977459	206.916	281.596	230.569
1618930144	141987716	206.916	281.596	230.569
1618930144	151958878	206.916	281.596	230.569
1618930144	162021972	206.916	281.596	230.569
1618930144	171909399	206.916	281.596	230.569
1618930144	181866405	206.916	281.596	230.569
1618930144	191874717	206.916	281.596	230.569
1618930144	201995622	206.916	281.596	230.569
1618930144	211908156	206.916	281.596	230.569
1618930144	221838629	206.916	281.596	230.569
1618930144	231981817	206.916	281.596	230.569
1618930144	241853029	206.916	281.596	230.569
1618930144	251826249	206.916	281.596	230.569
1618930144	261921755	206.916	281.596	230.569
1618930144	272007917	206.916	281.596	230.569
1618930144	281982740	206.916	281.596	230.569
1618930144	291955235	206.916	281.596	230.569
1618930144	301917453	206.916	281.596	230.569
1618930144	312035138	206.916	281.596	230.569
1618930144	321912338	206.916	281.596	230.569
1618930144	332173713	206.916	281.596	230.569
1618930144	341959795	206.916	281.596	230.569
1618930144	351997472	206.916	281.596	230.569
1618930144	362036104	206.916	281.596	230.569
1618930144	371895935	206.916	281.596	230.569
1618930144	381884193	206.916	281.596	230.569
1618930144	392047878	206.916	281.596	230.569
1618930144	401972743	206.916	281.596	230.569
1618930144	411774947	206.916	281.596	230.569
1618930144	421848163	206.916	281.596	230.569
1618930144	431856884	206.916	281.596	230.569
1618930144	441883575	206.916	281.596	230.569
1618930144	451943783	206.916	281.596	230.569
1618930144	461883900	206.916	281.596	230.569
1618930144	471923087	206.916	281.596	230.569
1618930144	482009327	206.916	281.596	230.569
1618930144	491959906	206.916	281.596	230.569
1618930144	501874032	206.916	281.596	230.569
1618930144	511970173	206.916	281.596	230.569
1618930144	521932895	206.916	281.596	230.569
1618930144	531858239	206.916	281.596	230.569
1618930144	541876546	206.916	281.596	230.569
1618930144	552008147	206.916	281.596	230.569
1618930144	561908147	206.916	281.596	230.569
1618930144	571961909	206.916	281.596	230.569
1618930144	581916217	206.916	281.596	230.569
1618930144	591948230	206.916	281.596	230.569
1618930144	602107713	206.916	281.596	230.569
1618930144	611857657	206.916	281.596	230.569
1618930144	621865602	206.916	281.596	230.569
1618930144	631792093	206.916	281.596	230.569
1618930144	641878160	206.916	281.596	230.569
1618930144	651779582	206.916	281.596	230.569
1618930144	661902658	206.916	281.596	230.569
1618930144	671949397	206.916	281.596	230.569
1618930144	681971367	206.916	281.596	230.569
1618930144	691842826	206.916	281.596	230.569
1618930144	701956103	206.916	281.596	230.569
1618930144	711820174	206.916	281.596	230.569
1618930144	721823445	206.916	281.596	230.569
1618930144	731910116	206.916	281.596	230.569
1618930144	741802990	206.916	281.596	230.569
1618930144	751777636	206.916	281.596	230.569
1618930144	761930678	206.916	281.596	230.569
1618930144	772056178	206.916	281.596	230.569
1618930144	781904700	206.916	281.596	230.569
1618930144	791866620	206.916	281.596	230.569
1618930144	801992232	206.916	281.596	230.569
1618930144	811897019	206.916	281.596	230.569
1618930144	821910795	206.916	281.596	230.569
1618930144	831971611	206.916	281.596	230.569
1618930144	841918698	206.916	281.596	230.569
1618930144	851923634	206.916	281.596	230.569
1618930144	861868405	206.916	281.596	230.569
1618930144	871829097	206.916	281.596	230.569
1618930144	881813135	206.916	281.596	230.569
1618930144	891931817	206.916	281.596	230.569
1618930144	901866735	206.916	281.596	230.569
1618930144	911948703	206.916	281.596	230.569
1618930144	922051847	206.916	281.596	230.569
1618930144	931954173	206.916	281.596	230.569
1618930144	941983321	206.916	281.596	230.569
1618930144	951879724	206.916	281.596	230.569
1618930144	961998152	206.916	281.596	230.569
1618930144	972043490	206.916	281.596	230.569
1618930144	981905542	206.916	281.596	230.569
1618930144	991883433	206.916	281.596	230.569
1618930145	2002046	206.916	281.596	230.569
1618930145	12006287	206.916	281.596	230.569
1618930145	21841825	206.916	281.596	230.569
1618930145	31965877	206.916	281.596	230.569
1618930145	41948387	206.916	281.596	230.569
1618930145	52054575	206.916	281.596	230.569
1618930145	62008068	206.916	281.596	230.569
1618930145	71916096	206.916	281.596	230.569
1618930145	81938152	206.916	281.596	230.569
1618930145	91873580	206.916	281.596	230.569
1618930145	101918174	206.916	281.596	230.569
1618930145	111887988	206.916	281.596	230.569
1618930145	122012579	206.916	281.596	230.569
1618930145	132007674	206.916	281.596	230.569
1618930145	141966588	206.916	281.596	230.569
1618930145	151840805	206.916	281.596	230.569
1618930145	161982570	206.916	281.596	230.569
1618930145	172016397	206.916	281.596	230.569
1618930145	182005451	206.916	281.596	230.569
1618930145	191890865	206.916	281.596	230.569
1618930145	201950989	206.916	281.596	230.569
1618930145	211874941	206.916	281.596	230.569
1618930145	222107257	206.916	281.596	230.569
1618930145	231959129	206.916	281.596	230.569
1618930145	241955931	206.916	281.596	230.569
1618930145	251927928	206.916	281.596	230.569
1618930145	261980580	206.916	281.596	230.569
1618930145	272009962	206.916	281.596	230.569
1618930145	282007089	206.916	281.596	230.569
1618930145	292127816	206.916	281.596	230.569
1618930145	301938123	206.916	281.596	230.569
1618930145	311952709	206.916	281.596	230.569
1618930145	321870559	206.916	281.596	230.569
1618930145	331864825	206.916	281.596	230.569
1618930145	341727306	206.916	281.596	230.569
1618930145	352094381	206.916	281.596	230.569
1618930145	361769445	206.916	281.596	230.569
1618930145	371861753	206.916	281.596	230.569
1618930145	381874652	206.916	281.596	230.569
1618930145	391839007	206.916	281.596	230.569
1618930145	401941662	206.916	281.596	230.569
1618930145	411979923	206.916	281.596	230.569
1618930145	421908707	206.916	281.596	230.569
1618930145	431920761	206.916	281.596	230.569
1618930145	442175443	206.916	281.596	230.569
1618930145	452127636	206.916	281.596	230.569
1618930145	461909496	206.916	281.596	230.569
1618930145	471968435	206.916	281.596	230.569
1618930145	481851791	206.916	281.596	230.569
1618930145	491901267	206.916	281.596	230.569
1618930145	501952871	206.916	281.596	230.569
1618930145	511871084	206.916	281.596	230.569
1618930145	521914490	206.916	281.596	230.569
1618930145	531951790	206.916	281.596	230.569
1618930145	541947473	206.916	281.596	230.569
1618930145	551972268	206.916	281.596	230.569
1618930145	561957330	206.916	281.596	230.569
1618930145	571814048	206.916	281.596	230.569
1618930145	581925714	206.916	281.596	230.569
1618930145	591798364	206.916	281.596	230.569
1618930145	601984439	206.916	281.596	230.569
1618930145	611905156	206.916	281.596	230.569
1618930145	621939131	206.916	281.596	230.569
1618930145	632087468	206.916	281.596	230.569
1618930145	641894338	206.916	281.596	230.569
1618930145	651935264	206.916	281.596	230.569
1618930145	661976114	206.916	281.596	230.569
1618930145	671950992	206.916	281.596	230.569
1618930145	681995780	206.916	281.596	230.569
1618930145	691845681	206.916	281.596	230.569
1618930145	702047906	206.916	281.596	230.569
1618930145	711946577	206.916	281.596	230.569
1618930145	722034268	206.916	281.596	230.569
1618930145	732024933	206.916	281.596	230.569
1618930145	742029157	206.916	281.596	230.569
1618930145	752003697	206.916	281.596	230.569
1618930145	762043273	206.916	281.596	230.569
1618930145	771974112	206.916	281.596	230.569
1618930145	781995415	206.916	281.596	230.569
1618930145	791952635	206.916	281.596	230.569
1618930145	802026952	206.916	281.596	230.569
1618930145	811919174	206.916	281.596	230.569
1618930145	822069512	206.916	281.596	230.569
1618930145	831943510	206.916	281.596	230.569
1618930145	841856089	206.916	281.596	230.569
1618930145	851963499	206.916	281.596	230.569
1618930145	862187421	206.916	281.596	230.569
1618930145	871979074	206.916	281.596	230.569
1618930145	882074057	206.916	281.596	230.569
1618930145	892090034	206.916	281.596	230.569
1618930145	902013705	206.916	281.596	230.569
1618930145	912031927	206.916	281.596	230.569
1618930145	921959086	206.916	281.596	230.569
1618930145	931908758	206.916	281.596	230.569
1618930145	941966798	206.916	281.596	230.569
1618930145	952042439	206.916	281.596	230.569
1618930145	962054015	206.916	281.596	230.569
1618930145	972004654	206.916	281.596	230.569
1618930145	981879090	206.916	281.596	230.569
1618930145	991972048	206.916	281.596	230.569
1618930146	1903367	206.916	281.596	230.569
1618930146	11988507	206.916	281.596	230.569
1618930146	22045682	206.916	281.596	230.569
1618930146	31958076	206.916	281.596	230.569
1618930146	42075518	206.916	281.596	230.569
1618930146	51836034	206.916	281.596	230.569
1618930146	61803833	206.916	281.596	230.569
1618930146	71848955	206.916	281.596	230.569
1618930146	81865858	206.916	281.596	230.569
1618930146	91839958	206.916	281.596	230.569
1618930146	101918899	206.916	281.596	230.569
1618930146	111880897	206.916	281.596	230.569
1618930146	121941436	206.916	281.596	230.569
1618930146	131932627	206.916	281.596	230.569
1618930146	141902811	206.916	281.596	230.569
1618930146	151882398	206.916	281.596	230.569
1618930146	162006305	206.916	281.596	230.569
1618930146	171902883	206.916	281.596	230.569
1618930146	181779089	206.916	281.596	230.569
1618930146	191852343	206.916	281.596	230.569
1618930146	201924689	206.916	281.596	230.569
1618930146	211959100	206.916	281.596	230.569
1618930146	221953526	206.916	281.596	230.569
1618930146	231833753	206.916	281.596	230.569
1618930146	241859325	206.916	281.596	230.569
1618930146	251931144	206.916	281.596	230.569
1618930146	261917303	206.916	281.596	230.569
1618930146	271851445	206.916	281.596	230.569
1618930146	281895585	206.916	281.596	230.569
1618930146	291842257	206.916	281.596	230.569
1618930146	302098435	206.916	281.596	230.569
1618930146	311894114	206.916	281.596	230.569
1618930146	321837529	206.916	281.596	230.569
1618930146	332000958	206.916	281.596	230.569
1618930146	341944214	206.916	281.596	230.569
1618930146	351924139	206.916	281.596	230.569
1618930146	362054520	206.916	281.596	230.569
1618930146	372020812	206.916	281.596	230.569
1618930146	381985162	206.916	281.596	230.569
1618930146	391951745	206.916	281.596	230.569
1618930146	402007799	206.916	281.596	230.569
1618930146	411996567	206.916	281.596	230.569
1618930146	422069666	206.916	281.596	230.569
1618930146	432133195	206.916	281.596	230.569
1618930146	442097264	206.916	281.596	230.569
1618930146	452039142	206.916	281.596	230.569
1618930146	461925050	206.916	281.596	230.569
1618930146	471925002	206.916	281.596	230.569
1618930146	481885383	206.916	281.596	230.569
1618930146	491806476	206.916	281.596	230.569
1618930146	501896016	206.916	281.596	230.569
1618930146	511945221	206.916	281.596	230.569
1618930146	521928780	206.916	281.596	230.569
1618930146	531845197	206.916	281.596	230.569
1618930146	541917697	206.916	281.596	230.569
1618930146	551922689	206.916	281.596	230.569
1618930146	561933085	206.916	281.596	230.569
1618930146	571904894	206.916	281.596	230.569
1618930146	581965729	206.916	281.596	230.569
1618930146	591986057	206.916	281.596	230.569
1618930146	601914728	206.916	281.596	230.569
1618930146	612152875	206.916	281.596	230.569
1618930146	622014894	206.916	281.596	230.569
1618930146	632142767	206.916	281.596	230.569
1618930146	641964648	206.916	281.596	230.569
1618930146	651877251	206.916	281.596	230.569
1618930146	662002062	206.916	281.596	230.569
1618930146	671990701	206.916	281.596	230.569
1618930146	682086328	206.916	281.596	230.569
1618930146	692032619	206.916	281.596	230.569
1618930146	701962503	206.916	281.596	230.569
1618930146	711971547	206.916	281.596	230.569
1618930146	722092551	206.916	281.596	230.569
1618930146	731822739	206.916	281.596	230.569
1618930146	741997769	206.916	281.596	230.569
1618930146	752125895	206.916	281.596	230.569
1618930146	762030036	206.916	281.596	230.569
1618930146	771857664	206.916	281.596	230.569
1618930146	781926295	206.916	281.596	230.569
1618930146	791882059	206.916	281.596	230.569
1618930146	801934468	206.916	281.596	230.569
1618930146	811906721	206.916	281.596	230.569
1618930146	822014190	206.916	281.596	230.569
1618930146	831965646	206.916	281.596	230.569
1618930146	841978075	206.916	281.596	230.569
1618930146	852002402	206.916	281.596	230.569
1618930146	861991408	206.916	281.596	230.569
1618930146	872020735	206.916	281.596	230.569
1618930146	881996949	206.916	281.596	230.569
1618930146	891925875	206.916	281.596	230.569
1618930146	901992610	206.916	281.596	230.569
1618930146	911961746	206.916	281.596	230.569
1618930146	921943460	206.916	281.596	230.569
1618930146	932146503	206.916	281.596	230.569
1618930146	941960815	206.916	281.596	230.569
1618930146	951943861	206.916	281.596	230.569
1618930146	961937873	206.916	281.596	230.569
1618930146	971903998	206.916	281.596	230.569
1618930146	981836779	206.916	281.596	230.569
1618930146	991878490	206.916	281.596	230.569
1618930147	1894815	206.916	281.596	230.569
1618930147	11923793	206.916	281.596	230.569
1618930147	21971646	206.916	281.596	230.569
1618930147	32068222	206.916	281.596	230.569
1618930147	41925671	206.916	281.596	230.569
1618930147	51878677	206.916	281.596	230.569
1618930147	61885796	206.916	281.596	230.569
1618930147	71879966	206.916	281.596	230.569
1618930147	81920229	206.916	281.596	230.569
1618930147	91921894	206.916	281.596	230.569
1618930147	101997845	206.916	281.596	230.569
1618930147	111953737	206.916	281.596	230.569
1618930147	121893937	206.916	281.596	230.569
1618930147	131826726	206.916	281.596	230.569
1618930147	142071492	206.916	281.596	230.569
1618930147	152094438	206.916	281.596	230.569
1618930147	161962826	206.916	281.596	230.569
1618930147	172030278	206.916	281.596	230.569
1618930147	181900452	206.916	281.596	230.569
1618930147	191897658	206.916	281.596	230.569
1618930147	202012655	206.916	281.596	230.569
1618930147	211949527	206.916	281.596	230.569
1618930147	222106332	206.916	281.596	230.569
1618930147	232001652	206.916	281.596	230.569
1618930147	241976324	206.916	281.596	230.569
1618930147	252022464	206.916	281.596	230.569
1618930147	261987856	206.916	281.596	230.569
1618930147	271918401	206.916	281.596	230.569
1618930147	281965257	206.916	281.596	230.569
1618930147	291959024	206.916	281.596	230.569
1618930147	301869008	206.916	281.596	230.569
1618930147	312093827	206.916	281.596	230.569
1618930147	321975820	206.916	281.596	230.569
1618930147	332196462	206.916	281.596	230.569
1618930147	341830653	206.916	281.596	230.569
1618930147	351882076	206.916	281.596	230.569
1618930147	361924496	206.916	281.596	230.569
1618930147	371876865	206.916	281.596	230.569
1618930147	381886218	206.916	281.596	230.569
1618930147	391930171	206.916	281.596	230.569
1618930147	402121717	206.916	281.596	230.569
1618930147	412079343	206.916	281.596	230.569
1618930147	422048609	206.916	281.596	230.569
1618930147	431984463	206.916	281.596	230.569
1618930147	441981282	206.916	281.596	230.569
1618930147	451923121	206.916	281.596	230.569
1618930147	462112585	206.916	281.596	230.569
1618930147	471980967	206.916	281.596	230.569
1618930147	481921272	206.916	281.596	230.569
1618930147	491904927	206.916	281.596	230.569
1618930147	501893973	206.916	281.596	230.569
1618930147	511876535	206.916	281.596	230.569
1618930147	521838780	206.916	281.596	230.569
1618930147	531945326	206.916	281.596	230.569
1618930147	542112062	206.916	281.596	230.569
1618930147	552090361	206.916	281.596	230.569
1618930147	561987158	206.916	281.596	230.569
1618930147	571943087	206.916	281.596	230.569
1618930147	582030265	206.916	281.596	230.569
1618930147	591974634	206.916	281.596	230.569
1618930147	602018510	206.916	281.596	230.569
1618930147	611896807	206.916	281.596	230.569
1618930147	621858281	206.916	281.596	230.569
1618930147	631924123	206.916	281.596	230.569
1618930147	642004266	206.916	281.596	230.569
1618930147	651929215	206.916	281.596	230.569
1618930147	662094636	206.916	281.596	230.569
1618930147	672059525	206.916	281.596	230.569
1618930147	681929685	206.916	281.596	230.569
1618930147	691932339	206.916	281.596	230.569
1618930147	701824139	206.916	281.596	230.569
1618930147	711877903	206.916	281.596	230.569
1618930147	721890152	206.916	281.596	230.569
1618930147	731885704	206.916	281.596	230.569
1618930147	742005182	206.916	281.596	230.569
1618930147	751978775	206.916	281.596	230.569
1618930147	761954362	206.916	281.596	230.569
1618930147	771789656	206.916	281.596	230.569
1618930147	782034998	206.916	281.596	230.569
1618930147	791990762	206.916	281.596	230.569
1618930147	801881625	206.916	281.596	230.569
1618930147	811904210	206.916	281.596	230.569
1618930147	821986551	206.916	281.596	230.569
1618930147	831914679	206.916	281.596	230.569
1618930147	842013322	206.916	281.596	230.569
1618930147	851959771	206.916	281.596	230.569
1618930147	862113077	206.916	281.596	230.569
1618930147	871927856	206.916	281.596	230.569
1618930147	882143533	206.916	281.596	230.569
1618930147	892079611	206.916	281.596	230.569
1618930147	902062525	206.916	281.596	230.569
1618930147	911952278	206.916	281.596	230.569
1618930147	922034254	206.916	281.596	230.569
1618930147	931913793	206.916	281.596	230.569
1618930147	941913396	206.916	281.596	230.569
1618930147	951891948	206.916	281.596	230.569
1618930147	961905768	206.916	281.596	230.569
1618930147	971978433	206.916	281.596	230.569
1618930147	981872312	206.916	281.596	230.569
1618930147	991903451	206.916	281.596	230.569
1618930148	2022430	206.916	281.596	230.569
1618930148	12086052	206.916	281.596	230.569
1618930148	21994961	206.916	281.596	230.569
1618930148	31972302	206.916	281.596	230.569
1618930148	41875381	206.916	281.596	230.569
1618930148	51910476	206.916	281.596	230.569
1618930148	62069665	206.916	281.596	230.569
1618930148	72059317	206.916	281.596	230.569
1618930148	81942758	206.916	281.596	230.569
1618930148	92113697	206.916	281.596	230.569
1618930148	102033942	206.916	281.596	230.569
1618930148	112008990	206.916	281.596	230.569
1618930148	121956131	206.916	281.596	230.569
1618930148	131840631	206.916	281.596	230.569
1618930148	141897976	206.916	281.596	230.569
1618930148	151878416	206.916	281.596	230.569
1618930148	162081910	206.916	281.596	230.569
1618930148	171962475	206.916	281.596	230.569
1618930148	181933419	206.916	281.596	230.569
1618930148	191922132	206.916	281.596	230.569
1618930148	202027455	206.916	281.596	230.569
1618930148	211897257	206.916	281.596	230.569
1618930148	222058886	206.916	281.596	230.569
1618930148	232058147	206.916	281.596	230.569
1618930148	242024928	206.916	281.596	230.569
1618930148	251899576	206.916	281.596	230.569
1618930148	262010172	206.916	281.596	230.569
1618930148	272184857	206.916	281.596	230.569
1618930148	281888608	206.916	281.596	230.569
1618930148	291936168	206.916	281.596	230.569
1618930148	301922064	206.916	281.596	230.569
1618930148	312007848	206.916	281.596	230.569
1618930148	321959062	206.916	281.596	230.569
1618930148	332018619	206.916	281.596	230.569
1618930148	341979023	206.916	281.596	230.569
1618930148	351995292	206.916	281.596	230.569
1618930148	361840472	206.916	281.596	230.569
1618930148	371901715	206.916	281.596	230.569
1618930148	381869276	206.916	281.596	230.569
1618930148	391921298	206.916	281.596	230.569
1618930148	401895920	206.916	281.596	230.569
1618930148	412150744	206.916	281.596	230.569
1618930148	422071865	206.916	281.596	230.569
1618930148	432042262	206.916	281.596	230.569
1618930148	441805302	206.916	281.596	230.569
1618930148	451844149	206.916	281.596	230.569
1618930148	462078535	206.916	281.596	230.569
1618930148	471939732	206.916	281.596	230.569
1618930148	481980092	206.916	281.596	230.569
1618930148	492002323	206.916	281.596	230.569
1618930148	501975771	206.916	281.596	230.569
1618930148	511971878	206.916	281.596	230.569
1618930148	521983775	206.916	281.596	230.569
1618930148	531948457	206.916	281.596	230.569
1618930148	542127378	206.916	281.596	230.569
1618930148	552076294	206.916	281.596	230.569
1618930148	561942866	206.916	281.596	230.569
1618930148	572025768	206.916	281.596	230.569
1618930148	582021027	206.916	281.596	230.569
1618930148	591933327	206.916	281.596	230.569
1618930148	601914685	206.916	281.596	230.569
1618930148	611956910	206.916	281.596	230.569
1618930148	621937505	206.916	281.596	230.569
1618930148	632038822	206.916	281.596	230.569
1618930148	641989251	206.916	281.596	230.569
1618930148	651850132	206.916	281.596	230.569
1618930148	661890194	206.916	281.596	230.569
1618930148	672002243	206.916	281.596	230.569
1618930148	681921852	206.916	281.596	230.569
1618930148	691899220	206.916	281.596	230.569
1618930148	702031864	206.916	281.596	230.569
1618930148	711961672	206.916	281.596	230.569
1618930148	721926187	206.916	281.596	230.569
1618930148	731978893	206.916	281.596	230.569
1618930148	741967977	206.916	281.596	230.569
1618930148	752072177	206.916	281.596	230.569
1618930148	761956328	206.916	281.596	230.569
1618930148	771819833	206.916	281.596	230.569
1618930148	781871369	206.916	281.596	230.569
1618930148	791862827	206.916	281.596	230.569
1618930148	802005206	206.916	281.596	230.569
1618930148	811937293	206.916	281.596	230.569
1618930148	822027914	206.916	281.596	230.569
1618930148	831932260	206.916	281.596	230.569
1618930148	841915899	206.916	281.596	230.569
1618930148	852034676	206.916	281.596	230.569
1618930148	861985964	206.916	281.596	230.569
1618930148	872026877	206.916	281.596	230.569
1618930148	882012759	206.916	281.596	230.569
1618930148	891987305	206.916	281.596	230.569
1618930148	901980682	206.916	281.596	230.569
1618930148	911876711	206.916	281.596	230.569
1618930148	922015069	206.916	281.596	230.569
1618930148	931857818	206.916	281.596	230.569
1618930148	941901026	206.916	281.596	230.569
1618930148	951961496	206.916	281.596	230.569
1618930148	961946837	206.916	281.596	230.569
1618930148	971990365	206.916	281.596	230.569
1618930148	982011768	206.916	281.596	230.569
1618930148	992070154	206.916	281.596	230.569
1618930149	1960675	206.916	281.596	230.569
1618930149	11925667	206.916	281.596	230.569
1618930149	22049939	206.916	281.596	230.569
1618930149	32067976	206.916	281.596	230.569
1618930149	42042186	206.916	281.596	230.569
1618930149	51976549	206.916	281.596	230.569
1618930149	61915628	206.916	281.596	230.569
1618930149	71961783	206.916	281.596	230.569
1618930149	82004085	206.916	281.596	230.569
1618930149	91900057	206.916	281.596	230.569
1618930149	101989305	206.916	281.596	230.569
1618930149	112023518	206.916	281.596	230.569
1618930149	121901105	206.916	281.596	230.569
1618930149	131962980	206.916	281.596	230.569
1618930149	142178866	206.916	281.596	230.569
1618930149	152074099	206.916	281.596	230.569
1618930149	162009353	206.916	281.596	230.569
1618930149	172002562	206.916	281.596	230.569
1618930149	181864339	206.916	281.596	230.569
1618930149	191883812	206.916	281.596	230.569
1618930149	202229845	206.916	281.596	230.569
1618930149	212060824	206.916	281.596	230.569
1618930149	222072974	206.916	281.596	230.569
1618930149	231940166	206.916	281.596	230.569
1618930149	242041132	206.916	281.596	230.569
1618930149	251920951	206.916	281.596	230.569
1618930149	261872816	206.916	281.596	230.569
1618930149	271975096	206.916	281.596	230.569
1618930149	281991690	206.916	281.596	230.569
1618930149	292007748	206.916	281.596	230.569
1618930149	302034611	206.916	281.596	230.569
1618930149	311927800	206.916	281.596	230.569
1618930149	322046891	206.916	281.596	230.569
1618930149	332034511	206.916	281.596	230.569
1618930149	341995223	206.916	281.596	230.569
1618930149	351791953	206.916	281.596	230.569
1618930149	361953306	206.916	281.596	230.569
1618930149	371980065	206.916	281.596	230.569
1618930149	382020106	206.916	281.596	230.569
1618930149	392000460	206.916	281.596	230.569
1618930149	402056075	206.916	281.596	230.569
1618930149	411880114	206.916	281.596	230.569
1618930149	422180984	206.916	281.596	230.569
1618930149	432031405	206.916	281.596	230.569
1618930149	442010705	206.916	281.596	230.569
1618930149	451938264	206.916	281.596	230.569
1618930149	462144030	206.916	281.596	230.569
1618930149	472095981	206.916	281.596	230.569
1618930149	482026053	206.916	281.596	230.569
1618930149	491884426	206.916	281.596	230.569
1618930149	502172453	206.916	281.596	230.569
1618930149	511982120	206.916	281.596	230.569
1618930149	522011252	206.916	281.596	230.569
1618930149	531951785	206.916	281.596	230.569
1618930149	541970438	206.916	281.596	230.569
1618930149	551930891	206.916	281.596	230.569
1618930149	561966625	206.916	281.596	230.569
1618930149	572047302	206.916	281.596	230.569
1618930149	582056745	206.916	281.596	230.569
1618930149	591964084	206.916	281.596	230.569
1618930149	601929756	206.916	281.596	230.569
1618930149	612074746	206.916	281.596	230.569
1618930149	621983097	206.916	281.596	230.569
1618930149	632004935	206.916	281.596	230.569
1618930149	642125515	206.916	281.596	230.569
1618930149	652108568	206.916	281.596	230.569
1618930149	662033414	206.916	281.596	230.569
1618930149	671961119	206.916	281.596	230.569
1618930149	681963669	206.916	281.596	230.569
1618930149	691911256	206.916	281.596	230.569
1618930149	701899415	206.916	281.596	230.569
1618930149	711910959	206.916	281.596	230.569
1618930149	722008273	206.916	281.596	230.569
1618930149	731994564	206.916	281.596	230.569
1618930149	742014394	206.916	281.596	230.569
1618930149	751829793	206.916	281.596	230.569
1618930149	761928526	206.916	281.596	230.569
1618930149	772022768	206.916	281.596	230.569
1618930149	782008022	206.916	281.596	230.569
1618930149	791869272	206.916	281.596	230.569
1618930149	801939666	206.916	281.596	230.569
1618930149	812048568	206.916	281.596	230.569
1618930149	822062911	206.916	281.596	230.569
1618930149	831959093	206.916	281.596	230.569
1618930149	841988819	206.916	281.596	230.569
1618930149	851987444	206.916	281.596	230.569
1618930149	861925582	206.916	281.596	230.569
1618930149	872151469	206.916	281.596	230.569
1618930149	882076940	206.916	281.596	230.569
1618930149	891920678	206.916	281.596	230.569
1618930149	901892057	206.916	281.596	230.569
1618930149	911889934	206.916	281.596	230.569
1618930149	921928085	206.916	281.596	230.569
1618930149	931916693	206.916	281.596	230.569
1618930149	942139447	206.916	281.596	230.569
1618930149	951953984	206.916	281.596	230.569
1618930149	962107404	206.916	281.596	230.569
1618930149	971995592	206.916	281.596	230.569
1618930149	981973270	206.916	281.596	230.569
1618930149	991883399	206.916	281.596	230.569
1618930150	1988311	206.916	281.596	230.569
1618930150	11911817	206.916	281.596	230.569
1618930150	21907406	206.916	281.596	230.569
1618930150	32221829	206.916	281.596	230.569
1618930150	42121796	206.916	281.596	230.569
1618930150	52048812	206.916	281.596	230.569
1618930150	61982040	206.916	281.596	230.569
1618930150	71990953	206.916	281.596	230.569
1618930150	82015241	206.916	281.596	230.569
1618930150	92024406	206.916	281.596	230.569
1618930150	102217159	206.916	281.596	230.569
1618930150	111968404	206.916	281.596	230.569
1618930150	122043500	206.916	281.596	230.569
1618930150	132056303	206.916	281.596	230.569
1618930150	141954070	206.916	281.596	230.569
1618930150	151938644	206.916	281.596	230.569
1618930150	161991116	206.916	281.596	230.569
1618930150	171905680	206.916	281.596	230.569
1618930150	181430941	206.916	281.596	230.569
1618930150	191398271	206.916	281.596	230.569
1618930150	201407885	206.916	281.596	230.569
1618930150	211526050	206.916	281.596	230.569
1618930150	221995503	206.916	281.596	230.569
1618930150	231928174	206.916	281.596	230.569
1618930150	242169741	206.916	281.596	230.569
1618930150	251953155	206.916	281.596	230.569
1618930150	261920074	206.916	281.596	230.569
1618930150	271854595	206.916	281.596	230.569
1618930150	281932959	206.916	281.596	230.569
1618930150	291903710	206.916	281.596	230.569
1618930150	301878878	206.916	281.596	230.569
1618930150	312183195	206.916	281.596	230.569
1618930150	321985562	206.916	281.596	230.569
1618930150	332097841	206.916	281.596	230.569
1618930150	341950799	206.916	281.596	230.569
1618930150	352058999	206.916	281.596	230.569
1618930150	361909483	206.916	281.596	230.569
1618930150	371848207	206.916	281.596	230.569
1618930150	382078359	206.916	281.596	230.569
1618930150	391967799	206.916	281.596	230.569
1618930150	401969658	206.916	281.596	230.569
1618930150	411973737	206.916	281.596	230.569
1618930150	422110734	206.916	281.596	230.569
1618930150	431928104	206.916	281.596	230.569
1618930150	442070351	206.916	281.596	230.569
1618930150	452055359	206.916	281.596	230.569
1618930150	461994934	206.916	281.596	230.569
1618930150	472277061	206.916	281.596	230.569
1618930150	482066243	206.916	281.596	230.569
1618930150	491981414	206.916	281.596	230.569
1618930150	501994220	206.916	281.596	230.569
1618930150	511980184	206.916	281.596	230.569
1618930150	522165631	206.916	281.596	230.569
1618930150	532103880	206.916	281.596	230.569
1618930150	542084782	206.916	281.596	230.569
1618930150	551974033	206.916	281.596	230.569
1618930150	561973844	206.916	281.596	230.569
1618930150	571920305	206.916	281.596	230.569
1618930150	582040218	206.916	281.596	230.569
1618930150	591989802	206.916	281.596	230.569
1618930150	602164900	206.916	281.596	230.569
1618930150	612000247	206.916	281.596	230.569
1618930150	622024310	206.916	281.596	230.569
1618930150	631999328	206.916	281.596	230.569
1618930150	642025696	206.916	281.596	230.569
1618930150	652070718	206.916	281.596	230.569
1618930150	662108011	206.916	281.596	230.569
1618930150	672013637	206.916	281.596	230.569
1618930150	681985026	206.916	281.596	230.569
1618930150	692119229	206.916	281.596	230.569
1618930150	702002721	206.916	281.596	230.569
1618930150	712061922	206.916	281.596	230.569
1618930150	722010393	206.916	281.596	230.569
1618930150	731991645	206.916	281.596	230.569
1618930150	741946039	206.916	281.596	230.569
1618930150	751905538	206.916	281.596	230.569
1618930150	761966077	206.916	281.596	230.569
1618930150	771902457	206.916	281.596	230.569
1618930150	781841832	206.916	281.596	230.569
1618930150	791908547	206.916	281.596	230.569
1618930150	802065829	206.916	281.596	230.569
1618930150	812027830	206.916	281.596	230.569
1618930150	822098656	206.916	281.596	230.569
1618930150	832106254	206.916	281.596	230.569
1618930150	842091950	206.916	281.596	230.569
1618930150	851921560	206.916	281.596	230.569
1618930150	861918328	206.916	281.596	230.569
1618930150	871946345	206.916	281.596	230.569
1618930150	881953464	206.916	281.596	230.569
1618930150	891994876	206.916	281.596	230.569
1618930150	901883683	206.916	281.596	230.569
1618930150	911965091	206.916	281.596	230.569
1618930150	921982016	206.916	281.596	230.569
1618930150	931859051	206.916	281.596	230.569
1618930150	941869941	206.916	281.596	230.569
1618930150	951902434	206.916	281.596	230.569
1618930150	962039850	206.916	281.596	230.569
1618930150	971888331	206.916	281.596	230.569
1618930150	981974294	206.916	281.596	230.569
1618930150	992004536	206.916	281.596	230.569
1618930151	2034722	206.916	281.596	230.569
1618930151	12073111	206.916	281.596	230.569
1618930151	21965611	206.916	281.596	230.569
1618930151	31979543	206.916	281.596	230.569
1618930151	42205410	206.916	281.596	230.569
1618930151	52133880	206.916	281.596	230.569
1618930151	62108910	206.916	281.596	230.569
1618930151	72021619	206.916	281.596	230.569
1618930151	82083426	206.916	281.596	230.569
1618930151	92025092	206.916	281.596	230.569
1618930151	102048909	206.916	281.596	230.569
1618930151	111945890	206.916	281.596	230.569
1618930151	122051204	206.916	281.596	230.569
1618930151	132055039	206.916	281.596	230.569
1618930151	142018041	206.916	281.596	230.569
1618930151	152017578	206.916	281.596	230.569
1618930151	162109888	206.916	281.596	230.569
1618930151	172084667	206.916	281.596	230.569
1618930151	182014864	206.916	281.596	230.569
1618930151	192056439	206.916	281.596	230.569
1618930151	202043480	206.916	281.596	230.569
1618930151	212005615	206.916	281.596	230.569
1618930151	221996501	206.916	281.596	230.569
1618930151	232042224	206.916	281.596	230.569
1618930151	241987487	206.916	281.596	230.569
1618930151	252022777	206.916	281.596	230.569
1618930151	261986267	206.916	281.596	230.569
1618930151	272287645	206.916	281.596	230.569
1618930151	281979713	206.916	281.596	230.569
1618930151	292156394	206.916	281.596	230.569
1618930151	302027213	206.916	281.596	230.569
1618930151	312183841	206.916	281.596	230.569
1618930151	321994872	206.916	281.596	230.569
1618930151	332053577	206.916	281.596	230.569
1618930151	342164915	206.916	281.596	230.569
1618930151	352033855	206.916	281.596	230.569
1618930151	362274526	206.916	281.596	230.569
1618930151	372121274	206.916	281.596	230.569
1618930151	381959365	206.916	281.596	230.569
1618930151	391941786	206.916	281.596	230.569
1618930151	402016714	206.916	281.596	230.569
1618930151	412155409	206.916	281.596	230.569
1618930151	422012497	206.916	281.596	230.569
1618930151	431954453	206.916	281.596	230.569
1618930151	441882734	206.916	281.596	230.569
1618930151	451938407	206.916	281.596	230.569
1618930151	462119576	206.916	281.596	230.569
1618930151	471878710	206.916	281.596	230.569
1618930151	482082835	206.916	281.596	230.569
1618930151	492035438	206.916	281.596	230.569
1618930151	501980770	206.916	281.596	230.569
1618930151	512084730	206.916	281.596	230.569
1618930151	522097060	206.916	281.596	230.569
1618930151	531850533	206.916	281.596	230.569
1618930151	541981820	206.916	281.596	230.569
1618930151	552125409	206.916	281.596	230.569
1618930151	562141095	206.916	281.596	230.569
1618930151	572047754	206.916	281.596	230.569
1618930151	582007248	206.916	281.596	230.569
1618930151	592129325	206.916	281.596	230.569
1618930151	602147108	206.916	281.596	230.569
1618930151	611995298	206.916	281.596	230.569
1618930151	621938038	206.916	281.596	230.569
1618930151	631925841	206.916	281.596	230.569
1618930151	642027368	206.916	281.596	230.569
1618930151	651864695	206.916	281.596	230.569
1618930151	662048397	206.916	281.596	230.569
1618930151	672056556	206.916	281.596	230.569
1618930151	681958626	206.916	281.596	230.569
1618930151	691893192	206.916	281.596	230.569
1618930151	702083275	206.916	281.596	230.569
1618930151	711891295	206.916	281.596	230.569
1618930151	721973002	206.916	281.596	230.569
1618930151	731960014	206.916	281.596	230.569
1618930151	742059576	206.916	281.596	230.569
1618930151	752114718	206.916	281.596	230.569
1618930151	762000448	206.916	281.596	230.569
1618930151	771943694	206.916	281.596	230.569
1618930151	781945313	206.916	281.596	230.569
1618930151	791875141	206.916	281.596	230.569
1618930151	801823063	206.916	281.596	230.569
1618930151	811931798	206.916	281.596	230.569
1618930151	821957156	206.916	281.596	230.569
1618930151	831847610	206.916	281.596	230.569
1618930151	841952696	206.916	281.596	230.569
1618930151	851896440	206.916	281.596	230.569
1618930151	861899707	206.916	281.596	230.569
1618930151	871973358	206.916	281.596	230.569
1618930151	882056099	206.916	281.596	230.569
1618930151	891864765	206.916	281.596	230.569
1618930151	901986453	206.916	281.596	230.569
1618930151	911981398	206.916	281.596	230.569
1618930151	921999520	206.916	281.596	230.569
1618930151	932043235	206.916	281.596	230.569
1618930151	942048615	206.916	281.596	230.569
1618930151	951978044	206.916	281.596	230.569
1618930151	962021900	206.916	281.596	230.569
1618930151	971991698	206.916	281.596	230.569
1618930151	981943593	206.916	281.596	230.569
1618930151	991876614	206.916	281.596	230.569
1618930152	1908818	206.916	281.596	230.569
1618930152	11981332	206.916	281.596	230.569
1618930152	21964840	206.916	281.596	230.569
1618930152	31964305	206.916	281.596	230.569
1618930152	41885817	206.916	281.596	230.569
1618930152	51949730	206.916	281.596	230.569
1618930152	61867398	206.916	281.596	230.569
1618930152	71918988	206.916	281.596	230.569
1618930152	82045204	206.916	281.596	230.569
1618930152	91964497	206.916	281.596	230.569
1618930152	102030535	206.916	281.596	230.569
1618930152	112080611	206.916	281.596	230.569
1618930152	122055204	206.916	281.596	230.569
1618930152	132026553	206.916	281.596	230.569
1618930152	141975831	206.916	281.596	230.569
1618930152	152131590	206.916	281.596	230.569
1618930152	162125602	206.916	281.596	230.569
1618930152	172041610	206.916	281.596	230.569
1618930152	182124817	206.916	281.596	230.569
1618930152	191994118	206.916	281.596	230.569
1618930152	201983927	206.916	281.596	230.569
1618930152	212287333	206.916	281.596	230.569
1618930152	222163663	206.916	281.596	230.569
1618930152	232041671	206.916	281.596	230.569
1618930152	242102167	206.916	281.596	230.569
1618930152	252074343	206.916	281.596	230.569
1618930152	262073800	206.916	281.596	230.569
1618930152	271984626	206.916	281.596	230.569
1618930152	282068319	206.916	281.596	230.569
1618930152	291957708	206.916	281.596	230.569
1618930152	302018924	206.916	281.596	230.569
1618930152	311979461	206.916	281.596	230.569
1618930152	322107801	206.916	281.596	230.569
1618930152	331943862	206.916	281.596	230.569
1618930152	342021449	206.916	281.596	230.569
1618930152	351980968	206.916	281.596	230.569
1618930152	361921151	206.916	281.596	230.569
1618930152	372033276	206.916	281.596	230.569
1618930152	382223262	206.916	281.596	230.569
1618930152	391936400	206.916	281.596	230.569
1618930152	402014290	206.916	281.596	230.569
1618930152	411972310	206.916	281.596	230.569
1618930152	422032492	206.916	281.596	230.569
1618930152	431984569	206.916	281.596	230.569
1618930152	441973232	206.916	281.596	230.569
1618930152	452012940	206.916	281.596	230.569
1618930152	462048516	206.916	281.596	230.569
1618930152	472024046	206.916	281.596	230.569
1618930152	482132622	206.916	281.596	230.569
1618930152	492017602	206.916	281.596	230.569
1618930152	502088550	206.916	281.596	230.569
1618930152	512026049	206.916	281.596	230.569
1618930152	522149590	206.916	281.596	230.569
1618930152	532066743	206.916	281.596	230.569
1618930152	542078431	206.916	281.596	230.569
1618930152	552150958	206.916	281.596	230.569
1618930152	562182421	206.916	281.596	230.569
1618930152	572019542	206.916	281.596	230.569
1618930152	582102795	206.916	281.596	230.569
1618930152	592034606	206.916	281.596	230.569
1618930152	602099501	206.916	281.596	230.569
1618930152	612074569	206.916	281.596	230.569
1618930152	621972768	206.916	281.596	230.569
1618930152	632017983	206.916	281.596	230.569
1618930152	642125832	206.916	281.596	230.569
1618930152	652056155	206.916	281.596	230.569
1618930152	661964146	206.916	281.596	230.569
1618930152	672042771	206.916	281.596	230.569
1618930152	682151087	206.916	281.596	230.569
1618930152	692066147	206.916	281.596	230.569
1618930152	702026652	206.916	281.596	230.569
1618930152	711959912	206.916	281.596	230.569
1618930152	722034859	206.916	281.596	230.569
1618930152	732025931	206.916	281.596	230.569
1618930152	741995540	206.916	281.596	230.569
1618930152	752037325	206.916	281.596	230.569
1618930152	762150701	206.916	281.596	230.569
1618930152	771992070	206.916	281.596	230.569
1618930152	782091354	206.916	281.596	230.569
1618930152	792024008	206.916	281.596	230.569
1618930152	802034025	206.916	281.596	230.569
1618930152	811843217	206.916	281.596	230.569
1618930152	822088057	206.916	281.596	230.569
1618930152	831996669	206.916	281.596	230.569
1618930152	842157282	206.916	281.596	230.569
1618930152	852118767	206.916	281.596	230.569
1618930152	862149586	206.916	281.596	230.569
1618930152	872066381	206.916	281.596	230.569
1618930152	882124002	206.916	281.596	230.569
1618930152	892046005	206.916	281.596	230.569
1618930152	902146243	206.916	281.596	230.569
1618930152	912062373	206.916	281.596	230.569
1618930152	921974551	206.916	281.596	230.569
1618930152	932054013	206.916	281.596	230.569
1618930152	942003817	206.916	281.596	230.569
1618930152	952072033	206.916	281.596	230.569
1618930152	962049030	206.916	281.596	230.569
1618930152	972010796	206.916	281.596	230.569
1618930152	982070012	206.916	281.596	230.569
1618930152	992077362	206.916	281.596	230.569
1618930153	2039548	206.916	281.596	230.569
1618930153	12141768	206.916	281.596	230.569
1618930153	22006252	206.916	281.596	230.569
1618930153	32148452	206.916	281.596	230.569
1618930153	42057591	206.916	281.596	230.569
1618930153	52083255	206.916	281.596	230.569
1618930153	62063746	206.916	281.596	230.569
1618930153	71971048	206.916	281.596	230.569
1618930153	82134751	206.916	281.596	230.569
1618930153	92117548	206.916	281.596	230.569
1618930153	102068156	206.916	281.596	230.569
1618930153	111968615	206.916	281.596	230.569
1618930153	121958851	206.916	281.596	230.569
1618930153	132052651	206.916	281.596	230.569
1618930153	142026990	206.916	281.596	230.569
1618930153	151980157	206.916	281.596	230.569
1618930153	162114068	206.916	281.596	230.569
1618930153	172008558	206.916	281.596	230.569
1618930153	182036689	206.916	281.596	230.569
1618930153	192055019	206.916	281.596	230.569
1618930153	202045979	206.916	281.596	230.569
1618930153	212015296	206.916	281.596	230.569
1618930153	222040949	206.916	281.596	230.569
1618930153	232071761	206.916	281.596	230.569
1618930153	242137160	206.916	281.596	230.569
1618930153	252046961	206.916	281.596	230.569
1618930153	262123190	206.916	281.596	230.569
1618930153	271957011	206.916	281.596	230.569
1618930153	282132013	206.916	281.596	230.569
1618930153	292044258	206.916	281.596	230.569
1618930153	302158801	206.916	281.596	230.569
1618930153	312012514	206.916	281.596	230.569
1618930153	322158651	206.916	281.596	230.569
1618930153	332189364	206.916	281.596	230.569
1618930153	342089796	206.916	281.596	230.569
1618930153	352019184	206.916	281.596	230.569
1618930153	362030212	206.916	281.596	230.569
1618930153	372233507	206.916	281.596	230.569
1618930153	381982073	206.916	281.596	230.569
1618930153	392118532	206.916	281.596	230.569
1618930153	402199099	206.916	281.596	230.569
1618930153	412122961	206.916	281.596	230.569
1618930153	422036976	206.916	281.596	230.569
1618930153	432163702	206.916	281.596	230.569
1618930153	442146112	206.916	281.596	230.569
1618930153	452146401	206.916	281.596	230.569
1618930153	461968165	206.916	281.596	230.569
1618930153	472017596	206.916	281.596	230.569
1618930153	482154372	206.916	281.596	230.569
1618930153	492011840	206.916	281.596	230.569
1618930153	502018007	206.916	281.596	230.569
1618930153	512116514	206.916	281.596	230.569
1618930153	522060213	206.916	281.596	230.569
1618930153	532010588	206.916	281.596	230.569
1618930153	542185393	206.916	281.596	230.569
1618930153	551993877	206.916	281.596	230.569
1618930153	562059853	206.916	281.596	230.569
1618930153	572065723	206.916	281.596	230.569
1618930153	582061276	206.916	281.596	230.569
1618930153	592006024	206.916	281.596	230.569
1618930153	602004827	206.916	281.596	230.569
1618930153	612037363	206.916	281.596	230.569
1618930153	621919225	206.916	281.596	230.569
1618930153	631979674	206.916	281.596	230.569
1618930153	642098372	206.916	281.596	230.569
1618930153	651992676	206.916	281.596	230.569
1618930153	661997036	206.916	281.596	230.569
1618930153	671954296	206.916	281.596	230.569
1618930153	682041781	206.916	281.596	230.569
1618930153	692127562	206.916	281.596	230.569
1618930153	702139534	206.916	281.596	230.569
1618930153	711997952	206.916	281.596	230.569
1618930153	722048727	206.916	281.596	230.569
1618930153	731944227	206.916	281.596	230.569
1618930153	742164409	206.916	281.596	230.569
1618930153	752099049	206.916	281.596	230.569
1618930153	762138396	206.916	281.596	230.569
1618930153	772013459	206.916	281.596	230.569
1618930153	782035294	206.916	281.596	230.569
1618930153	792203219	206.916	281.596	230.569
1618930153	802212777	206.916	281.596	230.569
1618930153	812140273	206.916	281.596	230.569
1618930153	822065222	206.916	281.596	230.569
1618930153	832098467	206.916	281.596	230.569
1618930153	842134887	206.916	281.596	230.569
1618930153	852095247	206.916	281.596	230.569
1618930153	862136270	206.916	281.596	230.569
1618930153	872143431	206.916	281.596	230.569
1618930153	882023115	206.916	281.596	230.569
1618930153	892002166	206.916	281.596	230.569
1618930153	901940677	206.916	281.596	230.569
1618930153	912124226	206.916	281.596	230.569
1618930153	922144602	206.916	281.596	230.569
1618930153	932096802	206.916	281.596	230.569
1618930153	942240373	206.916	281.596	230.569
1618930153	951979218	206.916	281.596	230.569
1618930153	962012111	206.916	281.596	230.569
1618930153	972089676	206.916	281.596	230.569
1618930153	982101654	206.916	281.596	230.569
1618930153	992058066	206.916	281.596	230.569
1618930154	1985860	206.916	281.596	230.569
1618930154	12027283	206.916	281.596	230.569
1618930154	22082451	206.916	281.596	230.569
1618930154	32018658	206.916	281.596	230.569
1618930154	41984860	206.916	281.596	230.569
1618930154	52149757	206.916	281.596	230.569
1618930154	62085812	206.916	281.596	230.569
1618930154	72118844	206.916	281.596	230.569
1618930154	82085674	206.916	281.596	230.569
1618930154	92060479	206.916	281.596	230.569
1618930154	102051921	206.916	281.596	230.569
1618930154	112046760	206.916	281.596	230.569
1618930154	122166014	206.916	281.596	230.569
1618930154	132054870	206.916	281.596	230.569
1618930154	142164916	206.916	281.596	230.569
1618930154	152029448	206.916	281.596	230.569
1618930154	162083144	206.916	281.596	230.569
1618930154	172067942	206.916	281.596	230.569
1618930154	182091180	206.916	281.596	230.569
1618930154	192176803	206.916	281.596	230.569
1618930154	202141017	206.916	281.596	230.569
1618930154	212127513	206.916	281.596	230.569
1618930154	222102756	206.916	281.596	230.569
1618930154	232254018	206.916	281.596	230.569
1618930154	241886473	206.916	281.596	230.569
1618930154	252045391	206.916	281.596	230.569
1618930154	262200383	206.916	281.596	230.569
1618930154	272088075	206.916	281.596	230.569
1618930154	282017448	206.916	281.596	230.569
1618930154	292100889	206.916	281.596	230.569
1618930154	302076243	206.916	281.596	230.569
1618930154	312094085	206.916	281.596	230.569
1618930154	321978766	206.916	281.596	230.569
1618930154	332047728	206.916	281.596	230.569
1618930154	342207780	206.916	281.596	230.569
1618930154	351970304	206.916	281.596	230.569
1618930154	362434919	206.916	281.596	230.569
1618930154	372091543	206.916	281.596	230.569
1618930154	381931801	206.916	281.596	230.569
1618930154	392033808	206.916	281.596	230.569
1618930154	402088102	206.916	281.596	230.569
1618930154	412134946	206.916	281.596	230.569
1618930154	422251982	206.916	281.596	230.569
1618930154	432204043	206.916	281.596	230.569
1618930154	442081483	206.916	281.596	230.569
1618930154	452022950	206.916	281.596	230.569
1618930154	462019242	206.916	281.596	230.569
1618930154	472131725	206.916	281.596	230.569
1618930154	482228784	206.916	281.596	230.569
1618930154	491977737	206.916	281.596	230.569
1618930154	502121354	206.916	281.596	230.569
1618930154	512018370	206.916	281.596	230.569
1618930154	522080079	206.916	281.596	230.569
1618930154	532099754	206.916	281.596	230.569
1618930154	542105351	206.916	281.596	230.569
1618930154	552030890	206.916	281.596	230.569
1618930154	562083459	206.916	281.596	230.569
1618930154	572096414	206.916	281.596	230.569
1618930154	582118082	206.916	281.596	230.569
1618930154	592035021	206.916	281.596	230.569
1618930154	602130607	206.916	281.596	230.569
1618930154	612044130	206.916	281.596	230.569
1618930154	621917021	206.916	281.596	230.569
1618930154	632069476	206.916	281.596	230.569
1618930154	642074933	206.916	281.596	230.569
1618930154	651970255	206.916	281.596	230.569
1618930154	662309683	206.916	281.596	230.569
1618930154	672055706	206.916	281.596	230.569
1618930154	682145420	206.916	281.596	230.569
1618930154	692002367	206.916	281.596	230.569
1618930154	702120669	206.916	281.596	230.569
1618930154	711992217	206.916	281.596	230.569
1618930154	722021839	206.916	281.596	230.569
1618930154	732038285	206.916	281.596	230.569
1618930154	742045308	206.916	281.596	230.569
1618930154	752114406	206.916	281.596	230.569
1618930154	762120550	206.916	281.596	230.569
1618930154	772106219	206.916	281.596	230.569
1618930154	782193528	206.916	281.596	230.569
1618930154	792064885	206.916	281.596	230.569
1618930154	802075596	206.916	281.596	230.569
1618930154	811999078	206.916	281.596	230.569
1618930154	822113257	206.916	281.596	230.569
1618930154	831981536	206.916	281.596	230.569
1618930154	842167914	206.916	281.596	230.569
1618930154	852115860	206.916	281.596	230.569
1618930154	862133174	206.916	281.596	230.569
1618930154	872088014	206.916	281.596	230.569
1618930154	882081135	206.916	281.596	230.569
1618930154	892099489	206.916	281.596	230.569
1618930154	902032511	206.916	281.596	230.569
1618930154	912132912	206.916	281.596	230.569
1618930154	922056292	206.916	281.596	230.569
1618930154	931991642	206.916	281.596	230.569
1618930154	942140073	206.916	281.596	230.569
1618930154	952093349	206.916	281.596	230.569
1618930154	962027956	206.916	281.596	230.569
1618930154	971930179	206.916	281.596	230.569
1618930154	981980049	206.916	281.596	230.569
1618930154	992113055	206.916	281.596	230.569
1618930155	2073314	206.916	281.596	230.569
1618930155	12130937	206.916	281.596	230.569
1618930155	22094377	206.916	281.596	230.569
1618930155	31997507	206.916	281.596	230.569
1618930155	42260660	206.916	281.596	230.569
1618930155	52151937	206.916	281.596	230.569
1618930155	62346249	206.916	281.596	230.569
1618930155	72128424	206.916	281.596	230.569
1618930155	82112007	206.916	281.596	230.569
1618930155	92022013	206.916	281.596	230.569
1618930155	102187841	206.916	281.596	230.569
1618930155	112022645	206.916	281.596	230.569
1618930155	122011040	206.916	281.596	230.569
1618930155	131976749	206.916	281.596	230.569
1618930155	142208101	206.916	281.596	230.569
1618930155	152271828	206.916	281.596	230.569
1618930155	162201101	206.916	281.596	230.569
1618930155	172111482	206.916	281.596	230.569
1618930155	182301348	206.916	281.596	230.569
1618930155	192073961	206.916	281.596	230.569
1618930155	202145275	206.916	281.596	230.569
1618930155	212048300	206.916	281.596	230.569
1618930155	222121703	206.916	281.596	230.569
1618930155	232017009	206.916	281.596	230.569
1618930155	242208028	206.916	281.596	230.569
1618930155	252155119	206.916	281.596	230.569
1618930155	262087602	206.916	281.596	230.569
1618930155	272018048	206.916	281.596	230.569
1618930155	281974053	206.916	281.596	230.569
1618930155	292124388	206.916	281.596	230.569
1618930155	302091576	206.916	281.596	230.569
1618930155	312175508	206.916	281.596	230.569
1618930155	322152321	206.916	281.596	230.569
1618930155	332051386	206.916	281.596	230.569
1618930155	342077163	206.916	281.596	230.569
1618930155	352083539	206.916	281.596	230.569
1618930155	361950844	206.916	281.596	230.569
1618930155	372176813	206.916	281.596	230.569
1618930155	382141709	206.916	281.596	230.569
1618930155	392240417	206.916	281.596	230.569
1618930155	402087955	206.916	281.596	230.569
1618930155	412183264	206.916	281.596	230.569
1618930155	422106895	206.916	281.596	230.569
1618930155	432179371	206.916	281.596	230.569
1618930155	442066551	206.916	281.596	230.569
1618930155	452069559	206.916	281.596	230.569
1618930155	462047405	206.916	281.596	230.569
1618930155	472079870	206.916	281.596	230.569
1618930155	482005796	206.916	281.596	230.569
1618930155	492032267	206.916	281.596	230.569
1618930155	502007773	206.916	281.596	230.569
1618930155	512154724	206.916	281.596	230.569
1618930155	521941703	206.916	281.596	230.569
1618930155	532006832	206.916	281.596	230.569
1618930155	542186287	206.916	281.596	230.569
1618930155	552089192	206.916	281.596	230.569
1618930155	562088563	206.916	281.596	230.569
1618930155	572074204	206.916	281.596	230.569
1618930155	582026805	206.916	281.596	230.569
1618930155	592032308	206.916	281.596	230.569
1618930155	602216747	206.916	281.596	230.569
1618930155	612159458	206.916	281.596	230.569
1618930155	622185977	206.916	281.596	230.569
1618930155	632036859	206.916	281.596	230.569
1618930155	642199548	206.916	281.596	230.569
1618930155	652252954	206.916	281.596	230.569
1618930155	662116108	206.916	281.596	230.569
1618930155	672174182	206.916	281.596	230.569
1618930155	682219345	206.916	281.596	230.569
1618930155	692084816	206.916	281.596	230.569
1618930155	702040349	206.916	281.596	230.569
1618930155	712088185	206.916	281.596	230.569
1618930155	722102378	206.916	281.596	230.569
1618930155	731979808	206.916	281.596	230.569
1618930155	742124008	206.916	281.596	230.569
1618930155	752054783	206.916	281.596	230.569
1618930155	762074599	206.916	281.596	230.569
1618930155	772017038	206.916	281.596	230.569
1618930155	782057108	206.916	281.596	230.569
1618930155	792100808	206.916	281.596	230.569
1618930155	802133684	206.916	281.596	230.569
1618930155	812057070	206.916	281.596	230.569
1618930155	822107374	206.916	281.596	230.569
1618930155	832081766	206.916	281.596	230.569
1618930155	842115047	206.916	281.596	230.569
1618930155	852120418	206.916	281.596	230.569
1618930155	862114566	206.916	281.596	230.569
1618930155	872129136	206.916	281.596	230.569
1618930155	882242034	206.916	281.596	230.569
1618930155	892169437	206.916	281.596	230.569
1618930155	902093721	206.916	281.596	230.569
1618930155	912121578	206.916	281.596	230.569
1618930155	922077533	206.916	281.596	230.569
1618930155	931944735	206.916	281.596	230.569
1618930155	942242163	206.916	281.596	230.569
1618930155	952079323	206.916	281.596	230.569
1618930155	962059675	206.916	281.596	230.569
1618930155	972028644	206.916	281.596	230.569
1618930155	982078539	206.916	281.596	230.569
1618930155	992256698	206.916	281.596	230.569
1618930156	2176753	206.916	281.596	230.569
1618930156	12152938	206.916	281.596	230.569
1618930156	22190407	206.916	281.596	230.569
1618930156	32117472	206.916	281.596	230.569
1618930156	42064795	206.916	281.596	230.569
1618930156	52110080	206.916	281.596	230.569
1618930156	62181124	206.916	281.596	230.569
1618930156	72184704	206.916	281.596	230.569
1618930156	82209282	206.916	281.596	230.569
1618930156	91903123	206.916	281.596	230.569
1618930156	102086096	206.916	281.596	230.569
1618930156	112073726	206.916	281.596	230.569
1618930156	122196488	206.916	281.596	230.569
1618930156	132123508	206.916	281.596	230.569
1618930156	142115965	206.916	281.596	230.569
1618930156	152164887	206.916	281.596	230.569
1618930156	162115861	206.916	281.596	230.569
1618930156	172060554	206.916	281.596	230.569
1618930156	182054973	206.916	281.596	230.569
1618930156	192068504	206.916	281.596	230.569
1618930156	202235886	206.916	281.596	230.569
1618930156	212000202	206.916	281.596	230.569
1618930156	222252315	206.916	281.596	230.569
1618930156	232241993	206.916	281.596	230.569
1618930156	242155275	206.916	281.596	230.569
1618930156	252128454	206.916	281.596	230.569
1618930156	262182404	206.916	281.596	230.569
1618930156	272136267	206.916	281.596	230.569
1618930156	282208642	206.916	281.596	230.569
1618930156	292212570	206.916	281.596	230.569
1618930156	302138705	206.916	281.596	230.569
1618930156	312320742	206.916	281.596	230.569
1618930156	322167949	206.916	281.596	230.569
1618930156	332206690	206.916	281.596	230.569
1618930156	342127735	206.916	281.596	230.569
1618930156	352080379	206.916	281.596	230.569
1618930156	362303652	206.916	281.596	230.569
1618930156	372192681	206.916	281.596	230.569
1618930156	382092147	206.916	281.596	230.569
1618930156	392099849	206.916	281.596	230.569
1618930156	402191752	206.916	281.596	230.569
1618930156	412083601	206.916	281.596	230.569
1618930156	422165860	206.916	281.596	230.569
1618930156	432107593	206.916	281.596	230.569
1618930156	442160821	206.916	281.596	230.569
1618930156	452049082	206.916	281.596	230.569
1618930156	462311790	206.916	281.596	230.569
1618930156	472225895	206.916	281.596	230.569
1618930156	481983105	206.916	281.596	230.569
1618930156	491971337	206.916	281.596	230.569
1618930156	502008550	206.916	281.596	230.569
1618930156	512169714	206.916	281.596	230.569
1618930156	522120990	206.916	281.596	230.569
1618930156	531927086	206.916	281.596	230.569
1618930156	542087592	206.916	281.596	230.569
1618930156	552099627	206.916	281.596	230.569
1618930156	562137161	206.916	281.596	230.569
1618930156	572095111	206.916	281.596	230.569
1618930156	582072566	206.916	281.596	230.569
1618930156	592039295	206.916	281.596	230.569
1618930156	602067519	206.916	281.596	230.569
1618930156	612081566	206.916	281.596	230.569
1618930156	622216474	206.916	281.596	230.569
1618930156	632221962	206.916	281.596	230.569
1618930156	642286200	206.916	281.596	230.569
1618930156	652158572	206.916	281.596	230.569
1618930156	662149535	206.916	281.596	230.569
1618930156	672171411	206.916	281.596	230.569
1618930156	682134615	206.916	281.596	230.569
1618930156	692112641	206.916	281.596	230.569
1618930156	702112934	206.916	281.596	230.569
1618930156	711944565	206.916	281.596	230.569
1618930156	722040475	206.916	281.596	230.569
1618930156	732094932	206.916	281.596	230.569
1618930156	742106677	206.916	281.596	230.569
1618930156	752046263	206.916	281.596	230.569
1618930156	762076585	206.916	281.596	230.569
1618930156	772144505	206.916	281.596	230.569
1618930156	781975605	206.916	281.596	230.569
1618930156	792106435	206.916	281.596	230.569
1618930156	802022939	206.916	281.596	230.569
1618930156	812042795	206.916	281.596	230.569
1618930156	822138584	206.916	281.596	230.569
1618930156	832097305	206.916	281.596	230.569
1618930156	842171209	206.916	281.596	230.569
1618930156	851983524	206.916	281.596	230.569
1618930156	862087578	206.916	281.596	230.569
1618930156	872207567	206.916	281.596	230.569
1618930156	882045851	206.916	281.596	230.569
1618930156	892071438	206.916	281.596	230.569
1618930156	902261528	206.916	281.596	230.569
1618930156	912177192	206.916	281.596	230.569
1618930156	922274205	206.916	281.596	230.569
1618930156	932131967	206.916	281.596	230.569
1618930156	942042707	206.916	281.596	230.569
1618930156	952057830	206.916	281.596	230.569
1618930156	962228874	206.916	281.596	230.569
1618930156	972804209	206.916	281.596	230.569
