time_sec	time_nanosec	ref_pose_0	ref_pose_1	ref_pose_2	ref_pose_3
1618930140	858643398	0.15	0.15	0.15
1618930140	860277724	0.15	0.15	0.15
1618930140	869983589	0.15	0.15	0.15
1618930140	880072163	0.15	0.15	0.15
1618930140	890022355	0.15	0.15	0.15
1618930140	900126697	0.15	0.15	0.15
1618930140	910044570	0.15	0.15	0.15
1618930140	919980475	0.15	0.15	0.15
1618930140	929983433	0.15	0.15	0.15
1618930140	940043509	0.15	0.15	0.15
1618930140	950026282	0.15	0.15	0.15
1618930140	959999485	0.15	0.15	0.15
1618930140	969968712	0.15	0.15	0.15
1618930140	980025077	0.15	0.15	0.15
1618930140	990248960	0.15	0.15	0.15
1618930141	71131	0.15	0.15	0.15
1618930141	10114331	0.15	0.15	0.15
1618930141	20219976	0.15	0.15	0.15
1618930141	30282344	0.15	0.15	0.15
1618930141	40269570	0.15	0.15	0.15
1618930141	50292845	0.15	0.15	0.15
1618930141	60390856	0.15	0.15	0.15
1618930141	70212910	0.15	0.15	0.15
1618930141	80253505	0.15	0.15	0.15
1618930141	90338309	0.15	0.15	0.15
1618930141	100336159	0.15	0.15	0.15
1618930141	110287220	0.15	0.15	0.15
1618930141	120278025	0.15	0.15	0.15
1618930141	130303401	0.15	0.15	0.15
1618930141	140241948	0.15	0.15	0.15
1618930141	150425101	0.15	0.15	0.15
1618930141	160408336	0.15	0.15	0.15
1618930141	170437427	0.15	0.15	0.15
1618930141	180367854	0.15	0.15	0.15
1618930141	190417156	0.15	0.15	0.15
1618930141	200278058	0.15	0.15	0.15
1618930141	210350555	0.15	0.15	0.15
1618930141	220268609	0.15	0.15	0.15
1618930141	230282055	0.15	0.15	0.15
1618930141	240289345	0.15	0.15	0.15
1618930141	250291243	0.15	0.15	0.15
1618930141	260263036	0.15	0.15	0.15
1618930141	270224374	0.15	0.15	0.15
1618930141	280246842	0.15	0.15	0.15
1618930141	290392539	0.15	0.15	0.15
1618930141	300208455	0.15	0.15	0.15
1618930141	310369080	0.15	0.15	0.15
1618930141	320218421	0.15	0.15	0.15
1618930141	330352929	0.15	0.15	0.15
1618930141	340274800	0.15	0.15	0.15
1618930141	350264854	0.15	0.15	0.15
1618930141	360390900	0.15	0.15	0.15
1618930141	370229194	0.15	0.15	0.15
1618930141	380741244	0.15	0.15	0.15
1618930141	390259003	0.15	0.15	0.15
1618930141	400774586	0.15	0.15	0.15
1618930141	410740472	0.15	0.15	0.15
1618930141	420701125	0.15	0.15	0.15
1618930141	430232774	0.15	0.15	0.15
1618930141	440226077	0.15	0.15	0.15
1618930141	450208235	0.15	0.15	0.15
1618930141	460233589	0.15	0.15	0.15
1618930141	470258047	0.15	0.15	0.15
1618930141	480721644	0.15	0.15	0.15
1618930141	490250676	0.15	0.15	0.15
1618930141	500340178	0.15	0.15	0.15
1618930141	510210979	0.15	0.15	0.15
1618930141	520330944	0.15	0.15	0.15
1618930141	530405282	0.15	0.15	0.15
1618930141	540290052	0.15	0.15	0.15
1618930141	550331315	0.15	0.15	0.15
1618930141	560419438	0.15	0.15	0.15
1618930141	570378601	0.15	0.15	0.15
1618930141	580257012	0.15	0.15	0.15
1618930141	590398457	0.15	0.15	0.15
1618930141	600267934	0.15	0.15	0.15
1618930141	610282785	0.15	0.15	0.15
1618930141	620419547	0.15	0.15	0.15
1618930141	630218765	0.15	0.15	0.15
1618930141	640246630	0.15	0.15	0.15
1618930141	650319044	0.15	0.15	0.15
1618930141	660332242	0.15	0.15	0.15
1618930141	670227094	0.15	0.15	0.15
1618930141	680339487	0.15	0.15	0.15
1618930141	690312708	0.15	0.15	0.15
1618930141	700255735	0.15	0.15	0.15
1618930141	710277424	0.15	0.15	0.15
1618930141	720256670	0.15	0.15	0.15
1618930141	730265043	0.15	0.15	0.15
1618930141	740252300	0.15	0.15	0.15
1618930141	750374929	0.15	0.15	0.15
1618930141	760238694	0.15	0.15	0.15
1618930141	770272078	0.15	0.15	0.15
1618930141	780403070	0.15	0.15	0.15
1618930141	790270743	0.15	0.15	0.15
1618930141	800342621	0.15	0.15	0.15
1618930141	810298019	0.15	0.15	0.15
1618930141	820297397	0.15	0.15	0.15
1618930141	830433572	0.15	0.15	0.15
1618930141	840270633	0.15	0.15	0.15
1618930141	850303264	0.15	0.15	0.15
1618930141	860385740	0.15	0.15	0.15
1618930141	870302046	0.15	0.15	0.15
1618930141	880359550	0.15	0.15	0.15
1618930141	890314229	0.15	0.15	0.15
1618930141	900338298	0.15	0.15	0.15
1618930141	910333050	0.15	0.15	0.15
1618930141	920237982	0.15	0.15	0.15
1618930141	930286645	0.15	0.15	0.15
1618930141	940397912	0.15	0.15	0.15
1618930141	950274980	0.15	0.15	0.15
1618930141	960332656	0.15	0.15	0.15
1618930141	970289221	0.15	0.15	0.15
1618930141	980253028	0.15	0.15	0.15
1618930141	990256588	0.149999	0.149999	0.149999
1618930142	805676	0.149998	0.149998	0.149998
1618930142	10319051	0.149997	0.149997	0.149997
1618930142	20326523	0.149995	0.149995	0.149995
1618930142	30402016	0.149993	0.149993	0.149993
1618930142	40354202	0.14999	0.14999	0.14999
1618930142	50462131	0.149987	0.149987	0.149987
1618930142	60462708	0.149984	0.149984	0.149984
1618930142	70317912	0.14998	0.14998	0.14998
1618930142	80328970	0.149976	0.149976	0.149976
1618930142	90398664	0.149971	0.149971	0.149971
1618930142	100304874	0.149966	0.149966	0.149966
1618930142	110262885	0.149961	0.149961	0.149961
1618930142	120348250	0.149955	0.149955	0.149955
1618930142	130349092	0.149949	0.149949	0.149949
1618930142	140381324	0.149943	0.149943	0.149943
1618930142	150395564	0.149936	0.149936	0.149936
1618930142	160453554	0.149928	0.149928	0.149928
1618930142	170390287	0.149921	0.149921	0.149921
1618930142	180421387	0.149913	0.149913	0.149913
1618930142	190317510	0.149904	0.149904	0.149904
1618930142	200366839	0.149895	0.149895	0.149895
1618930142	210425682	0.149886	0.149886	0.149886
1618930142	220328244	0.149876	0.149876	0.149876
1618930142	230328367	0.149866	0.149866	0.149866
1618930142	240281926	0.149856	0.149856	0.149856
1618930142	250343932	0.149845	0.149845	0.149845
1618930142	260342229	0.149834	0.149834	0.149834
1618930142	270267995	0.149822	0.149822	0.149822
1618930142	280337075	0.14981	0.14981	0.14981
1618930142	290297518	0.149798	0.149798	0.149798
1618930142	300255599	0.149785	0.149785	0.149785
1618930142	310279148	0.149772	0.149772	0.149772
1618930142	320262837	0.149759	0.149759	0.149759
1618930142	330277686	0.149745	0.149745	0.149745
1618930142	340215484	0.149731	0.149731	0.149731
1618930142	350308949	0.149716	0.149716	0.149716
1618930142	360268410	0.149701	0.149701	0.149701
1618930142	370594688	0.149686	0.149686	0.149686
1618930142	380298789	0.14967	0.14967	0.14967
1618930142	390821990	0.149654	0.149654	0.149654
1618930142	400988156	0.149637	0.149637	0.149637
1618930142	410402312	0.14962	0.14962	0.14962
1618930142	420312511	0.149603	0.149603	0.149603
1618930142	430495074	0.149585	0.149585	0.149585
1618930142	440242145	0.149567	0.149567	0.149567
1618930142	450350408	0.149549	0.149549	0.149549
1618930142	460279229	0.14953	0.14953	0.14953
1618930142	470367975	0.149511	0.149511	0.149511
1618930142	480300979	0.149492	0.149492	0.149492
1618930142	490335770	0.149472	0.149472	0.149472
1618930142	500920415	0.149451	0.149451	0.149451
1618930142	510387687	0.149431	0.149431	0.149431
1618930142	520306456	0.14941	0.14941	0.14941
1618930142	530399520	0.149388	0.149388	0.149388
1618930142	540321973	0.149367	0.149367	0.149367
1618930142	550287824	0.149345	0.149345	0.149345
1618930142	560391470	0.149322	0.149322	0.149322
1618930142	570292874	0.149299	0.149299	0.149299
1618930142	580350283	0.149276	0.149276	0.149276
1618930142	590294705	0.149252	0.149252	0.149252
1618930142	600300287	0.149228	0.149228	0.149228
1618930142	610378427	0.149204	0.149204	0.149204
1618930142	620374173	0.149179	0.149179	0.149179
1618930142	630280105	0.149154	0.149154	0.149154
1618930142	640422976	0.149129	0.149129	0.149129
1618930142	650477164	0.149103	0.149103	0.149103
1618930142	660304083	0.149077	0.149077	0.149077
1618930142	670314295	0.14905	0.14905	0.14905
1618930142	680330110	0.149024	0.149024	0.149024
1618930142	690306834	0.148996	0.148996	0.148996
1618930142	700338861	0.148969	0.148969	0.148969
1618930142	710401832	0.148941	0.148941	0.148941
1618930142	720396202	0.148913	0.148913	0.148913
1618930142	730338161	0.148884	0.148884	0.148884
1618930142	740332715	0.148855	0.148855	0.148855
1618930142	750290681	0.148825	0.148825	0.148825
1618930142	760371848	0.148796	0.148796	0.148796
1618930142	770386110	0.148766	0.148766	0.148766
1618930142	780468223	0.148735	0.148735	0.148735
1618930142	790543440	0.148704	0.148704	0.148704
1618930142	800318018	0.148673	0.148673	0.148673
1618930142	810358748	0.148641	0.148641	0.148641
1618930142	820400829	0.14861	0.14861	0.14861
1618930142	830424078	0.148577	0.148577	0.148577
1618930142	840357037	0.148545	0.148545	0.148545
1618930142	850366921	0.148512	0.148512	0.148512
1618930142	860356026	0.148478	0.148478	0.148478
1618930142	870373216	0.148445	0.148445	0.148445
1618930142	880413517	0.148411	0.148411	0.148411
1618930142	890343142	0.148376	0.148376	0.148376
1618930142	900326434	0.148342	0.148342	0.148342
1618930142	910482136	0.148307	0.148307	0.148307
1618930142	920423493	0.148271	0.148271	0.148271
1618930142	930364370	0.148235	0.148235	0.148235
1618930142	940347472	0.148199	0.148199	0.148199
1618930142	950449943	0.148163	0.148163	0.148163
1618930142	960458729	0.148126	0.148126	0.148126
1618930142	970482208	0.148089	0.148089	0.148089
1618930142	980460304	0.148051	0.148051	0.148051
1618930142	990459618	0.148014	0.148014	0.148014
1618930143	404045	0.147975	0.147975	0.147975
1618930143	10517967	0.147937	0.147937	0.147937
1618930143	20460788	0.147898	0.147898	0.147898
1618930143	30382617	0.147859	0.147859	0.147859
1618930143	40445130	0.147819	0.147819	0.147819
1618930143	50458461	0.147779	0.147779	0.147779
1618930143	60367156	0.147739	0.147739	0.147739
1618930143	70328662	0.147698	0.147698	0.147698
1618930143	80350792	0.147657	0.147657	0.147657
1618930143	90382183	0.147616	0.147616	0.147616
1618930143	100417830	0.147574	0.147574	0.147574
1618930143	110380551	0.147532	0.147532	0.147532
1618930143	120300454	0.14749	0.14749	0.14749
1618930143	130363585	0.147448	0.147448	0.147448
1618930143	140333121	0.147405	0.147405	0.147405
1618930143	150395909	0.147361	0.147361	0.147361
1618930143	160407033	0.147318	0.147318	0.147318
1618930143	170345037	0.147274	0.147274	0.147274
1618930143	180381628	0.147229	0.147229	0.147229
1618930143	190340708	0.147185	0.147185	0.147185
1618930143	200364783	0.14714	0.14714	0.14714
1618930143	210459726	0.147094	0.147094	0.147094
1618930143	220393782	0.147049	0.147049	0.147049
1618930143	230389753	0.147003	0.147003	0.147003
1618930143	240438609	0.146956	0.146956	0.146956
1618930143	250312294	0.14691	0.14691	0.14691
1618930143	260386677	0.146863	0.146863	0.146863
1618930143	270505341	0.146815	0.146815	0.146815
1618930143	280345482	0.146768	0.146768	0.146768
1618930143	290358787	0.14672	0.14672	0.14672
1618930143	300296003	0.146671	0.146671	0.146671
1618930143	310330315	0.146623	0.146623	0.146623
1618930143	320338354	0.146574	0.146574	0.146574
1618930143	330269051	0.146524	0.146524	0.146524
1618930143	340272813	0.146475	0.146475	0.146475
1618930143	350347209	0.146425	0.146425	0.146425
1618930143	360342536	0.146375	0.146375	0.146375
1618930143	370451015	0.146324	0.146324	0.146324
1618930143	380420636	0.146273	0.146273	0.146273
1618930143	390340881	0.146222	0.146222	0.146222
1618930143	400356898	0.14617	0.14617	0.14617
1618930143	410317453	0.146118	0.146118	0.146118
1618930143	420426972	0.146066	0.146066	0.146066
1618930143	430383444	0.146013	0.146013	0.146013
1618930143	440350810	0.145961	0.145961	0.145961
1618930143	450419587	0.145907	0.145907	0.145907
1618930143	460408300	0.145854	0.145854	0.145854
1618930143	470415644	0.1458	0.1458	0.1458
1618930143	480514223	0.145746	0.145746	0.145746
1618930143	490401208	0.145691	0.145691	0.145691
1618930143	500948045	0.145637	0.145637	0.145637
1618930143	510386954	0.145581	0.145581	0.145581
1618930143	520314869	0.145526	0.145526	0.145526
1618930143	530403748	0.14547	0.14547	0.14547
1618930143	540412051	0.145414	0.145414	0.145414
1618930143	550342065	0.145358	0.145358	0.145358
1618930143	560459982	0.145301	0.145301	0.145301
1618930143	570304872	0.145244	0.145244	0.145244
1618930143	580452714	0.145187	0.145187	0.145187
1618930143	590341429	0.145129	0.145129	0.145129
1618930143	600300849	0.145071	0.145071	0.145071
1618930143	610854097	0.145013	0.145013	0.145013
1618930143	620462627	0.144954	0.144954	0.144954
1618930143	630856733	0.144895	0.144895	0.144895
1618930143	640857429	0.144836	0.144836	0.144836
1618930143	650475238	0.144777	0.144777	0.144777
1618930143	660422759	0.144717	0.144717	0.144717
1618930143	670301277	0.144657	0.144657	0.144657
1618930143	680458844	0.144596	0.144596	0.144596
1618930143	690421837	0.144536	0.144536	0.144536
1618930143	700286269	0.144474	0.144474	0.144474
1618930143	710283445	0.144413	0.144413	0.144413
1618930143	720406792	0.144351	0.144351	0.144351
1618930143	730370468	0.144289	0.144289	0.144289
1618930143	740355051	0.144227	0.144227	0.144227
1618930143	750322542	0.144165	0.144165	0.144165
1618930143	760450718	0.144102	0.144102	0.144102
1618930143	770286498	0.144038	0.144038	0.144038
1618930143	780331146	0.143975	0.143975	0.143975
1618930143	790284308	0.143911	0.143911	0.143911
1618930143	800369311	0.143847	0.143847	0.143847
1618930143	810424346	0.143783	0.143783	0.143783
1618930143	820332268	0.143718	0.143718	0.143718
1618930143	830392236	0.143653	0.143653	0.143653
1618930143	840371334	0.143587	0.143587	0.143587
1618930143	850393366	0.143522	0.143522	0.143522
1618930143	860342442	0.143456	0.143456	0.143456
1618930143	870309143	0.14339	0.14339	0.14339
1618930143	880394206	0.143323	0.143323	0.143323
1618930143	890384467	0.143256	0.143256	0.143256
1618930143	900439974	0.143189	0.143189	0.143189
1618930143	910318431	0.143122	0.143122	0.143122
1618930143	920312887	0.143054	0.143054	0.143054
1618930143	930806527	0.142986	0.142986	0.142986
1618930143	940848110	0.142918	0.142918	0.142918
1618930143	950296041	0.142849	0.142849	0.142849
1618930143	960532545	0.14278	0.14278	0.14278
1618930143	970386351	0.142711	0.142711	0.142711
1618930143	980415653	0.142642	0.142642	0.142642
1618930143	990464643	0.142572	0.142572	0.142572
1618930144	470814	0.142502	0.142502	0.142502
1618930144	10383117	0.142431	0.142431	0.142431
1618930144	20382474	0.142361	0.142361	0.142361
1618930144	30396716	0.14229	0.14229	0.14229
1618930144	40306565	0.142219	0.142219	0.142219
1618930144	50294833	0.142147	0.142147	0.142147
1618930144	60493689	0.142075	0.142075	0.142075
1618930144	70372965	0.142003	0.142003	0.142003
1618930144	80374136	0.141931	0.141931	0.141931
1618930144	90330241	0.141858	0.141858	0.141858
1618930144	100371691	0.141785	0.141785	0.141785
1618930144	110397625	0.141712	0.141712	0.141712
1618930144	120361219	0.141638	0.141638	0.141638
1618930144	130386126	0.141565	0.141565	0.141565
1618930144	140501769	0.141491	0.141491	0.141491
1618930144	150377974	0.141416	0.141416	0.141416
1618930144	160384159	0.141341	0.141341	0.141341
1618930144	170373009	0.141266	0.141266	0.141266
1618930144	180471381	0.141191	0.141191	0.141191
1618930144	190350235	0.141116	0.141116	0.141116
1618930144	200416393	0.14104	0.14104	0.14104
1618930144	210350831	0.140964	0.140964	0.140964
1618930144	220375306	0.140888	0.140888	0.140888
1618930144	230398181	0.140811	0.140811	0.140811
1618930144	240289593	0.140734	0.140734	0.140734
1618930144	250390801	0.140657	0.140657	0.140657
1618930144	260420689	0.140579	0.140579	0.140579
1618930144	270518964	0.140502	0.140502	0.140502
1618930144	280488320	0.140423	0.140423	0.140423
1618930144	290529116	0.140345	0.140345	0.140345
1618930144	300375845	0.140267	0.140267	0.140267
1618930144	310425082	0.140188	0.140188	0.140188
1618930144	320384462	0.140109	0.140109	0.140109
1618930144	330450398	0.140029	0.140029	0.140029
1618930144	340332862	0.139949	0.139949	0.139949
1618930144	350426521	0.13987	0.13987	0.13987
1618930144	360428225	0.139789	0.139789	0.139789
1618930144	370847445	0.139709	0.139709	0.139709
1618930144	380428695	0.139628	0.139628	0.139628
1618930144	390381810	0.139547	0.139547	0.139547
1618930144	400429447	0.139466	0.139466	0.139466
1618930144	410330843	0.139384	0.139384	0.139384
1618930144	420429590	0.139302	0.139302	0.139302
1618930144	430815091	0.13922	0.13922	0.13922
1618930144	440321860	0.139138	0.139138	0.139138
1618930144	450347057	0.139055	0.139055	0.139055
1618930144	460365508	0.138972	0.138972	0.138972
1618930144	470349998	0.138889	0.138889	0.138889
1618930144	480396409	0.138805	0.138805	0.138805
1618930144	490379806	0.138722	0.138722	0.138722
1618930144	500321106	0.138638	0.138638	0.138638
1618930144	510520218	0.138553	0.138553	0.138553
1618930144	520498047	0.138469	0.138469	0.138469
1618930144	530459821	0.138384	0.138384	0.138384
1618930144	540444081	0.138299	0.138299	0.138299
1618930144	550492184	0.138214	0.138214	0.138214
1618930144	560338203	0.138128	0.138128	0.138128
1618930144	570898554	0.138042	0.138042	0.138042
1618930144	580349303	0.137956	0.137956	0.137956
1618930144	590365414	0.13787	0.13787	0.13787
1618930144	600358557	0.137783	0.137783	0.137783
1618930144	610364319	0.137696	0.137696	0.137696
1618930144	620434291	0.137609	0.137609	0.137609
1618930144	630439740	0.137522	0.137522	0.137522
1618930144	640369138	0.137434	0.137434	0.137434
1618930144	650341767	0.137346	0.137346	0.137346
1618930144	660368506	0.137258	0.137258	0.137258
1618930144	670908060	0.13717	0.13717	0.13717
1618930144	680562354	0.137081	0.137081	0.137081
1618930144	690372803	0.136992	0.136992	0.136992
1618930144	700383607	0.136903	0.136903	0.136903
1618930144	710350192	0.136813	0.136813	0.136813
1618930144	720293088	0.136724	0.136724	0.136724
1618930144	730424350	0.136634	0.136634	0.136634
1618930144	740335030	0.136543	0.136543	0.136543
1618930144	750289289	0.136453	0.136453	0.136453
1618930144	760342965	0.136362	0.136362	0.136362
1618930144	770445750	0.136271	0.136271	0.136271
1618930144	780353421	0.13618	0.13618	0.13618
1618930144	790395276	0.136089	0.136089	0.136089
1618930144	800933551	0.135997	0.135997	0.135997
1618930144	810407577	0.135905	0.135905	0.135905
1618930144	820323029	0.135813	0.135813	0.135813
1618930144	830397957	0.13572	0.13572	0.13572
1618930144	840398334	0.135628	0.135628	0.135628
1618930144	850427152	0.135535	0.135535	0.135535
1618930144	860348172	0.135441	0.135441	0.135441
1618930144	870390771	0.135348	0.135348	0.135348
1618930144	880306832	0.135254	0.135254	0.135254
1618930144	890381090	0.13516	0.13516	0.13516
1618930144	900495639	0.135066	0.135066	0.135066
1618930144	910968479	0.134972	0.134972	0.134972
1618930144	920424133	0.134877	0.134877	0.134877
1618930144	930452249	0.134782	0.134782	0.134782
1618930144	940525994	0.134687	0.134687	0.134687
1618930144	950485414	0.134592	0.134592	0.134592
1618930144	960352539	0.134496	0.134496	0.134496
1618930144	970390280	0.1344	0.1344	0.1344
1618930144	980449249	0.134304	0.134304	0.134304
1618930144	990500389	0.134208	0.134208	0.134208
1618930145	434447	0.134111	0.134111	0.134111
1618930145	10956633	0.134014	0.134014	0.134014
1618930145	20465435	0.133917	0.133917	0.133917
1618930145	30311107	0.13382	0.13382	0.13382
1618930145	40477022	0.133722	0.133722	0.133722
1618930145	50378787	0.133624	0.133624	0.133624
1618930145	60474164	0.133526	0.133526	0.133526
1618930145	70374861	0.133428	0.133428	0.133428
1618930145	80339794	0.13333	0.13333	0.13333
1618930145	90848580	0.133231	0.133231	0.133231
1618930145	100300786	0.133132	0.133132	0.133132
1618930145	110338267	0.133033	0.133033	0.133033
1618930145	120524180	0.132933	0.132933	0.132933
1618930145	130438406	0.132834	0.132834	0.132834
1618930145	140492887	0.132734	0.132734	0.132734
1618930145	150416163	0.132634	0.132634	0.132634
1618930145	160446303	0.132533	0.132533	0.132533
1618930145	170432162	0.132433	0.132433	0.132433
1618930145	180428322	0.132332	0.132332	0.132332
1618930145	190327450	0.132231	0.132231	0.132231
1618930145	200351266	0.13213	0.13213	0.13213
1618930145	210447322	0.132028	0.132028	0.132028
1618930145	220431117	0.131926	0.131926	0.131926
1618930145	230409900	0.131824	0.131824	0.131824
1618930145	240478875	0.131722	0.131722	0.131722
1618930145	250374715	0.13162	0.13162	0.13162
1618930145	260338333	0.131517	0.131517	0.131517
1618930145	270348056	0.131414	0.131414	0.131414
1618930145	280514161	0.131311	0.131311	0.131311
1618930145	290353119	0.131208	0.131208	0.131208
1618930145	300909225	0.131105	0.131105	0.131105
1618930145	310470517	0.131001	0.131001	0.131001
1618930145	320308495	0.130897	0.130897	0.130897
1618930145	330330405	0.130793	0.130793	0.130793
1618930145	340275592	0.130688	0.130688	0.130688
1618930145	350426233	0.130584	0.130584	0.130584
1618930145	360269917	0.130479	0.130479	0.130479
1618930145	371005660	0.130374	0.130374	0.130374
1618930145	380287833	0.130268	0.130268	0.130268
1618930145	390377506	0.130163	0.130163	0.130163
1618930145	400405776	0.130057	0.130057	0.130057
1618930145	410413319	0.129951	0.129951	0.129951
1618930145	420382522	0.129845	0.129845	0.129845
1618930145	430361288	0.129739	0.129739	0.129739
1618930145	440415297	0.129632	0.129632	0.129632
1618930145	450433694	0.129525	0.129525	0.129525
1618930145	460341432	0.129418	0.129418	0.129418
1618930145	470393307	0.129311	0.129311	0.129311
1618930145	480389564	0.129204	0.129204	0.129204
1618930145	490373516	0.129096	0.129096	0.129096
1618930145	500402778	0.128988	0.128988	0.128988
1618930145	510838199	0.12888	0.12888	0.12888
1618930145	520356417	0.128772	0.128772	0.128772
1618930145	530341022	0.128663	0.128663	0.128663
1618930145	540406620	0.128555	0.128555	0.128555
1618930145	550555469	0.128446	0.128446	0.128446
1618930145	560385727	0.128337	0.128337	0.128337
1618930145	570385443	0.128227	0.128227	0.128227
1618930145	580398501	0.128118	0.128118	0.128118
1618930145	590338334	0.128008	0.128008	0.128008
1618930145	600371036	0.127898	0.127898	0.127898
1618930145	610391218	0.127788	0.127788	0.127788
1618930145	620372204	0.127677	0.127677	0.127677
1618930145	630407211	0.127567	0.127567	0.127567
1618930145	640503287	0.127456	0.127456	0.127456
1618930145	650403777	0.127345	0.127345	0.127345
1618930145	660342794	0.127234	0.127234	0.127234
1618930145	670396263	0.127122	0.127122	0.127122
1618930145	680358624	0.127011	0.127011	0.127011
1618930145	690337120	0.126899	0.126899	0.126899
1618930145	700387421	0.126787	0.126787	0.126787
1618930145	710400728	0.126675	0.126675	0.126675
1618930145	720476412	0.126563	0.126563	0.126563
1618930145	730413682	0.12645	0.12645	0.12645
1618930145	741003814	0.126337	0.126337	0.126337
1618930145	750570033	0.126224	0.126224	0.126224
1618930145	760377839	0.126111	0.126111	0.126111
1618930145	770397629	0.125998	0.125998	0.125998
1618930145	780437245	0.125884	0.125884	0.125884
1618930145	790364362	0.12577	0.12577	0.12577
1618930145	800347452	0.125656	0.125656	0.125656
1618930145	810373909	0.125542	0.125542	0.125542
1618930145	820332489	0.125428	0.125428	0.125428
1618930145	830413784	0.125313	0.125313	0.125313
1618930145	840427051	0.125198	0.125198	0.125198
1618930145	850521871	0.125083	0.125083	0.125083
1618930145	860471179	0.124968	0.124968	0.124968
1618930145	870425540	0.124853	0.124853	0.124853
1618930145	880451828	0.124737	0.124737	0.124737
1618930145	890529544	0.124622	0.124622	0.124622
1618930145	900517816	0.124506	0.124506	0.124506
1618930145	910401230	0.12439	0.12439	0.12439
1618930145	920407343	0.124273	0.124273	0.124273
1618930145	930475567	0.124157	0.124157	0.124157
1618930145	940379338	0.12404	0.12404	0.12404
1618930145	950519845	0.123923	0.123923	0.123923
1618930145	960417717	0.123806	0.123806	0.123806
1618930145	970458702	0.123689	0.123689	0.123689
1618930145	980454785	0.123571	0.123571	0.123571
1618930145	990510917	0.123454	0.123454	0.123454
1618930146	446027	0.123336	0.123336	0.123336
1618930146	10441585	0.123218	0.123218	0.123218
1618930146	20486493	0.1231	0.1231	0.1231
1618930146	30438363	0.122982	0.122982	0.122982
1618930146	40401395	0.122863	0.122863	0.122863
1618930146	50394440	0.122744	0.122744	0.122744
1618930146	60336948	0.122625	0.122625	0.122625
1618930146	70921648	0.122506	0.122506	0.122506
1618930146	80317534	0.122387	0.122387	0.122387
1618930146	90469937	0.122268	0.122268	0.122268
1618930146	100876133	0.122148	0.122148	0.122148
1618930146	110348033	0.122028	0.122028	0.122028
1618930146	120465276	0.121908	0.121908	0.121908
1618930146	130527517	0.121788	0.121788	0.121788
1618930146	140480871	0.121668	0.121668	0.121668
1618930146	150403497	0.121547	0.121547	0.121547
1618930146	160493004	0.121426	0.121426	0.121426
1618930146	170842153	0.121306	0.121306	0.121306
1618930146	180342856	0.121185	0.121185	0.121185
1618930146	190397226	0.121063	0.121063	0.121063
1618930146	200381654	0.120942	0.120942	0.120942
1618930146	210381934	0.12082	0.12082	0.12082
1618930146	220515612	0.120699	0.120699	0.120699
1618930146	230438967	0.120577	0.120577	0.120577
1618930146	240384969	0.120455	0.120455	0.120455
1618930146	250422623	0.120332	0.120332	0.120332
1618930146	260336563	0.12021	0.12021	0.12021
1618930146	270441517	0.120087	0.120087	0.120087
1618930146	280415600	0.119965	0.119965	0.119965
1618930146	290389336	0.119842	0.119842	0.119842
1618930146	300469044	0.119718	0.119718	0.119718
1618930146	310423659	0.119595	0.119595	0.119595
1618930146	320477320	0.119472	0.119472	0.119472
1618930146	330410574	0.119348	0.119348	0.119348
1618930146	340457393	0.119224	0.119224	0.119224
1618930146	350404777	0.1191	0.1191	0.1191
1618930146	360462068	0.118976	0.118976	0.118976
1618930146	370423468	0.118852	0.118852	0.118852
1618930146	380375733	0.118727	0.118727	0.118727
1618930146	390495475	0.118603	0.118603	0.118603
1618930146	400493275	0.118478	0.118478	0.118478
1618930146	410448259	0.118353	0.118353	0.118353
1618930146	420464882	0.118228	0.118228	0.118228
1618930146	430458662	0.118103	0.118103	0.118103
1618930146	440605454	0.117977	0.117977	0.117977
1618930146	450446624	0.117852	0.117852	0.117852
1618930146	460341670	0.117726	0.117726	0.117726
1618930146	470411878	0.1176	0.1176	0.1176
1618930146	480402513	0.117474	0.117474	0.117474
1618930146	490318597	0.117348	0.117348	0.117348
1618930146	500326493	0.117221	0.117221	0.117221
1618930146	510408197	0.117095	0.117095	0.117095
1618930146	520525997	0.116968	0.116968	0.116968
1618930146	530370559	0.116841	0.116841	0.116841
1618930146	540320968	0.116714	0.116714	0.116714
1618930146	550372802	0.116587	0.116587	0.116587
1618930146	560503352	0.11646	0.11646	0.11646
1618930146	570397509	0.116332	0.116332	0.116332
1618930146	580413098	0.116204	0.116204	0.116204
1618930146	590483046	0.116077	0.116077	0.116077
1618930146	600423629	0.115949	0.115949	0.115949
1618930146	610479649	0.115821	0.115821	0.115821
1618930146	620436569	0.115692	0.115692	0.115692
1618930146	630475644	0.115564	0.115564	0.115564
1618930146	640453134	0.115435	0.115435	0.115435
1618930146	650482160	0.115307	0.115307	0.115307
1618930146	660406669	0.115178	0.115178	0.115178
1618930146	670382041	0.115049	0.115049	0.115049
1618930146	680461175	0.11492	0.11492	0.11492
1618930146	690447772	0.11479	0.11479	0.11479
1618930146	700431028	0.114661	0.114661	0.114661
1618930146	710465778	0.114531	0.114531	0.114531
1618930146	720525151	0.114401	0.114401	0.114401
1618930146	730463363	0.114271	0.114271	0.114271
1618930146	740447162	0.114141	0.114141	0.114141
1618930146	750425441	0.114011	0.114011	0.114011
1618930146	760948482	0.113881	0.113881	0.113881
1618930146	770334348	0.11375	0.11375	0.11375
1618930146	780458033	0.11362	0.11362	0.11362
1618930146	790336573	0.113489	0.113489	0.113489
1618930146	800512389	0.113358	0.113358	0.113358
1618930146	810457015	0.113227	0.113227	0.113227
1618930146	820451137	0.113096	0.113096	0.113096
1618930146	830493063	0.112964	0.112964	0.112964
1618930146	840320540	0.112833	0.112833	0.112833
1618930146	850434995	0.112701	0.112701	0.112701
1618930146	860465408	0.11257	0.11257	0.11257
1618930146	870402994	0.112438	0.112438	0.112438
1618930146	880448626	0.112306	0.112306	0.112306
1618930146	890441714	0.112173	0.112173	0.112173
1618930146	900369377	0.112041	0.112041	0.112041
1618930146	910518655	0.111909	0.111909	0.111909
1618930146	920512776	0.111776	0.111776	0.111776
1618930146	930494121	0.111643	0.111643	0.111643
1618930146	940384900	0.111511	0.111511	0.111511
1618930146	950421650	0.111378	0.111378	0.111378
1618930146	960424742	0.111244	0.111244	0.111244
1618930146	970380398	0.111111	0.111111	0.111111
1618930146	980421808	0.110978	0.110978	0.110978
1618930146	991028698	0.110844	0.110844	0.110844
1618930147	351207	0.110711	0.110711	0.110711
1618930147	10477799	0.110577	0.110577	0.110577
1618930147	20354871	0.110443	0.110443	0.110443
1618930147	30393202	0.110309	0.110309	0.110309
1618930147	40341923	0.110175	0.110175	0.110175
1618930147	50504252	0.11004	0.11004	0.11004
1618930147	60330715	0.109906	0.109906	0.109906
1618930147	70350255	0.109771	0.109771	0.109771
1618930147	80881346	0.109637	0.109637	0.109637
1618930147	90404787	0.109502	0.109502	0.109502
1618930147	100447981	0.109367	0.109367	0.109367
1618930147	110459493	0.109232	0.109232	0.109232
1618930147	120416286	0.109096	0.109096	0.109096
1618930147	130392966	0.108961	0.108961	0.108961
1618930147	140443199	0.108826	0.108826	0.108826
1618930147	150456914	0.10869	0.10869	0.10869
1618930147	160461538	0.108554	0.108554	0.108554
1618930147	170482830	0.108418	0.108418	0.108418
1618930147	180797999	0.108283	0.108283	0.108283
1618930147	190371481	0.108146	0.108146	0.108146
1618930147	200452008	0.10801	0.10801	0.10801
1618930147	210945800	0.107874	0.107874	0.107874
1618930147	220494470	0.107738	0.107738	0.107738
1618930147	230424997	0.107601	0.107601	0.107601
1618930147	240472865	0.107464	0.107464	0.107464
1618930147	250468946	0.107327	0.107327	0.107327
1618930147	260364726	0.107191	0.107191	0.107191
1618930147	270395482	0.107054	0.107054	0.107054
1618930147	280393964	0.106916	0.106916	0.106916
1618930147	290552881	0.106779	0.106779	0.106779
1618930147	300318831	0.106642	0.106642	0.106642
1618930147	310479507	0.106504	0.106504	0.106504
1618930147	320422121	0.106367	0.106367	0.106367
1618930147	330525605	0.106229	0.106229	0.106229
1618930147	340393834	0.106091	0.106091	0.106091
1618930147	350379135	0.105953	0.105953	0.105953
1618930147	360401987	0.105815	0.105815	0.105815
1618930147	370340869	0.105677	0.105677	0.105677
1618930147	380432900	0.105539	0.105539	0.105539
1618930147	390427460	0.1054	0.1054	0.1054
1618930147	400476639	0.105262	0.105262	0.105262
1618930147	410435026	0.105123	0.105123	0.105123
1618930147	420588908	0.104984	0.104984	0.104984
1618930147	430414252	0.104845	0.104845	0.104845
1618930147	440370379	0.104706	0.104706	0.104706
1618930147	450374343	0.104567	0.104567	0.104567
1618930147	460434414	0.104428	0.104428	0.104428
1618930147	470935171	0.104289	0.104289	0.104289
1618930147	480372199	0.10415	0.10415	0.10415
1618930147	490399197	0.10401	0.10401	0.10401
1618930147	500344698	0.10387	0.10387	0.10387
1618930147	510434074	0.103731	0.103731	0.103731
1618930147	520426950	0.103591	0.103591	0.103591
1618930147	530397120	0.103451	0.103451	0.103451
1618930147	541029019	0.103311	0.103311	0.103311
1618930147	550447116	0.103171	0.103171	0.103171
1618930147	560531730	0.103031	0.103031	0.103031
1618930147	570379998	0.10289	0.10289	0.10289
1618930147	580558855	0.10275	0.10275	0.10275
1618930147	590418071	0.102609	0.102609	0.102609
1618930147	600497305	0.102469	0.102469	0.102469
1618930147	610439026	0.102328	0.102328	0.102328
1618930147	620409663	0.102187	0.102187	0.102187
1618930147	631074727	0.102046	0.102046	0.102046
1618930147	640326997	0.101905	0.101905	0.101905
1618930147	650435327	0.101764	0.101764	0.101764
1618930147	660484455	0.101623	0.101623	0.101623
1618930147	670588770	0.101482	0.101482	0.101482
1618930147	680387404	0.10134	0.10134	0.10134
1618930147	690417394	0.101199	0.101199	0.101199
1618930147	700351359	0.101057	0.101057	0.101057
1618930147	710335797	0.100915	0.100915	0.100915
1618930147	720349112	0.100774	0.100774	0.100774
1618930147	730347404	0.100632	0.100632	0.100632
1618930147	740496594	0.10049	0.10049	0.10049
1618930147	750500795	0.100348	0.100348	0.100348
1618930147	760454218	0.100206	0.100206	0.100206
1618930147	770352358	0.100063	0.100063	0.100063
1618930147	780453666	0.099921	0.099921	0.099921
1618930147	790519310	0.0997785	0.0997785	0.0997785
1618930147	800426959	0.099636	0.099636	0.099636
1618930147	810406436	0.0994934	0.0994934	0.0994934
1618930147	820391041	0.0993507	0.0993507	0.0993507
1618930147	830448077	0.0992079	0.0992079	0.0992079
1618930147	840397573	0.099065	0.099065	0.099065
1618930147	850449064	0.0989221	0.0989221	0.0989221
1618930147	860466635	0.098779	0.098779	0.098779
1618930147	870420515	0.0986359	0.0986359	0.0986359
1618930147	880479540	0.0984927	0.0984927	0.0984927
1618930147	890463294	0.0983494	0.0983494	0.0983494
1618930147	900476724	0.098206	0.098206	0.098206
1618930147	910453102	0.0980625	0.0980625	0.0980625
1618930147	920453349	0.097919	0.097919	0.097919
1618930147	930405904	0.0977754	0.0977754	0.0977754
1618930147	940381852	0.0976316	0.0976316	0.0976316
1618930147	950866922	0.0974878	0.0974878	0.0974878
1618930147	960377949	0.097344	0.097344	0.097344
1618930147	970450174	0.0972	0.0972	0.0972
1618930147	980837759	0.097056	0.097056	0.097056
1618930147	990350797	0.0969118	0.0969118	0.0969118
1618930148	565824	0.0967676	0.0967676	0.0967676
1618930148	10504559	0.0966234	0.0966234	0.0966234
1618930148	20408105	0.096479	0.096479	0.096479
1618930148	30402934	0.0963346	0.0963346	0.0963346
1618930148	40340955	0.0961901	0.0961901	0.0961901
1618930148	50503186	0.0960455	0.0960455	0.0960455
1618930148	60416215	0.0959008	0.0959008	0.0959008
1618930148	70495264	0.0957561	0.0957561	0.0957561
1618930148	80471353	0.0956113	0.0956113	0.0956113
1618930148	90559689	0.0954664	0.0954664	0.0954664
1618930148	100455751	0.0953214	0.0953214	0.0953214
1618930148	110431921	0.0951764	0.0951764	0.0951764
1618930148	120513104	0.0950313	0.0950313	0.0950313
1618930148	130325221	0.0948861	0.0948861	0.0948861
1618930148	140412786	0.0947409	0.0947409	0.0947409
1618930148	150469624	0.0945956	0.0945956	0.0945956
1618930148	160434601	0.0944502	0.0944502	0.0944502
1618930148	170542968	0.0943047	0.0943047	0.0943047
1618930148	180401946	0.0941592	0.0941592	0.0941592
1618930148	190484041	0.0940136	0.0940136	0.0940136
1618930148	200598274	0.0938679	0.0938679	0.0938679
1618930148	210442800	0.0937222	0.0937222	0.0937222
1618930148	220411620	0.0935764	0.0935764	0.0935764
1618930148	230467026	0.0934305	0.0934305	0.0934305
1618930148	240574831	0.0932846	0.0932846	0.0932846
1618930148	250436881	0.0931386	0.0931386	0.0931386
1618930148	260556171	0.0929925	0.0929925	0.0929925
1618930148	270544448	0.0928464	0.0928464	0.0928464
1618930148	280354457	0.0927002	0.0927002	0.0927002
1618930148	290404057	0.092554	0.092554	0.092554
1618930148	300489100	0.0924076	0.0924076	0.0924076
1618930148	310428580	0.0922613	0.0922613	0.0922613
1618930148	320394074	0.0921148	0.0921148	0.0921148
1618930148	330471928	0.0919683	0.0919683	0.0919683
1618930148	340401089	0.0918217	0.0918217	0.0918217
1618930148	350557235	0.0916751	0.0916751	0.0916751
1618930148	360364783	0.0915284	0.0915284	0.0915284
1618930148	370342875	0.0913817	0.0913817	0.0913817
1618930148	380354840	0.0912349	0.0912349	0.0912349
1618930148	390449641	0.091088	0.091088	0.091088
1618930148	400376785	0.0909411	0.0909411	0.0909411
1618930148	410598967	0.0907941	0.0907941	0.0907941
1618930148	420563436	0.0906471	0.0906471	0.0906471
1618930148	430548731	0.0905	0.0905	0.0905
1618930148	440313415	0.0903529	0.0903529	0.0903529
1618930148	450353256	0.0902057	0.0902057	0.0902057
1618930148	460589672	0.0900584	0.0900584	0.0900584
1618930148	470434444	0.0899111	0.0899111	0.0899111
1618930148	480430417	0.0897638	0.0897638	0.0897638
1618930148	490469388	0.0896163	0.0896163	0.0896163
1618930148	500390215	0.0894689	0.0894689	0.0894689
1618930148	510402641	0.0893214	0.0893214	0.0893214
1618930148	520550066	0.0891738	0.0891738	0.0891738
1618930148	530417227	0.0890262	0.0890262	0.0890262
1618930148	540472334	0.0888785	0.0888785	0.0888785
1618930148	550424197	0.0887308	0.0887308	0.0887308
1618930148	560420958	0.088583	0.088583	0.088583
1618930148	570548882	0.0884352	0.0884352	0.0884352
1618930148	580431787	0.0882873	0.0882873	0.0882873
1618930148	590433638	0.0881394	0.0881394	0.0881394
1618930148	600491968	0.0879915	0.0879915	0.0879915
1618930148	610539264	0.0878435	0.0878435	0.0878435
1618930148	620519772	0.0876954	0.0876954	0.0876954
1618930148	630513818	0.0875473	0.0875473	0.0875473
1618930148	640408006	0.0873992	0.0873992	0.0873992
1618930148	650364652	0.087251	0.087251	0.087251
1618930148	660390079	0.0871028	0.0871028	0.0871028
1618930148	670942708	0.0869545	0.0869545	0.0869545
1618930148	680390300	0.0868062	0.0868062	0.0868062
1618930148	690445537	0.0866578	0.0866578	0.0866578
1618930148	700420823	0.0865094	0.0865094	0.0865094
1618930148	710461053	0.086361	0.086361	0.086361
1618930148	720513518	0.0862125	0.0862125	0.0862125
1618930148	730486077	0.086064	0.086064	0.086064
1618930148	740424391	0.0859154	0.0859154	0.0859154
1618930148	750498115	0.0857668	0.0857668	0.0857668
1618930148	760563457	0.0856182	0.0856182	0.0856182
1618930148	770397345	0.0854695	0.0854695	0.0854695
1618930148	780427898	0.0853208	0.0853208	0.0853208
1618930148	790458976	0.0851721	0.0851721	0.0851721
1618930148	800429776	0.0850233	0.0850233	0.0850233
1618930148	810540845	0.0848744	0.0848744	0.0848744
1618930148	820391006	0.0847256	0.0847256	0.0847256
1618930148	830494352	0.0845767	0.0845767	0.0845767
1618930148	840523335	0.0844278	0.0844278	0.0844278
1618930148	850403714	0.0842788	0.0842788	0.0842788
1618930148	860569430	0.0841298	0.0841298	0.0841298
1618930148	870596679	0.0839808	0.0839808	0.0839808
1618930148	880594093	0.0838317	0.0838317	0.0838317
1618930148	890416089	0.0836827	0.0836827	0.0836827
1618930148	900559663	0.0835335	0.0835335	0.0835335
1618930148	910376388	0.0833844	0.0833844	0.0833844
1618930148	920596007	0.0832352	0.0832352	0.0832352
1618930148	930498004	0.083086	0.083086	0.083086
1618930148	940513180	0.0829368	0.0829368	0.0829368
1618930148	950497175	0.0827875	0.0827875	0.0827875
1618930148	960487229	0.0826382	0.0826382	0.0826382
1618930148	970564927	0.0824889	0.0824889	0.0824889
1618930148	980450317	0.0823395	0.0823395	0.0823395
1618930148	990456070	0.0821902	0.0821902	0.0821902
1618930149	405067	0.0820408	0.0820408	0.0820408
1618930149	10419913	0.0818914	0.0818914	0.0818914
1618930149	20498704	0.0817419	0.0817419	0.0817419
1618930149	30414531	0.0815924	0.0815924	0.0815924
1618930149	40582897	0.0814429	0.0814429	0.0814429
1618930149	50545794	0.0812934	0.0812934	0.0812934
1618930149	60406213	0.0811439	0.0811439	0.0811439
1618930149	70464390	0.0809943	0.0809943	0.0809943
1618930149	80464811	0.0808447	0.0808447	0.0808447
1618930149	90370346	0.0806951	0.0806951	0.0806951
1618930149	100415337	0.0805455	0.0805455	0.0805455
1618930149	110475278	0.0803959	0.0803959	0.0803959
1618930149	120526469	0.0802462	0.0802462	0.0802462
1618930149	130456638	0.0800965	0.0800965	0.0800965
1618930149	140671715	0.0799468	0.0799468	0.0799468
1618930149	150523721	0.0797971	0.0797971	0.0797971
1618930149	160484907	0.0796474	0.0796474	0.0796474
1618930149	170498736	0.0794976	0.0794976	0.0794976
1618930149	180530296	0.0793478	0.0793478	0.0793478
1618930149	190390644	0.0791981	0.0791981	0.0791981
1618930149	200496619	0.0790483	0.0790483	0.0790483
1618930149	210481697	0.0788984	0.0788984	0.0788984
1618930149	220418717	0.0787486	0.0787486	0.0787486
1618930149	230458215	0.0785988	0.0785988	0.0785988
1618930149	240508318	0.0784489	0.0784489	0.0784489
1618930149	250412133	0.0782991	0.0782991	0.0782991
1618930149	260449108	0.0781492	0.0781492	0.0781492
1618930149	270443256	0.0779993	0.0779993	0.0779993
1618930149	280950259	0.0778494	0.0778494	0.0778494
1618930149	290528334	0.0776995	0.0776995	0.0776995
1618930149	300441107	0.0775496	0.0775496	0.0775496
1618930149	310465968	0.0773996	0.0773996	0.0773996
1618930149	320475299	0.0772497	0.0772497	0.0772497
1618930149	330493748	0.0770998	0.0770998	0.0770998
1618930149	340517469	0.0769498	0.0769498	0.0769498
1618930149	350451840	0.0767998	0.0767998	0.0767998
1618930149	360454811	0.0766499	0.0766499	0.0766499
1618930149	370545401	0.0764999	0.0764999	0.0764999
1618930149	380968851	0.0763499	0.0763499	0.0763499
1618930149	390594920	0.0762	0.0762	0.0762
1618930149	400630614	0.07605	0.07605	0.07605
1618930149	410408549	0.0759	0.0759	0.0759
1618930149	420508242	0.07575	0.07575	0.07575
1618930149	430538409	0.0756	0.0756	0.0756
1618930149	440609854	0.07545	0.07545	0.07545
1618930149	450458725	0.0753	0.0753	0.0753
1618930149	460420768	0.07515	0.07515	0.07515
1618930149	470453606	0.075	0.075	0.075
1618930149	480444853	0.07485	0.07485	0.07485
1618930149	490423378	0.0747	0.0747	0.0747
1618930149	500524618	0.07455	0.07455	0.07455
1618930149	510481917	0.0744	0.0744	0.0744
1618930149	520415143	0.07425	0.07425	0.07425
1618930149	530511872	0.0741	0.0741	0.0741
1618930149	540907586	0.07395	0.07395	0.07395
1618930149	550517965	0.0738	0.0738	0.0738
1618930149	560370919	0.0736501	0.0736501	0.0736501
1618930149	570461026	0.0735001	0.0735001	0.0735001
1618930149	580496686	0.0733501	0.0733501	0.0733501
1618930149	590533222	0.0732002	0.0732002	0.0732002
1618930149	600383997	0.0730502	0.0730502	0.0730502
1618930149	610481011	0.0729002	0.0729002	0.0729002
1618930149	620417546	0.0727503	0.0727503	0.0727503
1618930149	630560522	0.0726004	0.0726004	0.0726004
1618930149	640537120	0.0724504	0.0724504	0.0724504
1618930149	650533437	0.0723005	0.0723005	0.0723005
1618930149	660415250	0.0721506	0.0721506	0.0721506
1618930149	670425230	0.0720007	0.0720007	0.0720007
1618930149	680371680	0.0718508	0.0718508	0.0718508
1618930149	690412404	0.0717009	0.0717009	0.0717009
1618930149	700447064	0.0715511	0.0715511	0.0715511
1618930149	710448527	0.0714012	0.0714012	0.0714012
1618930149	720467845	0.0712514	0.0712514	0.0712514
1618930149	730976565	0.0711016	0.0711016	0.0711016
1618930149	740469291	0.0709518	0.0709518	0.0709518
1618930149	750384678	0.070802	0.070802	0.070802
1618930149	760393938	0.0706522	0.0706522	0.0706522
1618930149	770526717	0.0705024	0.0705024	0.0705024
1618930149	780435659	0.0703527	0.0703527	0.0703527
1618930149	790474831	0.0702029	0.0702029	0.0702029
1618930149	800509405	0.0700532	0.0700532	0.0700532
1618930149	810447999	0.0699035	0.0699035	0.0699035
1618930149	820476643	0.0697538	0.0697538	0.0697538
1618930149	830536532	0.0696041	0.0696041	0.0696041
1618930149	840549829	0.0694545	0.0694545	0.0694545
1618930149	850464941	0.0693049	0.0693049	0.0693049
1618930149	860378920	0.0691553	0.0691553	0.0691553
1618930149	870589567	0.0690057	0.0690057	0.0690057
1618930149	880488512	0.0688561	0.0688561	0.0688561
1618930149	890467294	0.0687066	0.0687066	0.0687066
1618930149	900428967	0.0685571	0.0685571	0.0685571
1618930149	910513471	0.0684076	0.0684076	0.0684076
1618930149	920490588	0.0682581	0.0682581	0.0682581
1618930149	930496354	0.0681087	0.0681087	0.0681087
1618930149	940487543	0.0679592	0.0679592	0.0679592
1618930149	950504178	0.0678098	0.0678098	0.0678098
1618930149	961131650	0.0676605	0.0676605	0.0676605
1618930149	970490728	0.0675111	0.0675111	0.0675111
1618930149	980583583	0.0673618	0.0673618	0.0673618
1618930149	990897614	0.0672125	0.0672125	0.0672125
1618930150	436875	0.0670632	0.0670632	0.0670632
1618930150	10396633	0.066914	0.066914	0.066914
1618930150	20519343	0.0667648	0.0667648	0.0667648
1618930150	30563168	0.0666156	0.0666156	0.0666156
1618930150	40432188	0.0664665	0.0664665	0.0664665
1618930150	50476835	0.0663173	0.0663173	0.0663173
1618930150	60416157	0.0661683	0.0661683	0.0661683
1618930150	70515119	0.0660192	0.0660192	0.0660192
1618930150	80437148	0.0658702	0.0658702	0.0658702
1618930150	90445173	0.0657212	0.0657212	0.0657212
1618930150	100391244	0.0655722	0.0655722	0.0655722
1618930150	110409500	0.0654233	0.0654233	0.0654233
1618930150	120410214	0.0652744	0.0652744	0.0652744
1618930150	130448410	0.0651256	0.0651256	0.0651256
1618930150	140511730	0.0649767	0.0649767	0.0649767
1618930150	150401462	0.064828	0.064828	0.064828
1618930150	160409452	0.0646792	0.0646792	0.0646792
1618930150	170582085	0.0645305	0.0645305	0.0645305
1618930150	180324370	0.0643818	0.0643818	0.0643818
1618930150	190305829	0.0642332	0.0642332	0.0642332
1618930150	200375847	0.0640846	0.0640846	0.0640846
1618930150	210347065	0.063936	0.063936	0.063936
1618930150	220414748	0.0637875	0.0637875	0.0637875
1618930150	230399994	0.063639	0.063639	0.063639
1618930150	240474115	0.0634906	0.0634906	0.0634906
1618930150	250554377	0.0633422	0.0633422	0.0633422
1618930150	260521007	0.0631938	0.0631938	0.0631938
1618930150	270383450	0.0630455	0.0630455	0.0630455
1618930150	280382010	0.0628972	0.0628972	0.0628972
1618930150	290393477	0.062749	0.062749	0.062749
1618930150	300419223	0.0626008	0.0626008	0.0626008
1618930150	310387773	0.0624527	0.0624527	0.0624527
1618930150	320388568	0.0623046	0.0623046	0.0623046
1618930150	330923025	0.0621565	0.0621565	0.0621565
1618930150	340369419	0.0620085	0.0620085	0.0620085
1618930150	350510039	0.0618606	0.0618606	0.0618606
1618930150	361057132	0.0617127	0.0617127	0.0617127
1618930150	370363554	0.0615648	0.0615648	0.0615648
1618930150	380570197	0.061417	0.061417	0.061417
1618930150	390461048	0.0612692	0.0612692	0.0612692
1618930150	400423810	0.0611215	0.0611215	0.0611215
1618930150	410444333	0.0609738	0.0609738	0.0609738
1618930150	420629340	0.0608262	0.0608262	0.0608262
1618930150	430401572	0.0606786	0.0606786	0.0606786
1618930150	440452777	0.0605311	0.0605311	0.0605311
1618930150	450542200	0.0603837	0.0603837	0.0603837
1618930150	460470981	0.0602363	0.0602363	0.0602363
1618930150	470573930	0.0600889	0.0600889	0.0600889
1618930150	480463682	0.0599416	0.0599416	0.0599416
1618930150	490615919	0.0597943	0.0597943	0.0597943
1618930150	500449805	0.0596471	0.0596471	0.0596471
1618930150	510572572	0.0595	0.0595	0.0595
1618930150	520448489	0.0593529	0.0593529	0.0593529
1618930150	530613380	0.0592059	0.0592059	0.0592059
1618930150	540658371	0.0590589	0.0590589	0.0590589
1618930150	550509127	0.058912	0.058912	0.058912
1618930150	560507287	0.0587651	0.0587651	0.0587651
1618930150	570479223	0.0586183	0.0586183	0.0586183
1618930150	580475609	0.0584716	0.0584716	0.0584716
1618930150	590577828	0.0583249	0.0583249	0.0583249
1618930150	600523272	0.0581783	0.0581783	0.0581783
1618930150	610564698	0.0580317	0.0580317	0.0580317
1618930150	620414723	0.0578852	0.0578852	0.0578852
1618930150	630565645	0.0577387	0.0577387	0.0577387
1618930150	640498821	0.0575924	0.0575924	0.0575924
1618930150	650489886	0.057446	0.057446	0.057446
1618930150	660501353	0.0572998	0.0572998	0.0572998
1618930150	670495827	0.0571536	0.0571536	0.0571536
1618930150	680579679	0.0570075	0.0570075	0.0570075
1618930150	690577908	0.0568614	0.0568614	0.0568614
1618930150	700453910	0.0567154	0.0567154	0.0567154
1618930150	710470992	0.0565695	0.0565695	0.0565695
1618930150	720952043	0.0564236	0.0564236	0.0564236
1618930150	730452480	0.0562778	0.0562778	0.0562778
1618930150	741013630	0.0561321	0.0561321	0.0561321
1618930150	750411237	0.0559864	0.0559864	0.0559864
1618930150	760458766	0.0558408	0.0558408	0.0558408
1618930150	770503801	0.0556953	0.0556953	0.0556953
1618930150	780424912	0.0555498	0.0555498	0.0555498
1618930150	790375410	0.0554044	0.0554044	0.0554044
1618930150	800518392	0.0552591	0.0552591	0.0552591
1618930150	810488435	0.0551139	0.0551139	0.0551139
1618930150	820534952	0.0549687	0.0549687	0.0549687
1618930150	830562653	0.0548236	0.0548236	0.0548236
1618930150	840561490	0.0546786	0.0546786	0.0546786
1618930150	850448535	0.0545336	0.0545336	0.0545336
1618930150	860412391	0.0543887	0.0543887	0.0543887
1618930150	870417371	0.0542439	0.0542439	0.0542439
1618930150	880534047	0.0540992	0.0540992	0.0540992
1618930150	890401862	0.0539545	0.0539545	0.0539545
1618930150	900389366	0.0538099	0.0538099	0.0538099
1618930150	910469037	0.0536654	0.0536654	0.0536654
1618930150	920387450	0.053521	0.053521	0.053521
1618930150	930373427	0.0533766	0.0533766	0.0533766
1618930150	940488846	0.0532324	0.0532324	0.0532324
1618930150	950519791	0.0530882	0.0530882	0.0530882
1618930150	960494326	0.052944	0.052944	0.052944
1618930150	970487939	0.0528	0.0528	0.0528
1618930150	980593023	0.052656	0.052656	0.052656
1618930150	990584196	0.0525122	0.0525122	0.0525122
1618930151	483111	0.0523684	0.0523684	0.0523684
1618930151	10495271	0.0522246	0.0522246	0.0522246
1618930151	20436651	0.052081	0.052081	0.052081
1618930151	30505025	0.0519375	0.0519375	0.0519375
1618930151	40573944	0.051794	0.051794	0.051794
1618930151	50535942	0.0516506	0.0516506	0.0516506
1618930151	60616757	0.0515073	0.0515073	0.0515073
1618930151	70570533	0.0513641	0.0513641	0.0513641
1618930151	80453980	0.051221	0.051221	0.051221
1618930151	90430928	0.0510779	0.0510779	0.0510779
1618930151	100417487	0.050935	0.050935	0.050935
1618930151	110444965	0.0507921	0.0507921	0.0507921
1618930151	120468483	0.0506493	0.0506493	0.0506493
1618930151	130458785	0.0505066	0.0505066	0.0505066
1618930151	140911360	0.050364	0.050364	0.050364
1618930151	150947729	0.0502215	0.0502215	0.0502215
1618930151	161005417	0.0500791	0.0500791	0.0500791
1618930151	170414366	0.0499367	0.0499367	0.0499367
1618930151	180422471	0.0497945	0.0497945	0.0497945
1618930151	190399540	0.0496523	0.0496523	0.0496523
1618930151	200422383	0.0495102	0.0495102	0.0495102
1618930151	210548241	0.0493683	0.0493683	0.0493683
1618930151	220453196	0.0492264	0.0492264	0.0492264
1618930151	230591315	0.0490846	0.0490846	0.0490846
1618930151	240441921	0.0489429	0.0489429	0.0489429
1618930151	251134005	0.0488013	0.0488013	0.0488013
1618930151	260456129	0.0486598	0.0486598	0.0486598
1618930151	270501997	0.0485184	0.0485184	0.0485184
1618930151	280600372	0.0483771	0.0483771	0.0483771
1618930151	290528311	0.0482359	0.0482359	0.0482359
1618930151	300608449	0.0480948	0.0480948	0.0480948
1618930151	310560896	0.0479537	0.0479537	0.0479537
1618930151	320433250	0.0478128	0.0478128	0.0478128
1618930151	330617613	0.047672	0.047672	0.047672
1618930151	340544963	0.0475313	0.0475313	0.0475313
1618930151	350478592	0.0473906	0.0473906	0.0473906
1618930151	360546719	0.0472501	0.0472501	0.0472501
1618930151	370492935	0.0471097	0.0471097	0.0471097
1618930151	380406250	0.0469694	0.0469694	0.0469694
1618930151	390544354	0.0468291	0.0468291	0.0468291
1618930151	400543757	0.046689	0.046689	0.046689
1618930151	410710638	0.046549	0.046549	0.046549
1618930151	420556071	0.0464091	0.0464091	0.0464091
1618930151	430496075	0.0462693	0.0462693	0.0462693
1618930151	440368220	0.0461296	0.0461296	0.0461296
1618930151	450412364	0.04599	0.04599	0.04599
1618930151	460553946	0.0458505	0.0458505	0.0458505
1618930151	470419711	0.0457111	0.0457111	0.0457111
1618930151	480603598	0.0455718	0.0455718	0.0455718
1618930151	490468284	0.0454327	0.0454327	0.0454327
1618930151	500441704	0.0452936	0.0452936	0.0452936
1618930151	511058028	0.0451546	0.0451546	0.0451546
1618930151	520486803	0.0450158	0.0450158	0.0450158
1618930151	530424782	0.0448771	0.0448771	0.0448771
1618930151	540417567	0.0447384	0.0447384	0.0447384
1618930151	550512450	0.0445999	0.0445999	0.0445999
1618930151	560495464	0.0444615	0.0444615	0.0444615
1618930151	570590277	0.0443232	0.0443232	0.0443232
1618930151	580435672	0.044185	0.044185	0.044185
1618930151	590453424	0.0440469	0.0440469	0.0440469
1618930151	600571662	0.043909	0.043909	0.043909
1618930151	611075067	0.0437711	0.0437711	0.0437711
1618930151	620430893	0.0436334	0.0436334	0.0436334
1618930151	630407710	0.0434958	0.0434958	0.0434958
1618930151	640410870	0.0433583	0.0433583	0.0433583
1618930151	650437815	0.0432209	0.0432209	0.0432209
1618930151	660606900	0.0430836	0.0430836	0.0430836
1618930151	670549780	0.0429465	0.0429465	0.0429465
1618930151	680438984	0.0428095	0.0428095	0.0428095
1618930151	690401684	0.0426725	0.0426725	0.0426725
1618930151	700471174	0.0425357	0.0425357	0.0425357
1618930151	710403124	0.0423991	0.0423991	0.0423991
1618930151	720930172	0.0422625	0.0422625	0.0422625
1618930151	730449394	0.0421261	0.0421261	0.0421261
1618930151	740471160	0.0419897	0.0419897	0.0419897
1618930151	750600835	0.0418535	0.0418535	0.0418535
1618930151	760441357	0.0417175	0.0417175	0.0417175
1618930151	770458015	0.0415815	0.0415815	0.0415815
1618930151	780942762	0.0414457	0.0414457	0.0414457
1618930151	790880523	0.04131	0.04131	0.04131
1618930151	800400752	0.0411744	0.0411744	0.0411744
1618930151	810469647	0.0410389	0.0410389	0.0410389
1618930151	820566053	0.0409036	0.0409036	0.0409036
1618930151	830464123	0.0407684	0.0407684	0.0407684
1618930151	840462544	0.0406333	0.0406333	0.0406333
1618930151	850429997	0.0404983	0.0404983	0.0404983
1618930151	860471379	0.0403635	0.0403635	0.0403635
1618930151	870457012	0.0402288	0.0402288	0.0402288
1618930151	880469854	0.0400942	0.0400942	0.0400942
1618930151	890420150	0.0399598	0.0399598	0.0399598
1618930151	900412458	0.0398255	0.0398255	0.0398255
1618930151	910483786	0.0396913	0.0396913	0.0396913
1618930151	920471654	0.0395572	0.0395572	0.0395572
1618930151	930483168	0.0394233	0.0394233	0.0394233
1618930151	940502512	0.0392895	0.0392895	0.0392895
1618930151	950504662	0.0391558	0.0391558	0.0391558
1618930151	960531793	0.0390223	0.0390223	0.0390223
1618930151	970504945	0.0388889	0.0388889	0.0388889
1618930151	980510401	0.0387556	0.0387556	0.0387556
1618930151	990464083	0.0386225	0.0386225	0.0386225
1618930152	437177	0.0384895	0.0384895	0.0384895
1618930152	10426239	0.0383566	0.0383566	0.0383566
1618930152	20458379	0.0382239	0.0382239	0.0382239
1618930152	30456029	0.0380913	0.0380913	0.0380913
1618930152	40892942	0.0379589	0.0379589	0.0379589
1618930152	50925584	0.0378265	0.0378265	0.0378265
1618930152	60424860	0.0376944	0.0376944	0.0376944
1618930152	70418262	0.0375623	0.0375623	0.0375623
1618930152	80538129	0.0374304	0.0374304	0.0374304
1618930152	90494138	0.0372986	0.0372986	0.0372986
1618930152	100506952	0.037167	0.037167	0.037167
1618930152	110528327	0.0370355	0.0370355	0.0370355
1618930152	120476512	0.0369042	0.0369042	0.0369042
1618930152	130486481	0.036773	0.036773	0.036773
1618930152	140430169	0.0366419	0.0366419	0.0366419
1618930152	150584497	0.036511	0.036511	0.036511
1618930152	160588928	0.0363802	0.0363802	0.0363802
1618930152	170503051	0.0362496	0.0362496	0.0362496
1618930152	180539274	0.0361191	0.0361191	0.0361191
1618930152	190558964	0.0359888	0.0359888	0.0359888
1618930152	200429748	0.0358586	0.0358586	0.0358586
1618930152	210544687	0.0357285	0.0357285	0.0357285
1618930152	220560360	0.0355986	0.0355986	0.0355986
1618930152	230533328	0.0354689	0.0354689	0.0354689
1618930152	240569471	0.0353392	0.0353392	0.0353392
1618930152	250630456	0.0352098	0.0352098	0.0352098
1618930152	260990237	0.0350805	0.0350805	0.0350805
1618930152	270468523	0.0349513	0.0349513	0.0349513
1618930152	280485229	0.0348223	0.0348223	0.0348223
1618930152	290483511	0.0346934	0.0346934	0.0346934
1618930152	300944534	0.0345647	0.0345647	0.0345647
1618930152	311001381	0.0344361	0.0344361	0.0344361
1618930152	320649035	0.0343077	0.0343077	0.0343077
1618930152	330428869	0.0341794	0.0341794	0.0341794
1618930152	340429998	0.0340513	0.0340513	0.0340513
1618930152	350423044	0.0339234	0.0339234	0.0339234
1618930152	360536952	0.0337956	0.0337956	0.0337956
1618930152	370545607	0.0336679	0.0336679	0.0336679
1618930152	381108923	0.0335404	0.0335404	0.0335404
1618930152	390412987	0.0334131	0.0334131	0.0334131
1618930152	400452186	0.0332859	0.0332859	0.0332859
1618930152	410558693	0.0331589	0.0331589	0.0331589
1618930152	420977888	0.033032	0.033032	0.033032
1618930152	430949607	0.0329053	0.0329053	0.0329053
1618930152	441115407	0.0327787	0.0327787	0.0327787
1618930152	450500657	0.0326523	0.0326523	0.0326523
1618930152	460454737	0.0325261	0.0325261	0.0325261
1618930152	470435017	0.0324	0.0324	0.0324
1618930152	480480404	0.0322741	0.0322741	0.0322741
1618930152	490475556	0.0321483	0.0321483	0.0321483
1618930152	500472433	0.0320227	0.0320227	0.0320227
1618930152	510435864	0.0318973	0.0318973	0.0318973
1618930152	520557508	0.031772	0.031772	0.031772
1618930152	530523846	0.0316469	0.0316469	0.0316469
1618930152	540518965	0.031522	0.031522	0.031522
1618930152	551111653	0.0313972	0.0313972	0.0313972
1618930152	560544654	0.0312725	0.0312725	0.0312725
1618930152	570552776	0.0311481	0.0311481	0.0311481
1618930152	580581456	0.0310238	0.0310238	0.0310238
1618930152	590619130	0.0308997	0.0308997	0.0308997
1618930152	600524156	0.0307757	0.0307757	0.0307757
1618930152	610498440	0.0306519	0.0306519	0.0306519
1618930152	620447586	0.0305283	0.0305283	0.0305283
1618930152	630529990	0.0304048	0.0304048	0.0304048
1618930152	640564472	0.0302816	0.0302816	0.0302816
1618930152	650639826	0.0301584	0.0301584	0.0301584
1618930152	660445738	0.0300355	0.0300355	0.0300355
1618930152	670544013	0.0299127	0.0299127	0.0299127
1618930152	680568876	0.0297901	0.0297901	0.0297901
1618930152	690684337	0.0296677	0.0296677	0.0296677
1618930152	700614296	0.0295454	0.0295454	0.0295454
1618930152	710531776	0.0294233	0.0294233	0.0294233
1618930152	720467462	0.0293014	0.0293014	0.0293014
1618930152	730499466	0.0291796	0.0291796	0.0291796
1618930152	740545138	0.0290581	0.0290581	0.0290581
1618930152	750510517	0.0289367	0.0289367	0.0289367
1618930152	760621154	0.0288154	0.0288154	0.0288154
1618930152	770563443	0.0286944	0.0286944	0.0286944
1618930152	780483387	0.0285735	0.0285735	0.0285735
1618930152	790610731	0.0284528	0.0284528	0.0284528
1618930152	800494055	0.0283323	0.0283323	0.0283323
1618930152	810390231	0.028212	0.028212	0.028212
1618930152	820551502	0.0280918	0.0280918	0.0280918
1618930152	830582432	0.0279718	0.0279718	0.0279718
1618930152	840387134	0.027852	0.027852	0.027852
1618930152	850513724	0.0277324	0.0277324	0.0277324
1618930152	860572399	0.027613	0.027613	0.027613
1618930152	870670541	0.0274937	0.0274937	0.0274937
1618930152	880524992	0.0273746	0.0273746	0.0273746
1618930152	890581550	0.0272557	0.0272557	0.0272557
1618930152	900557614	0.027137	0.027137	0.027137
1618930152	910462065	0.0270185	0.0270185	0.0270185
1618930152	920556195	0.0269001	0.0269001	0.0269001
1618930152	930542137	0.0267819	0.0267819	0.0267819
1618930152	940493349	0.0266639	0.0266639	0.0266639
1618930152	950660772	0.0265462	0.0265462	0.0265462
1618930152	960497350	0.0264285	0.0264285	0.0264285
1618930152	970459775	0.0263111	0.0263111	0.0263111
1618930152	980530071	0.0261939	0.0261939	0.0261939
1618930152	990473065	0.0260768	0.0260768	0.0260768
1618930153	1053893	0.02596	0.02596	0.02596
1618930153	10545264	0.0258433	0.0258433	0.0258433
1618930153	20471259	0.0257268	0.0257268	0.0257268
1618930153	30524664	0.0256105	0.0256105	0.0256105
1618930153	40455635	0.0254944	0.0254944	0.0254944
1618930153	50722882	0.0253785	0.0253785	0.0253785
1618930153	60461963	0.0252627	0.0252627	0.0252627
1618930153	70532016	0.0251472	0.0251472	0.0251472
1618930153	80550270	0.0250319	0.0250319	0.0250319
1618930153	90541830	0.0249167	0.0249167	0.0249167
1618930153	100482902	0.0248017	0.0248017	0.0248017
1618930153	110960114	0.024687	0.024687	0.024687
1618930153	120462698	0.0245724	0.0245724	0.0245724
1618930153	131019179	0.024458	0.024458	0.024458
1618930153	140482165	0.0243439	0.0243439	0.0243439
1618930153	150538367	0.0242299	0.0242299	0.0242299
1618930153	160632696	0.0241161	0.0241161	0.0241161
1618930153	170464909	0.0240025	0.0240025	0.0240025
1618930153	180464497	0.0238891	0.0238891	0.0238891
1618930153	190513170	0.0237759	0.0237759	0.0237759
1618930153	200643921	0.0236629	0.0236629	0.0236629
1618930153	210511233	0.0235501	0.0235501	0.0235501
1618930153	220652199	0.0234375	0.0234375	0.0234375
1618930153	230502759	0.0233251	0.0233251	0.0233251
1618930153	240519223	0.0232129	0.0232129	0.0232129
1618930153	250469445	0.0231009	0.0231009	0.0231009
1618930153	260599277	0.0229891	0.0229891	0.0229891
1618930153	270459492	0.0228775	0.0228775	0.0228775
1618930153	280664097	0.0227661	0.0227661	0.0227661
1618930153	290469678	0.0226549	0.0226549	0.0226549
1618930153	300669146	0.0225439	0.0225439	0.0225439
1618930153	310593355	0.0224332	0.0224332	0.0224332
1618930153	320528189	0.0223226	0.0223226	0.0223226
1618930153	330568164	0.0222122	0.0222122	0.0222122
1618930153	340477047	0.0221021	0.0221021	0.0221021
1618930153	350475759	0.0219921	0.0219921	0.0219921
1618930153	360463569	0.0218823	0.0218823	0.0218823
1618930153	370495292	0.0217728	0.0217728	0.0217728
1618930153	380396267	0.0216635	0.0216635	0.0216635
1618930153	390485091	0.0215543	0.0215543	0.0215543
1618930153	400595151	0.0214454	0.0214454	0.0214454
1618930153	410573391	0.0213367	0.0213367	0.0213367
1618930153	420636992	0.0212282	0.0212282	0.0212282
1618930153	430522240	0.0211199	0.0211199	0.0211199
1618930153	440552319	0.0210118	0.0210118	0.0210118
1618930153	450542993	0.020904	0.020904	0.020904
1618930153	460584620	0.0207963	0.0207963	0.0207963
1618930153	470517310	0.0206889	0.0206889	0.0206889
1618930153	480582559	0.0205817	0.0205817	0.0205817
1618930153	490534029	0.0204747	0.0204747	0.0204747
1618930153	500480683	0.0203679	0.0203679	0.0203679
1618930153	510581738	0.0202613	0.0202613	0.0202613
1618930153	520637183	0.0201549	0.0201549	0.0201549
1618930153	530516690	0.0200487	0.0200487	0.0200487
1618930153	540548489	0.0199428	0.0199428	0.0199428
1618930153	550503472	0.0198371	0.0198371	0.0198371
1618930153	561028332	0.0197316	0.0197316	0.0197316
1618930153	571038119	0.0196263	0.0196263	0.0196263
1618930153	580985509	0.0195212	0.0195212	0.0195212
1618930153	590547505	0.0194164	0.0194164	0.0194164
1618930153	600946512	0.0193118	0.0193118	0.0193118
1618930153	610478664	0.0192074	0.0192074	0.0192074
1618930153	620407763	0.0191032	0.0191032	0.0191032
1618930153	630532724	0.0189992	0.0189992	0.0189992
1618930153	640560495	0.0188955	0.0188955	0.0188955
1618930153	650549774	0.018792	0.018792	0.018792
1618930153	660479754	0.0186887	0.0186887	0.0186887
1618930153	670458961	0.0185856	0.0185856	0.0185856
1618930153	680474658	0.0184828	0.0184828	0.0184828
1618930153	690629950	0.0183801	0.0183801	0.0183801
1618930153	700513467	0.0182777	0.0182777	0.0182777
1618930153	710597502	0.0181756	0.0181756	0.0181756
1618930153	720544447	0.0180736	0.0180736	0.0180736
1618930153	730458822	0.0179719	0.0179719	0.0179719
1618930153	740635900	0.0178704	0.0178704	0.0178704
1618930153	750489191	0.0177691	0.0177691	0.0177691
1618930153	760506998	0.0176681	0.0176681	0.0176681
1618930153	770491905	0.0175673	0.0175673	0.0175673
1618930153	780597215	0.0174667	0.0174667	0.0174667
1618930153	790630634	0.0173664	0.0173664	0.0173664
1618930153	800533644	0.0172662	0.0172662	0.0172662
1618930153	810511154	0.0171664	0.0171664	0.0171664
1618930153	820529272	0.0170667	0.0170667	0.0170667
1618930153	830554142	0.0169673	0.0169673	0.0169673
1618930153	840557382	0.0168681	0.0168681	0.0168681
1618930153	850573865	0.0167691	0.0167691	0.0167691
1618930153	860562985	0.0166704	0.0166704	0.0166704
1618930153	870673682	0.0165719	0.0165719	0.0165719
1618930153	880515523	0.0164737	0.0164737	0.0164737
1618930153	890565626	0.0163756	0.0163756	0.0163756
1618930153	900511845	0.0162779	0.0162779	0.0162779
1618930153	910652721	0.0161803	0.0161803	0.0161803
1618930153	920672447	0.016083	0.016083	0.016083
1618930153	930524076	0.0159859	0.0159859	0.0159859
1618930153	940661689	0.0158891	0.0158891	0.0158891
1618930153	950591589	0.0157925	0.0157925	0.0157925
1618930153	960437596	0.0156961	0.0156961	0.0156961
1618930153	970514035	0.0156	0.0156	0.0156
1618930153	980560085	0.0155041	0.0155041	0.0155041
1618930153	990535312	0.0154085	0.0154085	0.0154085
1618930154	445243	0.0153131	0.0153131	0.0153131
1618930154	10585312	0.0152179	0.0152179	0.0152179
1618930154	20561727	0.015123	0.015123	0.015123
1618930154	30527727	0.0150283	0.0150283	0.0150283
1618930154	40537020	0.0149339	0.0149339	0.0149339
1618930154	50523383	0.0148397	0.0148397	0.0148397
1618930154	61216866	0.0147458	0.0147458	0.0147458
1618930154	70534092	0.0146521	0.0146521	0.0146521
1618930154	80603493	0.0145586	0.0145586	0.0145586
1618930154	90644420	0.0144654	0.0144654	0.0144654
1618930154	100661327	0.0143725	0.0143725	0.0143725
1618930154	110618059	0.0142798	0.0142798	0.0142798
1618930154	120581770	0.0141873	0.0141873	0.0141873
1618930154	130590791	0.0140951	0.0140951	0.0140951
1618930154	140609597	0.0140031	0.0140031	0.0140031
1618930154	150636086	0.0139114	0.0139114	0.0139114
1618930154	160550084	0.0138199	0.0138199	0.0138199
1618930154	170454489	0.0137287	0.0137287	0.0137287
1618930154	180502993	0.0136377	0.0136377	0.0136377
1618930154	190576076	0.013547	0.013547	0.013547
1618930154	200577053	0.0134566	0.0134566	0.0134566
1618930154	210564510	0.0133663	0.0133663	0.0133663
1618930154	220502296	0.0132764	0.0132764	0.0132764
1618930154	230716509	0.0131867	0.0131867	0.0131867
1618930154	240391425	0.0130972	0.0130972	0.0130972
1618930154	250536681	0.013008	0.013008	0.013008
1618930154	260593477	0.0129191	0.0129191	0.0129191
1618930154	270476561	0.0128304	0.0128304	0.0128304
1618930154	280452200	0.012742	0.012742	0.012742
1618930154	290528123	0.0126538	0.0126538	0.0126538
1618930154	300497386	0.0125659	0.0125659	0.0125659
1618930154	310531754	0.0124782	0.0124782	0.0124782
1618930154	320564132	0.0123908	0.0123908	0.0123908
1618930154	331024738	0.0123037	0.0123037	0.0123037
1618930154	340519795	0.0122168	0.0122168	0.0122168
1618930154	350467358	0.0121302	0.0121302	0.0121302
1618930154	360535833	0.0120438	0.0120438	0.0120438
1618930154	370588698	0.0119577	0.0119577	0.0119577
1618930154	380397696	0.0118718	0.0118718	0.0118718
1618930154	390583415	0.0117863	0.0117863	0.0117863
1618930154	400669909	0.0117009	0.0117009	0.0117009
1618930154	410579845	0.0116159	0.0116159	0.0116159
1618930154	420517821	0.0115311	0.0115311	0.0115311
1618930154	430606224	0.0114466	0.0114466	0.0114466
1618930154	440595912	0.0113623	0.0113623	0.0113623
1618930154	450486433	0.0112783	0.0112783	0.0112783
1618930154	460582867	0.0111946	0.0111946	0.0111946
1618930154	470545084	0.0111111	0.0111111	0.0111111
1618930154	480685140	0.0110279	0.0110279	0.0110279
1618930154	490429240	0.010945	0.010945	0.010945
1618930154	500439821	0.0108623	0.0108623	0.0108623
1618930154	510558751	0.0107799	0.0107799	0.0107799
1618930154	520510094	0.0106978	0.0106978	0.0106978
1618930154	530524453	0.0106159	0.0106159	0.0106159
1618930154	540497018	0.0105343	0.0105343	0.0105343
1618930154	550524308	0.010453	0.010453	0.010453
1618930154	560493287	0.010372	0.010372	0.010372
1618930154	570669093	0.0102912	0.0102912	0.0102912
1618930154	580537285	0.0102107	0.0102107	0.0102107
1618930154	590520309	0.0101305	0.0101305	0.0101305
1618930154	600493054	0.0100505	0.0100505	0.0100505
1618930154	610453327	0.00997082	0.00997082	0.00997082
1618930154	620438278	0.00989141	0.00989141	0.00989141
1618930154	631050069	0.00981228	0.00981228	0.00981228
1618930154	640546720	0.00973341	0.00973341	0.00973341
1618930154	650570054	0.00965483	0.00965483	0.00965483
1618930154	660824905	0.00957652	0.00957652	0.00957652
1618930154	670479531	0.00949849	0.00949849	0.00949849
1618930154	680524748	0.00942073	0.00942073	0.00942073
1618930154	690583980	0.00934326	0.00934326	0.00934326
1618930154	700663503	0.00926606	0.00926606	0.00926606
1618930154	710940782	0.00918914	0.00918914	0.00918914
1618930154	720600347	0.0091125	0.0091125	0.0091125
1618930154	730635944	0.00903614	0.00903614	0.00903614
1618930154	740557754	0.00896006	0.00896006	0.00896006
1618930154	750512683	0.00888426	0.00888426	0.00888426
1618930154	760557067	0.00880875	0.00880875	0.00880875
1618930154	771084539	0.00873351	0.00873351	0.00873351
1618930154	780509395	0.00865856	0.00865856	0.00865856
1618930154	790533490	0.00858389	0.00858389	0.00858389
1618930154	800562607	0.00850951	0.00850951	0.00850951
1618930154	810515645	0.00843541	0.00843541	0.00843541
1618930154	820595315	0.00836159	0.00836159	0.00836159
1618930154	830478984	0.00828806	0.00828806	0.00828806
1618930154	840558764	0.00821481	0.00821481	0.00821481
1618930154	850531193	0.00814186	0.00814186	0.00814186
1618930154	860548463	0.00806918	0.00806918	0.00806918
1618930154	870596445	0.0079968	0.0079968	0.0079968
1618930154	880638240	0.0079247	0.0079247	0.0079247
1618930154	890591955	0.0078529	0.0078529	0.0078529
1618930154	900490615	0.00778138	0.00778138	0.00778138
1618930154	910560761	0.00771015	0.00771015	0.00771015
1618930154	920541865	0.00763921	0.00763921	0.00763921
1618930154	930506861	0.00756856	0.00756856	0.00756856
1618930154	940544318	0.00749821	0.00749821	0.00749821
1618930154	950646433	0.00742814	0.00742814	0.00742814
1618930154	960973546	0.00735837	0.00735837	0.00735837
1618930154	970457170	0.00728889	0.00728889	0.00728889
1618930154	980941324	0.0072197	0.0072197	0.0072197
1618930154	991041908	0.00715081	0.00715081	0.00715081
1618930155	598468	0.00708221	0.00708221	0.00708221
1618930155	10664691	0.00701391	0.00701391	0.00701391
1618930155	20607469	0.0069459	0.0069459	0.0069459
1618930155	30476832	0.00687819	0.00687819	0.00687819
1618930155	40740219	0.00681077	0.00681077	0.00681077
1618930155	50700280	0.00674365	0.00674365	0.00674365
1618930155	60795391	0.00667683	0.00667683	0.00667683
1618930155	70639388	0.00661031	0.00661031	0.00661031
1618930155	80631561	0.00654409	0.00654409	0.00654409
1618930155	91005462	0.00647816	0.00647816	0.00647816
1618930155	100691183	0.00641254	0.00641254	0.00641254
1618930155	110470961	0.00634721	0.00634721	0.00634721
1618930155	120453711	0.00628219	0.00628219	0.00628219
1618930155	130521207	0.00621747	0.00621747	0.00621747
1618930155	140655774	0.00615305	0.00615305	0.00615305
1618930155	150629899	0.00608893	0.00608893	0.00608893
1618930155	160570979	0.00602511	0.00602511	0.00602511
1618930155	170592353	0.0059616	0.0059616	0.0059616
1618930155	180540888	0.00589839	0.00589839	0.00589839
1618930155	190621092	0.00583549	0.00583549	0.00583549
1618930155	200645656	0.00577289	0.00577289	0.00577289
1618930155	210608051	0.0057106	0.0057106	0.0057106
1618930155	220640427	0.00564861	0.00564861	0.00564861
1618930155	230557094	0.00558693	0.00558693	0.00558693
1618930155	240492518	0.00552556	0.00552556	0.00552556
1618930155	250669489	0.00546449	0.00546449	0.00546449
1618930155	261005313	0.00540374	0.00540374	0.00540374
1618930155	270620917	0.00534329	0.00534329	0.00534329
1618930155	280523449	0.00528315	0.00528315	0.00528315
1618930155	290556692	0.00522332	0.00522332	0.00522332
1618930155	300666144	0.0051638	0.0051638	0.0051638
1618930155	310763821	0.0051046	0.0051046	0.0051046
1618930155	320549239	0.0050457	0.0050457	0.0050457
1618930155	331105056	0.00498712	0.00498712	0.00498712
1618930155	340598465	0.00492884	0.00492884	0.00492884
1618930155	350627031	0.00487089	0.00487089	0.00487089
1618930155	360486128	0.00481324	0.00481324	0.00481324
1618930155	370604342	0.00475591	0.00475591	0.00475591
1618930155	380581552	0.0046989	0.0046989	0.0046989
1618930155	390572926	0.00464219	0.00464219	0.00464219
1618930155	400519947	0.00458581	0.00458581	0.00458581
1618930155	410564854	0.00452974	0.00452974	0.00452974
1618930155	420550333	0.00447399	0.00447399	0.00447399
1618930155	430648386	0.00441855	0.00441855	0.00441855
1618930155	440541661	0.00436344	0.00436344	0.00436344
1618930155	450599643	0.00430864	0.00430864	0.00430864
1618930155	460500734	0.00425416	0.00425416	0.00425416
1618930155	470511466	0.0042	0.0042	0.0042
1618930155	480565093	0.00414616	0.00414616	0.00414616
1618930155	490634636	0.00409264	0.00409264	0.00409264
1618930155	500621469	0.00403944	0.00403944	0.00403944
1618930155	510595923	0.00398657	0.00398657	0.00398657
1618930155	520553334	0.00393401	0.00393401	0.00393401
1618930155	530506313	0.00388178	0.00388178	0.00388178
1618930155	540610640	0.00382987	0.00382987	0.00382987
1618930155	550585532	0.00377829	0.00377829	0.00377829
1618930155	560613165	0.00372702	0.00372702	0.00372702
1618930155	570472384	0.00367609	0.00367609	0.00367609
1618930155	580593973	0.00362548	0.00362548	0.00362548
1618930155	590522563	0.00357519	0.00357519	0.00357519
1618930155	600610527	0.00352524	0.00352524	0.00352524
1618930155	610611609	0.0034756	0.0034756	0.0034756
1618930155	620579985	0.0034263	0.0034263	0.0034263
1618930155	630609670	0.00337732	0.00337732	0.00337732
1618930155	640537816	0.00332868	0.00332868	0.00332868
1618930155	650590621	0.00328036	0.00328036	0.00328036
1618930155	660576463	0.00323237	0.00323237	0.00323237
1618930155	670585927	0.00318471	0.00318471	0.00318471
1618930155	680584743	0.00313738	0.00313738	0.00313738
1618930155	690586580	0.00309039	0.00309039	0.00309039
1618930155	700543180	0.00304372	0.00304372	0.00304372
1618930155	710628623	0.00299739	0.00299739	0.00299739
1618930155	720633427	0.00295139	0.00295139	0.00295139
1618930155	730573929	0.00290572	0.00290572	0.00290572
1618930155	740532105	0.00286039	0.00286039	0.00286039
1618930155	750526565	0.00281539	0.00281539	0.00281539
1618930155	760617079	0.00277073	0.00277073	0.00277073
1618930155	770534340	0.0027264	0.0027264	0.0027264
1618930155	780511993	0.00268241	0.00268241	0.00268241
1618930155	790513010	0.00263875	0.00263875	0.00263875
1618930155	800610521	0.00259543	0.00259543	0.00259543
1618930155	811197997	0.00255245	0.00255245	0.00255245
1618930155	820662801	0.00250981	0.00250981	0.00250981
1618930155	831042112	0.00246751	0.00246751	0.00246751
1618930155	840531357	0.00242554	0.00242554	0.00242554
1618930155	850539524	0.00238392	0.00238392	0.00238392
1618930155	860626368	0.00234263	0.00234263	0.00234263
1618930155	870595498	0.00230169	0.00230169	0.00230169
1618930155	880623304	0.00226109	0.00226109	0.00226109
1618930155	890584348	0.00222083	0.00222083	0.00222083
1618930155	900628900	0.00218091	0.00218091	0.00218091
1618930155	910536727	0.00214133	0.00214133	0.00214133
1618930155	920556727	0.0021021	0.0021021	0.0021021
1618930155	930602413	0.00206321	0.00206321	0.00206321
1618930155	940549621	0.00202467	0.00202467	0.00202467
1618930155	950676840	0.00198647	0.00198647	0.00198647
1618930155	960506831	0.00194862	0.00194862	0.00194862
1618930155	970619556	0.00191111	0.00191111	0.00191111
1618930155	980502681	0.00187395	0.00187395	0.00187395
1618930155	990652542	0.00183714	0.00183714	0.00183714
1618930156	585640	0.00180067	0.00180067	0.00180067
1618930156	10633380	0.00176456	0.00176456	0.00176456
1618930156	20543340	0.00172879	0.00172879	0.00172879
1618930156	30605116	0.00169337	0.00169337	0.00169337
1618930156	40560899	0.0016583	0.0016583	0.0016583
1618930156	50546706	0.00162358	0.00162358	0.00162358
1618930156	60606018	0.00158922	0.00158922	0.00158922
1618930156	70571464	0.0015552	0.0015552	0.0015552
1618930156	80602213	0.00152154	0.00152154	0.00152154
1618930156	90501638	0.00148822	0.00148822	0.00148822
1618930156	100528225	0.00145527	0.00145527	0.00145527
1618930156	110622804	0.00142266	0.00142266	0.00142266
1618930156	120673573	0.00139041	0.00139041	0.00139041
1618930156	130619890	0.00135852	0.00135852	0.00135852
1618930156	140521861	0.00132697	0.00132697	0.00132697
1618930156	150609297	0.00129579	0.00129579	0.00129579
1618930156	160566416	0.00126496	0.00126496	0.00126496
1618930156	170485983	0.00123449	0.00123449	0.00123449
1618930156	180532371	0.00120437	0.00120437	0.00120437
1618930156	190487378	0.00117462	0.00117462	0.00117462
1618930156	200537352	0.00114522	0.00114522	0.00114522
1618930156	210638847	0.00111618	0.00111618	0.00111618
1618930156	220572223	0.0010875	0.0010875	0.0010875
1618930156	230609803	0.00105918	0.00105918	0.00105918
1618930156	241175406	0.00103122	0.00103122	0.00103122
1618930156	250586763	0.00100362	0.00100362	0.00100362
1618930156	260659248	0.000976386	0.000976386	0.000976386
1618930156	270716516	0.000949511	0.000949511	0.000949511
1618930156	280738540	0.000922999	0.000922999	0.000922999
1618930156	290564718	0.000896851	0.000896851	0.000896851
1618930156	300576063	0.000871066	0.000871066	0.000871066
1618930156	310546955	0.000845645	0.000845645	0.000845645
1618930156	320539548	0.000820589	0.000820589	0.000820589
1618930156	330585794	0.000795898	0.000795898	0.000795898
1618930156	340643853	0.000771574	0.000771574	0.000771574
1618930156	350592039	0.000747615	0.000747615	0.000747615
1618930156	360676930	0.000724024	0.000724024	0.000724024
1618930156	370525655	0.0007008	0.0007008	0.0007008
1618930156	380635313	0.000677944	0.000677944	0.000677944
1618930156	390529908	0.000655457	0.000655457	0.000655457
1618930156	400623321	0.000633338	0.000633338	0.000633338
1618930156	410634398	0.00061159	0.00061159	0.00061159
1618930156	420603565	0.000590211	0.000590211	0.000590211
1618930156	430512254	0.000569203	0.000569203	0.000569203
1618930156	440592175	0.000548567	0.000548567	0.000548567
1618930156	450625685	0.000528302	0.000528302	0.000528302
1618930156	460592718	0.000508409	0.000508409	0.000508409
1618930156	470573100	0.000488889	0.000488889	0.000488889
1618930156	480549855	0.000469742	0.000469742	0.000469742
1618930156	490519124	0.00045097	0.00045097	0.00045097
1618930156	500593816	0.000432571	0.000432571	0.000432571
1618930156	510547537	0.000414548	0.000414548	0.000414548
1618930156	520590894	0.0003969	0.0003969	0.0003969
1618930156	530452728	0.000379628	0.000379628	0.000379628
1618930156	540537883	0.000362733	0.000362733	0.000362733
1618930156	550522777	0.000346214	0.000346214	0.000346214
1618930156	560571825	0.000330074	0.000330074	0.000330074
1618930156	570654909	0.000314311	0.000314311	0.000314311
1618930156	580511323	0.000298927	0.000298927	0.000298927
1618930156	590532840	0.000283923	0.000283923	0.000283923
1618930156	600555214	0.000269298	0.000269298	0.000269298
1618930156	610615442	0.000255053	0.000255053	0.000255053
1618930156	621148364	0.000241189	0.000241189	0.000241189
1618930156	630566241	0.000227706	0.000227706	0.000227706
1618930156	640649935	0.000214606	0.000214606	0.000214606
1618930156	650705495	0.000201887	0.000201887	0.000201887
1618930156	660568054	0.000189552	0.000189552	0.000189552
1618930156	670626642	0.0001776	0.0001776	0.0001776
1618930156	680660525	0.000166032	0.000166032	0.000166032
1618930156	690558667	0.000154849	0.000154849	0.000154849
1618930156	700553023	0.00014405	0.00014405	0.00014405
1618930156	710493450	0.000133638	0.000133638	0.000133638
1618930156	721065639	0.000123611	0.000123611	0.000123611
1618930156	730488319	0.000113971	0.000113971	0.000113971
1618930156	741041221	0.000104718	0.000104718	0.000104718
1618930156	751025580	9.58535e-05	9.58535e-05	9.58535e-05
1618930156	760626819	8.73768e-05	8.73768e-05	8.73768e-05
1618930156	770593878	7.92889e-05	7.92889e-05	7.92889e-05
1618930156	780523557	7.15903e-05	7.15903e-05	7.15903e-05
1618930156	790551563	6.42816e-05	6.42816e-05	6.42816e-05
1618930156	800563273	5.73633e-05	5.73633e-05	5.73633e-05
1618930156	810573522	5.08359e-05	5.08359e-05	5.08359e-05
1618930156	820676446	4.47e-05	4.47e-05	4.47e-05
1618930156	830514529	3.89561e-05	3.89561e-05	3.89561e-05
1618930156	840576504	3.36047e-05	3.36047e-05	3.36047e-05
1618930156	850639516	2.86464e-05	2.86464e-05	2.86464e-05
1618930156	860571101	2.40817e-05	2.40817e-05	2.40817e-05
1618930156	870578406	1.99111e-05	1.99111e-05	1.99111e-05
1618930156	880582611	1.61352e-05	1.61352e-05	1.61352e-05
1618930156	890571813	1.27545e-05	1.27545e-05	1.27545e-05
1618930156	900653938	9.76951e-06	9.76951e-06	9.76951e-06
1618930156	911108866	7.1808e-06	7.1808e-06	7.1808e-06
1618930156	921150543	4.98889e-06	4.98889e-06	4.98889e-06
1618930156	930655511	3.19431e-06	3.19431e-06	3.19431e-06
1618930156	940497681	1.7976e-06	1.7976e-06	1.7976e-06
1618930156	950494064	7.99289e-07	7.99289e-07	7.99289e-07
1618930156	960561466	1.99911e-07	1.99911e-07	1.99911e-07
