time_sec	time_nanosec	joint_position_0	joint_position_1	joint_position_2	joint_position_3
1608202689	204775701	-4e-05	-6e-05	0.00034	6.975e-06
1608202689	214671826	-4e-05	-6e-05	0.00034	6.975e-06
1608202689	224652754	-4e-05	-6e-05	0.00034	6.975e-06
1608202689	234659080	-4e-05	-6e-05	0.00034	6.975e-06
1608202689	244664785	-4e-05	-6e-05	0.00034	6.975e-06
1608202689	254681265	-4e-05	-6e-05	0.00034	6.975e-06
1608202689	264665822	-4e-05	-6e-05	0.00034	6.975e-06
1608202689	274638746	-4e-05	-6e-05	0.00034	6.975e-06
1608202689	284672681	-4e-05	-6e-05	0.00034	6.975e-06
1608202689	294661348	-4e-05	-6e-05	0.00034	6.975e-06
1608202689	304684885	-4e-05	-6e-05	0.00034	6.975e-06
1608202689	314678795	-4e-05	-6e-05	0.00034	6.975e-06
1608202689	324680041	-4e-05	-6e-05	0.00034	6.975e-06
1608202689	334648549	-4e-05	-6e-05	0.00034	6.975e-06
1608202689	344677426	-4e-05	-6e-05	0.00034	6.975e-06
1608202689	354681850	-4e-05	-6e-05	0.00034	6.975e-06
1608202689	364642704	-4e-05	-6e-05	0.00034	6.975e-06
1608202689	374677176	-4e-05	-6e-05	0.00034	6.975e-06
1608202689	384677680	-4e-05	-6e-05	0.00034	6.975e-06
1608202689	394684091	-4e-05	-6e-05	0.00034	6.975e-06
1608202689	404681637	-4e-05	-6e-05	0.00034	6.975e-06
1608202689	414681780	-4e-05	-6e-05	0.00034	6.975e-06
1608202689	424676336	-4e-05	-6e-05	0.00034	6.975e-06
1608202689	434674426	-4e-05	-6e-05	0.00034	6.975e-06
1608202689	444651251	-4e-05	-6e-05	0.00034	6.975e-06
1608202689	454651010	-4e-05	-6e-05	0.00034	6.975e-06
1608202689	464633213	-4e-05	-6e-05	0.00034	6.975e-06
1608202689	474653897	-4e-05	-6e-05	0.00034	6.975e-06
1608202689	484627188	-4e-05	-6e-05	0.00034	6.975e-06
1608202689	494679845	-4e-05	-6e-05	0.00034	6.975e-06
1608202689	504678806	-4e-05	-6e-05	0.00034	6.975e-06
1608202689	514676548	-4e-05	-6e-05	0.00034	6.975e-06
1608202689	524673301	-4e-05	-6e-05	0.00034	6.975e-06
1608202689	534675145	-4e-05	-6e-05	0.00034	6.975e-06
1608202689	544675192	-4e-05	-6e-05	0.00034	6.975e-06
1608202689	554675852	-4e-05	-6e-05	0.00034	6.975e-06
1608202689	564654344	-4e-05	-6e-05	0.00034	6.975e-06
1608202689	574697594	-4e-05	-6e-05	0.00034	6.975e-06
1608202689	584682278	-4e-05	-6e-05	0.00034	6.975e-06
1608202689	594678729	-4e-05	-6e-05	0.00034	6.975e-06
1608202689	604678085	-4e-05	-6e-05	0.00034	6.975e-06
1608202689	614672565	-4e-05	-6e-05	0.00034	6.975e-06
1608202689	624670970	-4e-05	-6e-05	0.00034	6.975e-06
1608202689	634642303	-4e-05	-6e-05	0.00034	6.975e-06
1608202689	644691594	-4e-05	-6e-05	0.00034	6.975e-06
1608202689	654670207	-4e-05	-6e-05	0.00034	6.975e-06
1608202689	664653539	-4e-05	-6e-05	0.00034	6.975e-06
1608202689	674647852	-4e-05	-6e-05	0.00034	6.975e-06
1608202689	684662619	-4e-05	-6e-05	0.00034	6.975e-06
1608202689	694679904	-4e-05	-6e-05	0.00034	6.975e-06
1608202689	704671381	-4e-05	-6e-05	0.00034	6.975e-06
1608202689	714674030	-4e-05	-6e-05	0.00034	6.975e-06
1608202689	724672186	-4e-05	-6e-05	0.00034	6.975e-06
1608202689	734667874	-4e-05	-6e-05	0.00034	6.975e-06
1608202689	744693483	-4e-05	-6e-05	0.00034	6.975e-06
1608202689	754668181	-4e-05	-6e-05	0.00034	6.975e-06
1608202689	764640109	-4e-05	-6e-05	0.00034	6.975e-06
1608202689	774669219	-4e-05	-6e-05	0.00034	6.975e-06
1608202689	784673301	-4e-05	-6e-05	0.00034	6.975e-06
1608202689	794672338	-4e-05	-6e-05	0.00034	6.975e-06
1608202689	804671374	-4e-05	-6e-05	0.00034	6.975e-06
1608202689	814650366	-4e-05	-6e-05	0.00034	6.975e-06
1608202689	824664496	-4e-05	-6e-05	0.00034	6.975e-06
1608202689	834666619	-4e-05	-6e-05	0.00034	6.975e-06
1608202689	844633878	-4e-05	-6e-05	0.00034	6.975e-06
1608202689	854667095	-4e-05	-6e-05	0.00034	6.975e-06
1608202689	864648274	-4e-05	-6e-05	0.00034	6.975e-06
1608202689	874657261	-4e-05	-6e-05	0.00034	6.975e-06
1608202689	884667597	-4e-05	-6e-05	0.00034	6.975e-06
1608202689	894670182	-4e-05	-6e-05	0.00034	6.975e-06
1608202689	904670621	-4e-05	-6e-05	0.00034	6.975e-06
1608202689	914652368	-4e-05	-6e-05	0.00034	6.975e-06
1608202689	924665050	-4e-05	-6e-05	0.00034	6.975e-06
1608202689	934659017	-4e-05	-6e-05	0.00034	6.975e-06
1608202689	944661959	-4e-05	-6e-05	0.00034	6.975e-06
1608202689	954663407	-4e-05	-6e-05	0.00034	6.975e-06
1608202689	964642915	-4e-05	-6e-05	0.00034	6.975e-06
1608202689	974661035	-4e-05	-6e-05	0.00034	6.975e-06
1608202689	984677365	-4e-05	-6e-05	0.00034	6.975e-06
1608202689	994670752	-4e-05	-6e-05	0.00034	6.975e-06
1608202690	4665645	-4e-05	-6e-05	0.00034	6.975e-06
1608202690	14660903	-4e-05	-6e-05	0.00034	6.975e-06
1608202690	24666162	-4e-05	-6e-05	0.00034	6.975e-06
1608202690	34662961	-4e-05	-6e-05	0.00034	6.975e-06
1608202690	44662759	-4e-05	-6e-05	0.00034	6.975e-06
1608202690	54661612	-4e-05	-6e-05	0.00034	6.975e-06
1608202690	64666090	-4e-05	-6e-05	0.00034	6.975e-06
1608202690	74659365	-4e-05	-6e-05	0.00034	6.975e-06
1608202690	84645251	-4e-05	-6e-05	0.00034	6.975e-06
1608202690	94673508	-4e-05	-6e-05	0.00034	6.975e-06
1608202690	104667535	-4e-05	-6e-05	0.00034	6.975e-06
1608202690	114656788	-4e-05	-6e-05	0.00034	6.975e-06
1608202690	124658368	-4e-05	-6e-05	0.00034	6.975e-06
1608202690	134663686	-4e-05	-6e-05	0.00034	6.975e-06
1608202690	144658265	-4e-05	-6e-05	0.00034	6.975e-06
1608202690	154662374	-4e-05	-6e-05	0.00034	6.975e-06
1608202690	164622976	-4e-05	-6e-05	0.00034	6.975e-06
1608202690	174639772	-4e-05	-6e-05	0.00034	6.975e-06
1608202690	184670252	-4e-05	-6e-05	0.00034	6.975e-06
1608202690	194663459	-4e-05	-6e-05	0.00034	6.975e-06
1608202690	204684461	-4e-05	-6e-05	0.00034	6.975e-06
1608202690	214639956	-4e-05	-6e-05	0.00034	6.975e-06
1608202690	224657980	-4e-05	-6e-05	0.00034	6.975e-06
1608202690	234658760	-4e-05	-6e-05	0.00034	6.975e-06
1608202690	244655649	-4e-05	-6e-05	0.00034	6.975e-06
1608202690	254655911	-4e-05	-6e-05	0.00034	6.975e-06
1608202690	264663025	-4e-05	-6e-05	0.00034	6.975e-06
1608202690	274675090	-4e-05	-6e-05	0.00034	6.975e-06
1608202690	284655518	-4e-05	-6e-05	0.00034	6.975e-06
1608202690	294662049	-4e-05	-6e-05	0.00034	6.975e-06
1608202690	304658013	-4e-05	-6e-05	0.00034	6.975e-06
1608202690	314654124	-4e-05	-6e-05	0.00034	6.975e-06
1608202690	324654724	-4e-05	-6e-05	0.00034	6.975e-06
1608202690	334653112	-4e-05	-6e-05	0.00034	6.975e-06
1608202690	344652441	-4e-05	-6e-05	0.00034	6.975e-06
1608202690	354659318	-4e-05	-6e-05	0.00034	6.975e-06
1608202690	364653620	-4e-05	-6e-05	0.00034	6.975e-06
1608202690	374653267	-4e-05	-6e-05	0.00034	6.975e-06
1608202690	384653858	-4e-05	-6e-05	0.00034	6.975e-06
1608202690	394659270	-4e-05	-6e-05	0.00034	6.975e-06
1608202690	404658599	-4e-05	-6e-05	0.00034	6.975e-06
1608202690	414672719	-4e-05	-6e-05	0.00034	6.975e-06
1608202690	424653002	-4e-05	-6e-05	0.00034	6.975e-06
1608202690	434651310	-4e-05	-6e-05	0.00034	6.975e-06
1608202690	444649799	-4e-05	-6e-05	0.00034	6.975e-06
1608202690	454649557	-4e-05	-6e-05	0.00034	6.975e-06
1608202690	464612606	-4e-05	-6e-05	0.00034	6.975e-06
1608202690	474671098	-4e-05	-6e-05	0.00034	6.975e-06
1608202690	484651887	-4e-05	-6e-05	0.00034	6.975e-06
1608202690	494658503	-4e-05	-6e-05	0.00034	6.975e-06
1608202690	504685450	-4e-05	-6e-05	0.00034	6.975e-06
1608202690	514650140	-4e-05	-6e-05	0.00034	6.975e-06
1608202690	524650541	-4e-05	-6e-05	0.00034	6.975e-06
1608202690	534649137	-4e-05	-6e-05	0.00034	6.975e-06
1608202690	544651147	-4e-05	-6e-05	0.00034	6.975e-06
1608202690	554652343	-4e-05	-6e-05	0.00034	6.975e-06
1608202690	564628323	-4e-05	-6e-05	0.00034	6.975e-06
1608202690	574649447	-4e-05	-6e-05	0.00034	6.975e-06
1608202690	584655211	-4e-05	-6e-05	0.00034	6.975e-06
1608202690	594653600	-4e-05	-6e-05	0.00034	6.975e-06
1608202690	604652926	-4e-05	-6e-05	0.00034	6.975e-06
1608202690	614645531	-4e-05	-6e-05	0.00034	6.975e-06
1608202690	624650533	-4e-05	-6e-05	0.00034	6.975e-06
1608202690	634618515	-4e-05	-6e-05	0.00034	6.975e-06
1608202690	644615041	-4e-05	-6e-05	0.00034	6.975e-06
1608202690	654617731	-4e-05	-6e-05	0.00034	6.975e-06
1608202690	664629393	-4e-05	-6e-05	0.00034	6.975e-06
1608202690	674666778	-4e-05	-6e-05	0.00034	6.975e-06
1608202690	684632639	-4e-05	-6e-05	0.00034	6.975e-06
1608202690	694647225	-4e-05	-6e-05	0.00034	6.975e-06
1608202690	704647672	-4e-05	-6e-05	0.00034	6.975e-06
1608202690	714615152	-4e-05	-6e-05	0.00034	6.975e-06
1608202690	724642158	-4e-05	-6e-05	0.00034	6.975e-06
1608202690	734643665	-4e-05	-6e-05	0.00034	6.975e-06
1608202690	744620483	-4e-05	-6e-05	0.00034	6.975e-06
1608202690	754645602	-4e-05	-6e-05	0.00034	6.975e-06
1608202690	764658105	-4e-05	-6e-05	0.00034	6.975e-06
1608202690	774642312	-4e-05	-6e-05	0.00034	6.975e-06
1608202690	784620070	-4e-05	-6e-05	0.00034	6.975e-06
1608202690	794648414	-4e-05	-6e-05	0.00034	6.975e-06
1608202690	804628910	-4e-05	-6e-05	0.00034	6.975e-06
1608202690	814639118	-4e-05	-6e-05	0.00034	6.975e-06
1608202690	824663458	-4e-05	-6e-05	0.00034	6.975e-06
1608202690	834639940	-4e-05	-6e-05	0.00034	6.975e-06
1608202690	844638426	-4e-05	-6e-05	0.00034	6.975e-06
1608202690	854640315	-4e-05	-6e-05	0.00034	6.975e-06
1608202690	864610817	-4e-05	-6e-05	0.00034	6.975e-06
1608202690	874605751	-4e-05	-6e-05	0.00034	6.975e-06
1608202690	884663718	-4e-05	-6e-05	0.00034	6.975e-06
1608202690	894641135	-4e-05	-6e-05	0.00034	6.975e-06
1608202690	904645133	-4e-05	-6e-05	0.00034	6.975e-06
1608202690	914638300	-4e-05	-6e-05	0.00034	6.975e-06
1608202690	924613358	-4e-05	-6e-05	0.00034	6.975e-06
1608202690	934612706	-4e-05	-6e-05	0.00034	6.975e-06
1608202690	944611712	-4e-05	-6e-05	0.00034	6.975e-06
1608202690	954613169	-4e-05	-6e-05	0.00034	6.975e-06
1608202690	964600510	-4e-05	-6e-05	0.00034	6.975e-06
1608202690	974642283	-4e-05	-6e-05	0.00034	6.975e-06
1608202690	984643918	-4e-05	-6e-05	0.00034	6.975e-06
1608202690	994637701	-4e-05	-6e-05	0.00034	6.975e-06
1608202691	4641695	-4e-05	-6e-05	0.00034	6.975e-06
1608202691	14637527	-4e-05	-6e-05	0.00034	6.975e-06
1608202691	24638021	-4e-05	-6e-05	0.00034	6.975e-06
1608202691	34638450	-4e-05	-6e-05	0.00034	6.975e-06
1608202691	44611325	-4e-05	-6e-05	0.00034	6.975e-06
1608202691	54623991	-4e-05	-6e-05	0.00034	6.975e-06
1608202691	64660498	-4e-05	-6e-05	0.00034	6.975e-06
1608202691	74624109	-4e-05	-6e-05	0.00034	6.975e-06
1608202691	84611599	-4e-05	-6e-05	0.00034	6.975e-06
1608202691	94660822	-4e-05	-6e-05	0.00034	6.975e-06
1608202691	104634832	-4e-05	-6e-05	0.00034	6.975e-06
1608202691	114616691	-4e-05	-6e-05	0.00034	6.975e-06
1608202691	124633553	-4e-05	-6e-05	0.00034	6.975e-06
1608202691	134635783	-4e-05	-6e-05	0.00034	6.975e-06
1608202691	144606108	-4e-05	-6e-05	0.00034	6.975e-06
1608202691	154617687	-4e-05	-6e-05	0.00034	6.975e-06
1608202691	164633498	-4e-05	-6e-05	0.00034	6.975e-06
1608202691	174638083	-4e-05	-6e-05	0.00034	6.975e-06
1608202691	184642311	-4e-05	-6e-05	0.00034	6.975e-06
1608202691	194635122	-4e-05	-6e-05	0.00034	6.975e-06
1608202691	204625081	-4e-05	-6e-05	0.00034	6.975e-06
1608202691	214643791	-4e-05	-6e-05	0.00034	6.975e-06
1608202691	224608626	-4e-05	-6e-05	0.00034	6.975e-06
1608202691	234632318	-4e-05	-6e-05	0.00034	6.975e-06
1608202691	244624263	-4e-05	-6e-05	0.00034	6.975e-06
1608202691	254585030	-4e-05	-6e-05	0.00034	6.975e-06
1608202691	264634655	-4e-05	-6e-05	0.00034	6.975e-06
1608202691	274640402	-4e-05	-6e-05	0.00034	6.975e-06
1608202691	284622830	-4e-05	-6e-05	0.00034	6.975e-06
1608202691	294634283	-4e-05	-6e-05	0.00034	6.975e-06
1608202691	304622467	-4e-05	-6e-05	0.00034	6.975e-06
1608202691	314633062	-4e-05	-6e-05	0.00034	6.975e-06
1608202691	324628908	-4e-05	-6e-05	0.00034	6.975e-06
1608202691	334624914	-4e-05	-6e-05	0.00034	6.975e-06
1608202691	344627994	-4e-05	-6e-05	0.00034	6.975e-06
1608202691	354638126	-4e-05	-6e-05	0.00034	6.975e-06
1608202691	364630563	-4e-05	-6e-05	0.00034	6.975e-06
1608202691	374615799	-4e-05	-6e-05	0.00034	6.975e-06
1608202691	384632193	-4e-05	-6e-05	0.00034	6.975e-06
1608202691	394630836	-4e-05	-6e-05	0.00034	6.975e-06
1608202691	404616930	-4e-05	-6e-05	0.00034	6.975e-06
1608202691	414624630	-4e-05	-6e-05	0.00034	6.975e-06
1608202691	424626057	-4e-05	-6e-05	0.00034	6.975e-06
1608202691	434628046	-4e-05	-6e-05	0.00034	6.975e-06
1608202691	444626111	-4e-05	-6e-05	0.00034	6.975e-06
1608202691	454585768	-4e-05	-6e-05	0.00034	6.975e-06
1608202691	464646370	-4e-05	-6e-05	0.00034	6.975e-06
1608202691	474634754	-4e-05	-6e-05	0.00034	6.975e-06
1608202691	484628896	-4e-05	-6e-05	0.00034	6.975e-06
1608202691	494630526	-4e-05	-6e-05	0.00034	6.975e-06
1608202691	504623950	-4e-05	-6e-05	0.00034	6.975e-06
1608202691	514624740	-4e-05	-6e-05	0.00034	6.975e-06
1608202691	524623803	-4e-05	-6e-05	0.00034	6.975e-06
1608202691	534596622	-4e-05	-6e-05	0.00034	6.975e-06
1608202691	544599217	-4e-05	-6e-05	0.00034	6.975e-06
1608202691	554588766	-4e-05	-6e-05	0.00034	6.975e-06
1608202691	564625534	-4e-05	-6e-05	0.00034	6.975e-06
1608202691	574645774	-4e-05	-6e-05	0.00034	6.975e-06
1608202691	584595417	-4e-05	-6e-05	0.00034	6.975e-06
1608202691	594625862	-4e-05	-6e-05	0.00034	6.975e-06
1608202691	604593563	-4e-05	-6e-05	0.00034	6.975e-06
1608202691	614626458	-4e-05	-6e-05	0.00034	6.975e-06
1608202691	624630049	-4e-05	-6e-05	0.00034	6.975e-06
1608202691	634595661	-4e-05	-6e-05	0.00034	6.975e-06
1608202691	644574967	-4e-05	-6e-05	0.00034	6.975e-06
1608202691	654602998	-4e-05	-6e-05	0.00034	6.975e-06
1608202691	664641321	-4e-05	-6e-05	0.00034	6.975e-06
1608202691	674634124	-4e-05	-6e-05	0.00034	6.975e-06
1608202691	684588607	-4e-05	-6e-05	0.00034	6.975e-06
1608202691	694594489	-4e-05	-6e-05	0.00034	6.975e-06
1608202691	704589612	-4e-05	-6e-05	0.00034	6.975e-06
1608202691	714618726	-4e-05	-6e-05	0.00034	6.975e-06
1608202691	724618549	-4e-05	-6e-05	0.00034	6.975e-06
1608202691	734589200	-4e-05	-6e-05	0.00034	6.975e-06
1608202691	744619835	-4e-05	-6e-05	0.00034	6.975e-06
1608202691	754578447	-4e-05	-6e-05	0.00034	6.975e-06
1608202691	764618933	-4e-05	-6e-05	0.00034	6.975e-06
1608202691	774636011	-4e-05	-6e-05	0.00034	6.975e-06
1608202691	784585548	-4e-05	-6e-05	0.00034	6.975e-06
1608202691	794616738	-4e-05	-6e-05	0.00034	6.975e-06
1608202691	804616651	-4e-05	-6e-05	0.00034	6.975e-06
1608202691	814615790	-4e-05	-6e-05	0.00034	6.975e-06
1608202691	824614060	-4e-05	-6e-05	0.00034	6.975e-06
1608202691	834586561	-4e-05	-6e-05	0.00034	6.975e-06
1608202691	844596569	-4e-05	-6e-05	0.00034	6.975e-06
1608202691	854582715	-4e-05	-6e-05	0.00034	6.975e-06
1608202691	864567667	-4e-05	-6e-05	0.00034	6.975e-06
1608202691	874624893	-4e-05	-6e-05	0.00034	6.975e-06
1608202691	884573441	-4e-05	-6e-05	0.00034	6.975e-06
1608202691	894585230	-4e-05	-6e-05	0.00034	6.975e-06
1608202691	904585196	-4e-05	-6e-05	0.00034	6.975e-06
1608202691	914580811	-4e-05	-6e-05	0.00034	6.975e-06
1608202691	924612162	-4e-05	-6e-05	0.00034	6.975e-06
1608202691	934613419	-4e-05	-6e-05	0.00034	6.975e-06
1608202691	944619034	-4e-05	-6e-05	0.00034	6.975e-06
1608202691	954620254	-4e-05	-6e-05	0.00034	6.975e-06
1608202691	964617654	-4e-05	-6e-05	0.00034	6.975e-06
1608202691	974624615	-2e-05	-6e-05	0.00034	6.975e-06
1608202691	984580651	-2e-05	-6e-05	0.00034	6.975e-06
1608202691	994614057	-2e-05	-6e-05	0.00034	6.975e-06
1608202692	4611946	0	-6e-05	0.00034	6.975e-06
1608202692	14612712	6e-05	-6e-05	0.00034	6.975e-06
1608202692	24617720	0.00014	-6e-05	0.00034	6.975e-06
1608202692	34611044	0.00022	-6e-05	0.00034	6.975e-06
1608202692	44616892	0.00034	-6e-05	0.00034	6.975e-06
1608202692	54624834	0.0005	-6e-05	0.00034	6.975e-06
1608202692	64631410	0.00068	-6e-05	0.00034	6.975e-06
1608202692	74621837	0.00088	-6e-05	0.00034	6.975e-06
1608202692	84602760	0.00112	-6e-05	0.00034	6.975e-06
1608202692	94612123	0.00142	-6e-05	0.00034	6.975e-06
1608202692	104611616	0.00176	-6e-05	0.00034	6.975e-06
1608202692	114608724	0.00216	-6e-05	0.00034	6.975e-06
1608202692	124610365	0.0026	-6e-05	0.00034	6.975e-06
1608202692	134603162	0.0031	-6e-05	0.00034	6.975e-06
1608202692	144602352	0.00364	-6e-05	0.00034	6.975e-06
1608202692	154591948	0.00422	-6e-05	0.00034	6.975e-06
1608202692	164591231	0.00486	-6e-05	0.00034	6.975e-06
1608202692	174640004	0.00554	-6e-05	0.00034	6.975e-06
1608202692	184601528	0.00628	-6e-05	0.00034	6.975e-06
1608202692	194607218	0.00708	-6e-05	0.00034	6.975e-06
1608202692	204607072	0.00794	-6e-05	0.00034	6.975e-06
1608202692	214609997	0.00884	-6e-05	0.00034	6.975e-06
1608202692	224625303	0.00982	-6e-05	0.00034	6.975e-06
1608202692	234604840	0.01088	-6e-05	0.00034	6.975e-06
1608202692	244605532	0.01202	-6e-05	0.00034	6.975e-06
1608202692	254585643	0.01324	-6e-05	0.00034	6.975e-06
1608202692	264588888	0.0145	-6e-05	0.00034	6.975e-06
1608202692	274613008	0.01582	-6e-05	0.00034	6.975e-06
1608202692	284612543	0.01716	-6e-05	0.00034	6.975e-06
1608202692	294606118	0.0185	-6e-05	0.00034	6.975e-06
1608202692	304602888	0.01982	-6e-05	0.00034	6.975e-06
1608202692	314604505	0.02116	-6e-05	0.00034	6.975e-06
1608202692	324605504	0.02252	-6e-05	0.00034	6.975e-06
1608202692	334605902	0.02392	-6e-05	0.00034	6.975e-06
1608202692	344607634	0.02534	-6e-05	0.00034	6.975e-06
1608202692	354562948	0.02686	-6e-05	0.00034	6.975e-06
1608202692	364605856	0.02846	-6e-05	0.00034	6.975e-06
1608202692	374610633	0.0301	-6e-05	0.00034	6.975e-06
1608202692	384608974	0.03176	-6e-05	0.00034	6.975e-06
1608202692	394604721	0.03338	-6e-05	0.00034	6.975e-06
1608202692	404604516	0.03498	-6e-05	0.00034	6.975e-06
1608202692	414601806	0.03658	-6e-05	0.00034	6.975e-06
1608202692	424603897	0.03818	-6e-05	0.00034	6.975e-06
1608202692	434601516	0.03982	-6e-05	0.00034	6.975e-06
1608202692	444603704	0.0415	-6e-05	0.00034	6.975e-06
1608202692	454568289	0.0432	-6e-05	0.00034	6.975e-06
1608202692	464602800	0.04492	-6e-05	0.00034	6.975e-06
1608202692	474611155	0.04664	-6e-05	0.00034	6.975e-06
1608202692	484582090	0.04834	-6e-05	0.00034	6.975e-06
1608202692	494600925	0.05004	-6e-05	0.00034	6.975e-06
1608202692	504602076	0.0517	-6e-05	0.00034	6.975e-06
1608202692	514601190	0.0534	-6e-05	0.00034	6.975e-06
1608202692	524601939	0.0551	-6e-05	0.00034	6.975e-06
1608202692	534601736	0.05686	-6e-05	0.00034	6.975e-06
1608202692	544600496	0.0587	-6e-05	0.00034	6.975e-06
1608202692	554565944	0.06054	-6e-05	0.00034	6.975e-06
1608202692	564598303	0.06238	-6e-05	0.00034	6.975e-06
1608202692	574605486	0.06416	-6e-05	0.00034	6.975e-06
1608202692	584575250	0.06594	-6e-05	0.00034	6.975e-06
1608202692	594617603	0.06772	-6e-05	0.00034	6.975e-06
1608202692	604597365	0.0695	-6e-05	0.00034	6.975e-06
1608202692	614598666	0.07132	-6e-05	0.00034	6.975e-06
1608202692	624598329	0.07316	-6e-05	0.00034	6.975e-06
1608202692	634600734	0.07502	-6e-05	0.00034	6.975e-06
1608202692	644597145	0.07686	-6e-05	0.00034	6.975e-06
1608202692	654615371	0.0787	-6e-05	0.00034	6.975e-06
1608202692	664598766	0.0805	-6e-05	0.00034	6.975e-06
1608202692	674604683	0.0823	-6e-05	0.00034	6.975e-06
1608202692	684611793	0.0841	-6e-05	0.00034	6.975e-06
1608202692	694595029	0.08594	-6e-05	0.00034	6.975e-06
1608202692	704597224	0.08786	-6e-05	0.00034	6.975e-06
1608202692	714597539	0.0898	-6e-05	0.00034	6.975e-06
1608202692	724596830	0.09172	-6e-05	0.00034	6.975e-06
1608202692	734594893	0.0936	-6e-05	0.00034	6.975e-06
1608202692	744576936	0.09546	-6e-05	0.00034	6.975e-06
1608202692	754575853	0.09732	-6e-05	0.00034	6.975e-06
1608202692	764596082	0.0992	-6e-05	0.00034	6.975e-06
1608202692	774608172	0.1011	-6e-05	0.00034	6.975e-06
1608202692	784599426	0.10302	-6e-05	0.00034	6.975e-06
1608202692	794595591	0.10494	-6e-05	0.00034	6.975e-06
1608202692	804591532	0.10686	-6e-05	0.00034	6.975e-06
1608202692	814593189	0.10876	-6e-05	0.00034	6.975e-06
1608202692	824593163	0.11062	-6e-05	0.00034	6.975e-06
1608202692	834592329	0.1125	-6e-05	0.00034	6.975e-06
1608202692	844559822	0.11436	-6e-05	0.00034	6.975e-06
1608202692	854593137	0.1163	-6e-05	0.00034	6.975e-06
1608202692	864560409	0.11826	-6e-05	0.00034	6.975e-06
1608202692	874602532	0.12028	-6e-05	0.00034	6.975e-06
1608202692	884595286	0.12222	-6e-05	0.00034	6.975e-06
1608202692	894590979	0.12414	-6e-05	0.00034	6.975e-06
1608202692	904591136	0.12604	-6e-05	0.00034	6.975e-06
1608202692	914590523	0.12796	-6e-05	0.00034	6.975e-06
1608202692	924587603	0.1299	-6e-05	0.00034	6.975e-06
1608202692	934586352	0.13184	-6e-05	0.00034	6.975e-06
1608202692	944568592	0.1338	-6e-05	0.00034	6.975e-06
1608202692	954608495	0.13578	-6e-05	0.00034	6.975e-06
1608202692	964608485	0.13772	-6e-05	0.00034	6.975e-06
1608202692	974602520	0.13964	-6e-05	0.00034	6.975e-06
1608202692	984582849	0.14154	-6e-05	0.00034	6.975e-06
1608202692	994569550	0.14344	-6e-05	0.00034	6.975e-06
1608202693	4588545	0.14538	-6e-05	0.00034	6.975e-06
1608202693	14588190	0.14736	-6e-05	0.00034	6.975e-06
1608202693	24591548	0.14938	-6e-05	0.00034	6.975e-06
1608202693	34587853	0.15136	-6e-05	0.00034	6.975e-06
1608202693	44549888	0.1533	-6e-05	0.00034	6.975e-06
1608202693	54567545	0.15522	-6e-05	0.00034	6.975e-06
1608202693	64590779	0.15714	-6e-05	0.00034	6.975e-06
1608202693	74619110	0.15906	-6e-05	0.00034	6.975e-06
1608202693	84590512	0.16102	-6e-05	0.00034	6.975e-06
1608202693	94586683	0.16298	-6e-05	0.00034	6.975e-06
1608202693	104568945	0.16494	-6e-05	0.00034	6.975e-06
1608202693	114543561	0.16688	-6e-05	0.00034	6.975e-06
1608202693	124586371	0.16882	-6e-05	0.00034	6.975e-06
1608202693	134584448	0.17072	-6e-05	0.00034	6.975e-06
1608202693	144551910	0.1726	-6e-05	0.00034	6.975e-06
1608202693	154591067	0.17452	-6e-05	0.00034	6.975e-06
1608202693	164590354	0.17648	-6e-05	0.00034	6.975e-06
1608202693	174572834	0.17848	-6e-05	0.00034	6.975e-06
1608202693	184583579	0.18046	-6e-05	0.00034	6.975e-06
1608202693	194583915	0.18242	-6e-05	0.00034	6.975e-06
1608202693	204584691	0.18432	-6e-05	0.00034	6.975e-06
1608202693	214583013	0.18622	-6e-05	0.00034	6.975e-06
1608202693	224582657	0.18812	-6e-05	0.00034	6.975e-06
1608202693	234577218	0.19006	-6e-05	0.00034	6.975e-06
1608202693	244586255	0.192	-6e-05	0.00034	6.975e-06
1608202693	254582915	0.19396	-6e-05	0.00034	6.975e-06
1608202693	264582025	0.19588	-6e-05	0.00034	6.975e-06
1608202693	274593629	0.1978	-6e-05	0.00034	6.975e-06
1608202693	284552059	0.19966	-6e-05	0.00034	6.975e-06
1608202693	294584527	0.20156	-6e-05	0.00034	6.975e-06
1608202693	304557210	0.20344	-6e-05	0.00034	6.975e-06
1608202693	314580177	0.20536	-6e-05	0.00034	6.975e-06
1608202693	324551743	0.20732	-6e-05	0.00034	6.975e-06
1608202693	334553614	0.2093	-6e-05	0.00034	6.975e-06
1608202693	344591513	0.21126	-6e-05	0.00034	6.975e-06
1608202693	354581843	0.21316	-6e-05	0.00034	6.975e-06
1608202693	364579649	0.21504	-6e-05	0.00034	6.975e-06
1608202693	374592355	0.21694	-6e-05	0.00034	6.975e-06
1608202693	384546588	0.21882	-6e-05	0.00034	6.975e-06
1608202693	394578628	0.22078	-6e-05	0.00034	6.975e-06
1608202693	404578948	0.22272	-6e-05	0.00034	6.975e-06
1608202693	414578741	0.22466	-6e-05	0.00034	6.975e-06
1608202693	424578082	0.22658	-6e-05	0.00034	6.975e-06
1608202693	434580209	0.22846	-6e-05	0.00034	6.975e-06
1608202693	444541370	0.23034	-6e-05	0.00034	6.975e-06
1608202693	454577630	0.23224	-6e-05	0.00034	6.975e-06
1608202693	464578613	0.23416	-6e-05	0.00034	6.975e-06
1608202693	474588414	0.23612	-6e-05	0.00034	6.975e-06
1608202693	484582854	0.23812	-6e-05	0.00034	6.975e-06
1608202693	494581373	0.2401	-6e-05	0.00034	6.975e-06
1608202693	504576415	0.24206	-6e-05	0.00034	6.975e-06
1608202693	514618101	0.24398	-6e-05	0.00034	6.975e-06
1608202693	524577340	0.24588	-6e-05	0.00034	6.975e-06
1608202693	534575923	0.2478	-6e-05	0.00034	6.975e-06
1608202693	544556510	0.24976	-6e-05	0.00034	6.975e-06
1608202693	554578596	0.25174	-6e-05	0.00034	6.975e-06
1608202693	564579012	0.2537	-6e-05	0.00034	6.975e-06
1608202693	574555899	0.25566	-6e-05	0.00034	6.975e-06
1608202693	584531255	0.25758	-6e-05	0.00034	6.975e-06
1608202693	594575134	0.2595	-6e-05	0.00034	6.975e-06
1608202693	604546760	0.26142	-6e-05	0.00034	6.975e-06
1608202693	614543915	0.26336	-6e-05	0.00034	6.975e-06
1608202693	624523879	0.26532	-6e-05	0.00034	6.975e-06
1608202693	634572668	0.26734	-6e-05	0.00034	6.975e-06
1608202693	644574323	0.26936	-6e-05	0.00034	6.975e-06
1608202693	654581478	0.27134	-6e-05	0.00034	6.975e-06
1608202693	664573143	0.2733	-6e-05	0.00034	6.975e-06
1608202693	674577706	0.27524	-6e-05	0.00034	6.975e-06
1608202693	684572620	0.2772	-6e-05	0.00034	6.975e-06
1608202693	694570722	0.27918	-6e-05	0.00034	6.975e-06
1608202693	704543204	0.28118	-6e-05	0.00034	6.975e-06
1608202693	714523951	0.28318	-6e-05	0.00034	6.975e-06
1608202693	724572071	0.28516	-6e-05	0.00034	6.975e-06
1608202693	734572050	0.28712	-6e-05	0.00034	6.975e-06
1608202693	744569737	0.28906	-6e-05	0.00034	6.975e-06
1608202693	754588425	0.29102	-6e-05	0.00034	6.975e-06
1608202693	764572317	0.29298	-6e-05	0.00034	6.975e-06
1608202693	774572848	0.29498	-6e-05	0.00034	6.975e-06
1608202693	784570059	0.29704	-6e-05	0.00034	6.975e-06
1608202693	794569818	0.29908	-6e-05	0.00034	6.975e-06
1608202693	804562644	0.30108	-6e-05	0.00034	6.975e-06
1608202693	814539372	0.30306	-6e-05	0.00034	6.975e-06
1608202693	824536467	0.30502	-6e-05	0.00034	6.975e-06
1608202693	834569779	0.30702	-6e-05	0.00034	6.975e-06
1608202693	844561499	0.30902	-6e-05	0.00034	6.975e-06
1608202693	854583114	0.31104	-6e-05	0.00034	6.975e-06
1608202693	864571970	0.31306	-6e-05	0.00034	6.975e-06
1608202693	874575131	0.31508	-6e-05	0.00034	6.975e-06
1608202693	884561054	0.31706	-6e-05	0.00034	6.975e-06
1608202693	894566796	0.31902	-6e-05	0.00034	6.975e-06
1608202693	904566938	0.321	-6e-05	0.00034	6.975e-06
1608202693	914570448	0.32298	-6e-05	0.00034	6.975e-06
1608202693	924563547	0.32502	-6e-05	0.00034	6.975e-06
1608202693	934523167	0.32706	-6e-05	0.00034	6.975e-06
1608202693	944550485	0.32912	-6e-05	0.00034	6.975e-06
1608202693	954577791	0.33114	-6e-05	0.00034	6.975e-06
1608202693	964571356	0.33312	-6e-05	0.00034	6.975e-06
1608202693	974579166	0.3351	-6e-05	0.00034	6.975e-06
1608202693	984565552	0.3371	-6e-05	0.00034	6.975e-06
1608202693	994565640	0.33912	-6e-05	0.00034	6.975e-06
1608202694	4564934	0.34102	-6e-05	0.00034	6.975e-06
1608202694	14564862	0.34244	-6e-05	0.00034	6.975e-06
1608202694	24556346	0.34278	-6e-05	0.00034	6.975e-06
1608202694	34541255	0.34278	-6e-05	0.00034	6.975e-06
1608202694	44569573	0.34278	-6e-05	0.00034	6.975e-06
1608202694	54588945	0.34278	-6e-05	0.00034	6.975e-06
1608202694	64564657	0.34278	-6e-05	0.00034	6.975e-06
1608202694	74569196	0.34278	-6e-05	0.00034	6.975e-06
1608202694	84563743	0.34278	-6e-05	0.00034	6.975e-06
1608202694	94566187	0.34278	-6e-05	0.00034	6.975e-06
1608202694	104567677	0.34278	-6e-05	0.00034	6.975e-06
1608202694	114560610	0.34278	-6e-05	0.00034	6.975e-06
1608202694	124559830	0.34278	-6e-05	0.00034	6.975e-06
1608202694	134538063	0.34278	-6e-05	0.00034	6.975e-06
1608202694	144566774	0.34278	-6e-05	0.00034	6.975e-06
1608202694	154578930	0.34278	-6e-05	0.00034	6.975e-06
1608202694	164564233	0.34278	-6e-05	0.00034	6.975e-06
1608202694	174563280	0.34278	-6e-05	0.00034	6.975e-06
1608202694	184557408	0.34278	-6e-05	0.00034	6.975e-06
1608202694	194559123	0.34278	-6e-05	0.00034	6.975e-06
1608202694	204554529	0.34278	-6e-05	0.00034	6.975e-06
1608202694	214553130	0.34278	-6e-05	0.00034	6.975e-06
1608202694	224559179	0.34278	-6e-05	0.00034	6.975e-06
1608202694	234517866	0.34278	-6e-05	0.00034	6.975e-06
1608202694	244560905	0.34278	-6e-05	0.00034	6.975e-06
1608202694	254577311	0.34278	-6e-05	0.00034	6.975e-06
1608202694	264562414	0.34278	-6e-05	0.00034	6.975e-06
1608202694	274561531	0.34278	-6e-05	0.00034	6.975e-06
1608202694	284558778	0.34278	-6e-05	0.00034	6.975e-06
1608202694	294558725	0.34278	-6e-05	0.00034	6.975e-06
1608202694	304564268	0.34278	-6e-05	0.00034	6.975e-06
1608202694	314558392	0.34278	-6e-05	0.00034	6.975e-06
1608202694	324562726	0.34278	-6e-05	0.00034	6.975e-06
1608202694	334518173	0.34278	-6e-05	0.00034	6.975e-06
1608202694	344533424	0.34278	-6e-05	0.00034	6.975e-06
1608202694	354579948	0.34278	-6e-05	0.00034	6.975e-06
1608202694	364558518	0.34278	-6e-05	0.00034	6.975e-06
1608202694	374559947	0.34278	-6e-05	0.00034	6.975e-06
1608202694	384554664	0.34278	-6e-05	0.00034	6.975e-06
1608202694	394558911	0.34278	-6e-05	0.00034	6.975e-06
1608202694	404556491	0.34278	-6e-05	0.00034	6.975e-06
1608202694	414556680	0.34278	-6e-05	0.00034	6.975e-06
1608202694	424550956	0.34278	-6e-05	0.00034	6.975e-06
1608202694	434517138	0.34278	-6e-05	0.00034	6.975e-06
1608202694	444558391	0.34278	-6e-05	0.00034	6.975e-06
1608202694	454546859	0.34278	-6e-05	0.00034	6.975e-06
1608202694	464559352	0.34278	-6e-05	0.00034	6.975e-06
1608202694	474557837	0.34278	-6e-05	0.00034	6.975e-06
1608202694	484554653	0.34278	-6e-05	0.00034	6.975e-06
1608202694	494554390	0.34278	-6e-05	0.00034	6.975e-06
1608202694	504553516	0.34278	-6e-05	0.00034	6.975e-06
1608202694	514552932	0.34278	-6e-05	0.00034	6.975e-06
1608202694	524552472	0.34278	-6e-05	0.00034	6.975e-06
1608202694	534531146	0.34278	-6e-05	0.00034	6.975e-06
1608202694	544572399	0.34278	-6e-05	0.00034	6.975e-06
1608202694	554577502	0.34278	-6e-05	0.00034	6.975e-06
1608202694	564553462	0.34278	-6e-05	0.00034	6.975e-06
1608202694	574558665	0.34278	-6e-05	0.00034	6.975e-06
1608202694	584554410	0.34278	-6e-05	0.00034	6.975e-06
1608202694	594552554	0.34278	-6e-05	0.00034	6.975e-06
1608202694	604552511	0.34278	-6e-05	0.00034	6.975e-06
1608202694	614538615	0.34278	-6e-05	0.00034	6.975e-06
1608202694	624580440	0.34278	-6e-05	0.00034	6.975e-06
1608202694	634567511	0.34278	-6e-05	0.00034	6.975e-06
1608202694	644551741	0.34278	-6e-05	0.00034	6.975e-06
1608202694	654576157	0.34278	-6e-05	0.00034	6.975e-06
1608202694	664556862	0.34278	-6e-05	0.00034	6.975e-06
1608202694	674549100	0.34278	-6e-05	0.00034	6.975e-06
1608202694	684547494	0.34278	-6e-05	0.00034	6.975e-06
1608202694	694530016	0.34278	-6e-05	0.00034	6.975e-06
1608202694	704549229	0.34278	-6e-05	0.00034	6.975e-06
1608202694	714551181	0.34278	-6e-05	0.00034	6.975e-06
1608202694	724506702	0.34278	-6e-05	0.00034	6.975e-06
1608202694	734555698	0.34278	-6e-05	0.00034	6.975e-06
1608202694	744550223	0.34278	-6e-05	0.00034	6.975e-06
1608202694	754552851	0.34278	-6e-05	0.00034	6.975e-06
1608202694	764546156	0.34278	-6e-05	0.00034	6.975e-06
1608202694	774546222	0.34278	-6e-05	0.00034	6.975e-06
1608202694	784546735	0.34278	-6e-05	0.00034	6.975e-06
1608202694	794545418	0.34278	-6e-05	0.00034	6.975e-06
1608202694	804545841	0.34278	-6e-05	0.00034	6.975e-06
1608202694	814512391	0.34278	-6e-05	0.00034	6.975e-06
1608202694	824510932	0.34278	-6e-05	0.00034	6.975e-06
1608202694	834520374	0.34278	-6e-05	0.00034	6.975e-06
1608202694	844546532	0.34278	-6e-05	0.00034	6.975e-06
1608202694	854550959	0.34278	-6e-05	0.00034	6.975e-06
1608202694	864553222	0.34278	-6e-05	0.00034	6.975e-06
1608202694	874540923	0.34278	-6e-05	0.00034	6.975e-06
1608202694	884543578	0.34278	-6e-05	0.00034	6.975e-06
1608202694	894537284	0.34278	-6e-05	0.00034	6.975e-06
1608202694	904547630	0.34278	-6e-05	0.00034	6.975e-06
1608202694	914517264	0.34278	-6e-05	0.00034	6.975e-06
1608202694	924512380	0.34278	-6e-05	0.00034	6.975e-06
1608202694	934526280	0.34278	-6e-05	0.00034	6.975e-06
1608202694	944544820	0.34278	-6e-05	0.00034	6.975e-06
1608202694	954550584	0.34278	-6e-05	0.00034	6.975e-06
1608202694	964542520	0.34278	-6e-05	0.00034	6.975e-06
1608202694	974542754	0.34278	-6e-05	0.00034	6.975e-06
1608202694	984545868	0.34278	-6e-05	0.00034	6.975e-06
1608202694	994511224	0.34278	-6e-05	0.00034	6.975e-06
1608202695	4510776	0.34278	-6e-05	0.00034	6.975e-06
1608202695	14538751	0.34278	-6e-05	0.00034	6.975e-06
1608202695	24511035	0.34278	-6e-05	0.00034	6.975e-06
1608202695	34535583	0.34278	-6e-05	0.00034	6.975e-06
1608202695	44522470	0.34278	-6e-05	0.00034	6.975e-06
1608202695	54546144	0.34278	-6e-05	0.00034	6.975e-06
1608202695	64538296	0.34278	-6e-05	0.00034	6.975e-06
1608202695	74539149	0.34278	-6e-05	0.00034	6.975e-06
1608202695	84523441	0.34278	-6e-05	0.00034	6.975e-06
1608202695	94544042	0.34278	-6e-05	0.00034	6.975e-06
1608202695	104513871	0.34278	-6e-05	0.00034	6.975e-06
1608202695	114521443	0.34278	-6e-05	0.00034	6.975e-06
1608202695	124522498	0.34278	-6e-05	0.00034	6.975e-06
1608202695	134529044	0.34278	-6e-05	0.00034	6.975e-06
1608202695	144532398	0.34278	-6e-05	0.00034	6.975e-06
1608202695	154536294	0.34278	-6e-05	0.00034	6.975e-06
1608202695	164546311	0.34278	-6e-05	0.00034	6.975e-06
1608202695	174537876	0.34278	-6e-05	0.00034	6.975e-06
1608202695	184536655	0.34278	-6e-05	0.00034	6.975e-06
1608202695	194536962	0.34278	-6e-05	0.00034	6.975e-06
1608202695	204508808	0.34278	-6e-05	0.00034	6.975e-06
1608202695	214508717	0.34278	-6e-05	0.00034	6.975e-06
1608202695	224500505	0.34278	-6e-05	0.00034	6.975e-06
1608202695	234535768	0.34278	-6e-05	0.00034	6.975e-06
1608202695	244538799	0.34278	-6e-05	0.00034	6.975e-06
1608202695	254538940	0.34278	-6e-05	0.00034	6.975e-06
1608202695	264538198	0.34278	-6e-05	0.00034	6.975e-06
1608202695	274526933	0.34278	-6e-05	0.00034	6.975e-06
1608202695	284540880	0.34278	-6e-05	0.00034	6.975e-06
1608202695	294536400	0.34278	-6e-05	0.00034	6.975e-06
1608202695	304505566	0.34278	-6e-05	0.00034	6.975e-06
1608202695	314538156	0.34278	-6e-05	0.00034	6.975e-06
1608202695	324499578	0.34278	-6e-05	0.00034	6.975e-06
1608202695	334538928	0.34278	-6e-05	0.00034	6.975e-06
1608202695	344506290	0.34278	-6e-05	0.00034	6.975e-06
1608202695	354519569	0.34278	-6e-05	0.00034	6.975e-06
1608202695	364539307	0.34278	-6e-05	0.00034	6.975e-06
1608202695	374538312	0.34278	-6e-05	0.00034	6.975e-06
1608202695	384533867	0.34278	-6e-05	0.00034	6.975e-06
1608202695	394533917	0.34278	-6e-05	0.00034	6.975e-06
1608202695	404510733	0.34278	-6e-05	0.00034	6.975e-06
1608202695	414502458	0.34278	-6e-05	0.00034	6.975e-06
1608202695	424518104	0.34278	-6e-05	0.00034	6.975e-06
1608202695	434539418	0.34278	-6e-05	0.00034	6.975e-06
1608202695	444496792	0.34278	-6e-05	0.00034	6.975e-06
1608202695	454541765	0.34278	-6e-05	0.00034	6.975e-06
1608202695	464532772	0.34278	-6e-05	0.00034	6.975e-06
1608202695	474531912	0.34278	-6e-05	0.00034	6.975e-06
1608202695	484530919	0.34278	-6e-05	0.00034	6.975e-06
1608202695	494535001	0.34278	-6e-05	0.00034	6.975e-06
