time_sec	time_nanosec	control_action_0	control_action_1	control_action_2	control_action_3
1619011977	224802472	117.838	192.518	141.49
1619011977	234050024	116.159	190.839	139.811
1619011977	244209727	114.465	189.145	138.118
1619011977	254494350	112.757	187.437	136.409
1619011977	264121960	111.033	185.713	134.685
1619011977	274049876	109.295	183.975	132.947
1619011977	284103689	107.542	182.222	131.194
1619011977	294114575	105.774	180.454	129.426
1619011977	304211310	103.992	178.672	127.644
1619011977	314471119	102.195	176.875	125.847
1619011977	324786909	100.383	175.063	124.035
1619011977	335018147	98.5563	173.236	122.209
1619011977	345085768	96.7152	171.395	120.368
1619011977	355029722	94.8595	169.54	118.512
1619011977	365266129	92.9892	167.669	116.642
1619011977	375654175	91.1044	165.785	114.757
1619011977	385365474	89.2051	163.885	112.857
1619011977	395127437	87.2913	161.971	110.944
1619011977	405109055	85.3629	160.043	109.015
1619011977	415181462	83.4202	158.1	107.072
1619011977	425309732	81.4629	156.143	105.115
1619011977	435095304	79.4913	154.171	103.144
1619011977	445386352	77.5053	152.185	101.158
1619011977	455332004	75.5049	150.185	99.1572
1619011977	465118752	73.4901	148.17	97.1425
1619011977	475180149	71.4611	146.141	95.1134
1619011977	485073976	69.4177	144.098	93.07
1619011977	495018151	67.3601	142.04	91.0124
1619011977	505007419	65.2882	139.968	88.9405
1619011977	515293614	63.202	137.882	86.8544
1619011977	525363428	61.1017	135.782	84.754
1619011977	535195302	58.9872	133.667	82.6395
1619011977	545141158	56.8585	131.539	80.5109
1619011977	555131863	54.7157	129.396	78.368
1619011977	565181181	52.5588	127.239	76.2111
1619011977	575150323	50.3877	125.068	74.0401
1619011977	585304602	48.2027	122.883	71.855
1619011977	595111567	46.0035	120.684	69.6559
1619011977	605102933	43.7904	118.47	67.4427
1619011977	614931792	41.5632	116.243	65.2155
1619011977	625070609	39.3221	114.002	62.9744
1619011977	635016497	37.067	111.747	60.7193
1619011977	645048791	34.7979	109.478	58.4503
1619011977	655200524	32.515	107.195	56.1673
1619011977	665175447	30.2182	104.898	53.8705
1619011977	674933267	27.9075	102.588	51.5598
1619011977	685092944	25.583	100.263	49.2353
1619011977	695055335	23.2447	97.9248	46.897
1619011977	705295183	20.8925	95.5726	44.5449
1619011977	715291959	18.5266	93.2067	42.179
1619011977	725025866	16.147	90.8271	39.7993
1619011977	735038618	13.7536	88.4337	37.406
1619011977	744909496	11.3466	86.0267	34.9989
1619011977	755061439	8.92582	83.6059	32.5782
1619011977	765172148	6.49142	81.1715	30.1438
1619011977	775178770	4.04339	78.7235	27.6957
1619011977	785299224	1.58175	76.2618	25.2341
1619011977	795247733	-0.893477	73.7866	22.7589
1619011977	805169940	-3.38227	71.2978	20.2701
1619011977	815142410	-5.88459	68.7955	17.7677
1619011977	825010480	-8.40044	66.2797	15.2519
1619011977	835112417	-10.9298	63.7503	12.7226
1619011977	845096361	-13.4726	61.2075	10.1797
1619011977	855189854	-16.0288	58.6513	7.62349
1619011977	865115576	-18.5985	56.0816	5.05381
1619011977	875046825	-21.1816	53.4985	2.47073
1619011977	884971532	-23.7781	50.902	-0.125729
1619011977	895013170	-26.3879	48.2922	-2.73554
1619011977	905118695	-29.011	45.6691	-5.35869
1619011977	915031482	-31.6475	43.0326	-7.99515
1619011977	924956865	-34.2972	40.3829	-10.6449
1619011977	935054240	-36.9602	37.7199	-13.3079
1619011977	944909464	-39.6365	35.0436	-15.9841
1619011977	954977346	-42.3259	32.3542	-18.6736
1619011977	964944883	-45.0286	29.6515	-21.3763
1619011977	974979360	-47.7444	26.9357	-24.0921
1619011977	985203689	-50.4734	24.2067	-26.8211
1619011977	995303964	-53.2155	21.4646	-29.5632
1619011978	4872794	-55.9707	18.7094	-32.3184
1619011978	15164253	-58.739	15.9411	-35.0867
1619011978	24951535	-61.5203	13.1598	-37.868
1619011978	35029823	-64.3147	10.3654	-40.6624
1619011978	45127601	-67.1221	7.55801	-43.4698
1619011978	54990001	-69.9425	4.73764	-46.2901
1619011978	65334681	-72.7758	1.9043	-49.1235
1619011978	75232607	-75.6221	-0.941971	-51.9697
1619011978	85182883	-78.4813	-3.80116	-54.8289
1619011978	94983067	-81.3533	-6.67325	-57.701
1619011978	105090801	-84.2383	-9.55821	-60.586
1619011978	115206532	-87.1361	-12.456	-63.4838
1619011978	125206504	-90.0467	-15.3666	-66.3944
1619011978	134892667	-92.9702	-18.2901	-69.3178
1619011978	145105442	-95.9064	-21.2263	-72.2541
1619011978	155252660	-98.8554	-24.1753	-75.203
1619011978	165119908	-101.817	-27.137	-78.1647
1619011978	175188920	-104.791	-30.1114	-81.1392
1619011978	185000286	-107.779	-33.0985	-84.1263
1619011978	195326607	-110.778	-36.0983	-87.126
1619011978	205263281	-113.791	-39.1107	-90.1384
1619011978	215285899	-116.816	-42.1357	-93.1635
1619011978	225059224	-119.853	-45.1733	-96.2011
1619011978	235122794	-122.904	-48.2235	-99.2513
1619011978	245054464	-125.966	-51.2863	-102.314
1619011978	255377780	-129.042	-54.3615	-105.389
1619011978	265190699	-132.129	-57.4493	-108.477
1619011978	275117279	-135.23	-60.5496	-111.577
1619011978	285358144	-138.342	-63.6623	-114.69
1619011978	295124065	-141.468	-66.7874	-117.815
1619011978	305079813	-144.605	-69.925	-120.953
1619011978	315201389	-147.755	-73.0749	-124.103
1619011978	325153999	-150.917	-76.2373	-127.265
1619011978	335232142	-154.092	-79.4119	-130.44
1619011978	345019622	-157.279	-82.5989	-133.627
1619011978	354983988	-160.478	-85.7982	-136.826
1619011978	365066769	-163.69	-89.0097	-140.037
1619011978	375064693	-166.914	-92.2335	-143.261
1619011978	385181103	-170.15	-95.4695	-146.497
1619011978	394987054	-173.398	-98.7177	-149.745
1619011978	405079441	-176.658	-101.978	-153.006
1619011978	415215816	-179.931	-105.251	-156.278
1619011978	425226635	-183.215	-108.535	-159.563
1619011978	435272206	-186.512	-111.832	-162.86
1619011978	445134644	-189.821	-115.141	-166.169
1619011978	455079920	-193.142	-118.462	-169.49
1619011978	465213305	-196.475	-121.795	-172.823
1619011978	475075705	-199.82	-125.14	-176.168
1619011978	485133941	-203.177	-128.497	-179.525
1619011978	495035589	-206.546	-131.866	-182.894
1619011978	505210227	-209.927	-135.247	-186.275
1619011978	515118680	-213.32	-138.64	-189.668
1619011978	524999455	-216.725	-142.045	-193.072
1619011978	535083924	-220.141	-145.461	-196.489
1619011978	545052928	-223.57	-148.89	-199.918
1619011978	554990040	-227.01	-152.33	-203.358
1619011978	565104178	-230.463	-155.782	-206.81
1619011978	575069491	-233.926	-159.246	-210.274
1619011978	585184000	-237.402	-162.722	-213.75
1619011978	595070868	-240.89	-166.21	-217.237
1619011978	605227406	-244.389	-169.709	-220.737
1619011978	615185087	-247.9	-173.22	-224.247
1619011978	625139339	-251.422	-176.742	-227.77
1619011978	635268591	-254.957	-180.276	-231.304
1619011978	645225784	-258.502	-183.822	-234.85
1619011978	654953030	-262.06	-187.38	-238.407
1619011978	664965733	-265.629	-190.949	-241.977
1619011978	675085566	-269.209	-194.529	-245.557
1619011978	684994854	-272.802	-198.121	-249.149
1619011978	695000101	-276.405	-201.725	-252.753
1619011978	704873703	-280.02	-205.34	-256.368
1619011978	714934366	-283.647	-208.967	-259.995
1619011978	725042124	-287.285	-212.605	-263.633
1619011978	735044746	-290.934	-216.254	-267.282
1619011978	744929647	-294.595	-219.915	-270.943
1619011978	755152170	-298.268	-223.587	-274.615
1619011978	765047190	-301.951	-227.271	-278.299
1619011978	775289664	-305.646	-230.966	-281.994
1619011978	785126652	-309.352	-234.672	-285.7
1619011978	795227181	-313.07	-238.39	-289.417
1619011978	805203361	-316.799	-242.118	-293.146
1619011978	814816307	-320.539	-245.858	-296.886
1619011978	825085463	-324.29	-249.61	-300.637
1619011978	835110981	-328.052	-253.372	-304.4
1619011978	845142064	-331.826	-257.146	-308.173
1619011978	854925739	-335.61	-260.93	-311.958
1619011978	865090459	-339.406	-264.726	-315.754
1619011978	875146583	-343.213	-268.533	-319.561
1619011978	884984667	-347.031	-272.351	-323.379
1619011978	895052753	-350.86	-276.18	-327.208
1619011978	905194900	-354.7	-280.02	-331.048
1619011978	915221891	-358.551	-283.871	-334.899
1619011978	925089903	-362.414	-287.733	-338.761
1619011978	935097828	-366.287	-291.607	-342.634
1619011978	945011666	-370.171	-295.49	-346.518
1619011978	955049232	-374.065	-299.385	-350.413
1619011978	965118561	-377.971	-303.291	-354.319
1619011978	975248282	-381.888	-307.208	-358.236
1619011978	984927153	-385.815	-311.135	-362.163
1619011978	994927712	-389.754	-315.074	-366.101
1619011979	5260242	-393.703	-319.023	-370.051
1619011979	15147017	-397.663	-322.983	-374.01
1619011979	25089219	-401.633	-326.953	-377.981
1619011979	35091567	-405.615	-330.935	-381.963
1619011979	45225355	-409.607	-334.927	-385.955
1619011979	55141095	-413.61	-338.93	-389.957
1619011979	65079177	-417.623	-342.943	-393.971
1619011979	75161415	-421.647	-346.967	-397.995
1619011979	85014428	-425.682	-351.002	-402.03
1619011979	94978179	-429.727	-355.047	-406.075
1619011979	105051455	-433.783	-359.103	-410.131
1619011979	115345210	-437.849	-363.169	-414.197
1619011979	125317996	-441.926	-367.246	-418.274
1619011979	135318014	-446.014	-371.334	-422.361
1619011979	145127817	-450.112	-375.432	-426.459
1619011979	155123000	-454.22	-379.54	-430.568
1619011979	165343414	-458.339	-383.659	-434.687
1619011979	175190518	-462.468	-387.788	-438.816
1619011979	185047267	-466.608	-391.928	-442.955
1619011979	195134545	-470.758	-396.077	-447.105
1619011979	205353140	-474.918	-400.238	-451.266
1619011979	215368280	-479.088	-404.408	-455.436
1619011979	225357175	-483.269	-408.589	-459.617
1619011979	235279985	-487.46	-412.78	-463.808
1619011979	245376503	-491.662	-416.982	-468.01
1619011979	255331967	-495.874	-421.193	-472.221
1619011979	265170496	-500.095	-425.415	-476.443
1619011979	275422696	-504.327	-429.647	-480.675
1619011979	285301899	-508.57	-433.889	-484.917
1619011979	295390838	-512.822	-438.142	-489.169
1619011979	305795217	-517.084	-442.404	-493.432
1619011979	315430006	-521.357	-446.677	-497.704
1619011979	325168542	-525.639	-450.959	-501.987
1619011979	335451756	-529.932	-455.252	-506.279
1619011979	345239023	-534.234	-459.554	-510.582
1619011979	355391440	-538.547	-463.867	-514.895
1619011979	365505059	-542.87	-468.19	-519.217
1619011979	375378792	-547.202	-472.522	-523.55
1619011979	385226456	-551.545	-476.864	-527.892
1619011979	395380901	-555.897	-481.217	-532.245
1619011979	405223368	-560.259	-485.579	-536.607
1619011979	415339547	-564.631	-489.951	-540.979
1619011979	425138247	-569.013	-494.333	-545.361
1619011979	435077376	-573.405	-498.725	-549.752
1619011979	445164199	-577.806	-503.126	-554.154
1619011979	454983159	-582.218	-507.538	-558.565
1619011979	465137535	-586.639	-511.959	-562.986
1619011979	475064636	-591.069	-516.389	-567.417
1619011979	484840586	-595.51	-520.83	-571.857
1619011979	495192671	-599.96	-525.28	-576.308
1619011979	505105067	-604.42	-529.739	-580.767
1619011979	515080968	-608.889	-534.209	-585.237
1619011979	524952910	-613.368	-538.688	-589.716
1619011979	535026788	-617.856	-543.176	-594.204
1619011979	545107869	-622.355	-547.674	-598.702
1619011979	555120987	-626.862	-552.182	-603.21
1619011979	565240520	-631.379	-556.699	-607.727
1619011979	575249656	-635.906	-561.226	-612.254
1619011979	584939778	-640.442	-565.762	-616.79
1619011979	595601727	-644.988	-570.307	-621.335
1619011979	604929783	-649.543	-574.862	-625.89
1619011979	615219175	-654.107	-579.427	-630.455
1619011979	625200098	-658.681	-584.001	-635.028
1619011979	635225347	-663.264	-588.584	-639.611
1619011979	645303507	-667.856	-593.176	-644.204
1619011979	655219298	-672.458	-597.778	-648.805
1619011979	665106196	-677.069	-602.389	-653.416
1619011979	675198507	-681.689	-607.009	-658.037
1619011979	685032548	-686.318	-611.638	-662.666
1619011979	695128222	-690.957	-616.277	-667.305
1619011979	705107916	-695.605	-620.925	-671.953
1619011979	714997062	-700.262	-625.582	-676.61
1619011979	725050878	-704.928	-630.248	-681.276
1619011979	735158651	-709.603	-634.923	-685.951
1619011979	745200169	-714.288	-639.608	-690.636
1619011979	755198075	-718.981	-644.301	-695.329
1619011979	765053137	-723.684	-649.004	-700.031
1619011979	775148277	-728.395	-653.715	-704.743
1619011979	785000059	-733.116	-658.436	-709.464
1619011979	795022916	-737.845	-663.165	-714.193
1619011979	805015570	-742.584	-667.904	-718.932
1619011979	814936476	-747.331	-672.651	-723.679
1619011979	825035055	-752.088	-677.408	-728.435
1619011979	834983071	-756.853	-682.173	-733.2
1619011979	845229380	-761.627	-686.947	-737.975
1619011979	855200745	-766.41	-691.73	-742.757
1619011979	865077510	-771.202	-696.521	-747.549
1619011979	875001165	-776.002	-701.322	-752.35
1619011979	885098935	-780.811	-706.131	-757.159
1619011979	895081594	-785.629	-710.949	-761.977
1619011979	905061103	-790.456	-715.776	-766.804
1619011979	915107073	-795.292	-720.612	-771.639
1619011979	925126161	-800.136	-725.456	-776.484
1619011979	935153763	-804.989	-730.309	-781.336
1619011979	945181243	-809.85	-735.17	-786.198
1619011979	955118715	-814.72	-740.04	-791.068
1619011979	965165255	-819.599	-744.919	-795.947
1619011979	975068822	-824.486	-749.806	-800.834
1619011979	984994767	-829.382	-754.702	-805.73
1619011979	995118676	-834.286	-759.606	-810.634
1619011980	5187219	-839.199	-764.519	-815.547
1619011980	15080356	-844.12	-769.44	-820.468
1619011980	25146518	-849.05	-774.37	-825.398
1619011980	35270381	-853.988	-779.308	-830.336
1619011980	45015657	-858.935	-784.254	-835.282
1619011980	55164538	-863.889	-789.209	-840.237
1619011980	65117503	-868.853	-794.173	-845.2
1619011980	75308611	-873.824	-799.144	-850.172
1619011980	85292489	-878.804	-804.124	-855.152
1619011980	95008280	-883.793	-809.112	-860.14
1619011980	105328724	-888.789	-814.109	-865.137
1619011980	115102622	-893.794	-819.114	-870.141
1619011980	125020059	-898.807	-824.127	-875.154
1619011980	135634859	-903.828	-829.148	-880.176
1619011980	145897115	-908.857	-834.177	-885.205
1619011980	155580768	-913.895	-839.215	-890.242
1619011980	164828666	-918.94	-844.26	-895.288
1619011980	174069639	-923.994	-849.314	-900.342
1619011980	184330089	-929.056	-854.376	-905.403
1619011980	194022861	-934.126	-859.445	-910.473
1619011980	204245751	-939.203	-864.523	-915.551
1619011980	214266070	-944.289	-869.609	-920.637
1619011980	224615105	-949.383	-874.703	-925.731
1619011980	235078884	-954.485	-879.805	-930.833
1619011980	245071605	-959.595	-884.915	-935.943
1619011980	255082483	-964.713	-890.033	-941.06
1619011980	265241505	-969.838	-895.158	-946.186
1619011980	275318727	-974.972	-900.292	-951.319
1619011980	285231397	-980.113	-905.433	-956.461
1619011980	295220269	-985.262	-910.582	-961.61
1619011980	305037685	-990.419	-915.739	-966.767
1619011980	315037966	-995.584	-920.904	-971.932
1619011980	325349223	-1000.76	-926.076	-977.104
1619011980	335144914	-1005.94	-931.257	-982.284
1619011980	345231295	-1011.12	-936.445	-987.472
1619011980	355138036	-1016.32	-941.64	-992.668
1619011980	365099140	-1021.52	-946.844	-997.871
1619011980	375143482	-1026.73	-952.055	-1003.08
1619011980	385142340	-1031.95	-957.273	-1008.3
1619011980	395195944	-1037.18	-962.499	-1013.53
1619011980	405230586	-1042.41	-967.733	-1018.76
1619011980	415151327	-1047.65	-972.975	-1024
1619011980	425058347	-1052.9	-978.223	-1029.25
1619011980	435329973	-1058.16	-983.48	-1034.51
1619011980	445131875	-1063.42	-988.744	-1039.77
1619011980	455108411	-1068.69	-994.015	-1045.04
1619011980	465034589	-1073.97	-999.294	-1050.32
1619011980	474998864	-1079.26	-1004.58	-1055.61
1619011980	485052611	-1084.55	-1009.87	-1060.9
1619011980	495059314	-1089.85	-1015.17	-1066.2
1619011980	505060636	-1095.16	-1020.48	-1071.51
1619011980	515070297	-1100.48	-1025.8	-1076.83
1619011980	525206614	-1105.8	-1031.12	-1082.15
1619011980	535233512	-1111.13	-1036.45	-1087.48
1619011980	545046229	-1116.47	-1041.79	-1092.82
1619011980	555118711	-1121.81	-1047.13	-1098.16
1619011980	565100391	-1127.17	-1052.49	-1103.51
1619011980	575175177	-1132.52	-1057.84	-1108.87
1619011980	585039576	-1137.89	-1063.21	-1114.24
1619011980	595647462	-1143.26	-1068.58	-1119.61
1619011980	605133769	-1148.64	-1073.96	-1124.99
1619011980	615179190	-1154.03	-1079.35	-1130.38
1619011980	625140927	-1159.43	-1084.75	-1135.77
1619011980	635156923	-1164.83	-1090.15	-1141.18
1619011980	645097368	-1170.24	-1095.56	-1146.58
1619011980	654995220	-1175.65	-1100.97	-1152
1619011980	665322503	-1181.08	-1106.39	-1157.42
1619011980	675373884	-1186.5	-1111.82	-1162.85
1619011980	685177930	-1191.94	-1117.26	-1168.29
1619011980	695232541	-1197.38	-1122.7	-1173.73
1619011980	705096583	-1202.83	-1128.15	-1179.18
1619011980	715165298	-1208.29	-1133.61	-1184.64
1619011980	724999488	-1213.76	-1139.08	-1190.1
1619011980	735009543	-1219.23	-1144.55	-1195.57
1619011980	745019214	-1224.7	-1150.02	-1201.05
1619011980	755109981	-1230.19	-1155.51	-1206.54
1619011980	765160477	-1235.68	-1161	-1212.03
1619011980	775193338	-1241.18	-1166.5	-1217.53
1619011980	785068487	-1246.68	-1172	-1223.03
1619011980	795205657	-1252.19	-1177.51	-1228.54
1619011980	805167675	-1257.71	-1183.03	-1234.06
1619011980	815323472	-1263.24	-1188.56	-1239.58
1619011980	825147682	-1268.77	-1194.09	-1245.12
1619011980	835132314	-1274.31	-1199.63	-1250.65
1619011980	845180243	-1279.85	-1205.17	-1256.2
1619011980	855190969	-1285.4	-1210.72	-1261.75
1619011980	864957510	-1290.96	-1216.28	-1267.31
1619011980	875218422	-1296.52	-1221.84	-1272.87
1619011980	885181094	-1302.09	-1227.41	-1278.44
1619011980	895219039	-1307.67	-1232.99	-1284.02
1619011980	905126170	-1313.25	-1238.57	-1289.6
1619011980	915130406	-1318.84	-1244.16	-1295.19
1619011980	925122344	-1324.44	-1249.76	-1300.79
1619011980	935319082	-1330.04	-1255.36	-1306.39
1619011980	945146694	-1335.65	-1260.97	-1312
1619011980	955146514	-1341.26	-1266.58	-1317.61
1619011980	965343834	-1346.88	-1272.2	-1323.23
1619011980	975178416	-1352.51	-1277.83	-1328.86
1619011980	985173369	-1358.15	-1283.47	-1334.49
1619011980	995290151	-1363.79	-1289.11	-1340.13
1619011981	5231399	-1369.43	-1294.75	-1345.78
1619011981	15047148	-1375.08	-1300.4	-1351.43
1619011981	24939714	-1380.74	-1306.06	-1357.09
1619011981	35112055	-1386.41	-1311.73	-1362.76
1619011981	45041022	-1392.08	-1317.4	-1368.43
1619011981	55088434	-1397.76	-1323.08	-1374.1
1619011981	65039859	-1403.44	-1328.76	-1379.79
1619011981	75129444	-1409.13	-1334.45	-1385.47
1619011981	85036374	-1414.82	-1340.14	-1391.17
1619011981	95186535	-1420.52	-1345.84	-1396.87
1619011981	105174541	-1426.23	-1351.55	-1402.58
1619011981	115261345	-1431.94	-1357.26	-1408.29
1619011981	125455998	-1437.66	-1362.98	-1414.01
1619011981	135409106	-1443.39	-1368.71	-1419.73
1619011981	145346711	-1449.12	-1374.44	-1425.46
1619011981	155868696	-1454.85	-1380.17	-1431.2
1619011981	165153013	-1460.59	-1385.91	-1436.94
1619011981	175291274	-1466.34	-1391.66	-1442.69
1619011981	185292525	-1472.1	-1397.42	-1448.44
1619011981	195367284	-1477.86	-1403.18	-1454.2
1619011981	205366548	-1483.62	-1408.94	-1459.97
1619011981	215268597	-1489.39	-1414.71	-1465.74
1619011981	225301088	-1495.17	-1420.49	-1471.52
1619011981	235261756	-1500.95	-1426.27	-1477.3
1619011981	245180061	-1506.74	-1432.06	-1483.09
1619011981	255023281	-1512.53	-1437.85	-1488.88
1619011981	264964375	-1518.33	-1443.65	-1494.68
1619011981	275107316	-1524.14	-1449.46	-1500.48
1619011981	285294970	-1529.95	-1455.27	-1506.29
1619011981	295082999	-1535.76	-1461.08	-1512.11
1619011981	305136930	-1541.58	-1466.9	-1517.93
1619011981	315306196	-1547.41	-1472.73	-1523.76
1619011981	325412685	-1553.24	-1478.56	-1529.59
1619011981	335067836	-1559.08	-1484.4	-1535.43
1619011981	344978045	-1564.92	-1490.24	-1541.27
1619011981	355074110	-1570.77	-1496.09	-1547.12
1619011981	365127510	-1576.63	-1501.95	-1552.97
1619011981	375108078	-1582.48	-1507.8	-1558.83
1619011981	385162970	-1588.35	-1513.67	-1564.7
1619011981	395030626	-1594.22	-1519.54	-1570.57
1619011981	405125457	-1600.09	-1525.41	-1576.44
1619011981	415189047	-1605.97	-1531.29	-1582.32
1619011981	425161897	-1611.86	-1537.18	-1588.21
1619011981	435137597	-1617.75	-1543.07	-1594.1
1619011981	445038551	-1623.65	-1548.97	-1599.99
1619011981	454914512	-1629.55	-1554.87	-1605.9
1619011981	465234821	-1635.45	-1560.77	-1611.8
1619011981	475211516	-1641.37	-1566.69	-1617.71
1619011981	485051635	-1647.28	-1572.6	-1623.63
1619011981	495206452	-1653.2	-1578.52	-1629.55
1619011981	505192543	-1659.13	-1584.45	-1635.48
1619011981	515205311	-1665.06	-1590.38	-1641.41
1619011981	524990059	-1671	-1596.32	-1647.35
1619011981	535653116	-1676.94	-1602.26	-1653.29
1619011981	545093478	-1682.89	-1608.21	-1659.23
1619011981	555310617	-1688.84	-1614.16	-1665.18
1619011981	565124116	-1694.79	-1620.11	-1671.14
1619011981	575281794	-1700.75	-1626.07	-1677.1
1619011981	585354635	-1706.72	-1632.04	-1683.07
1619011981	595252972	-1712.69	-1638.01	-1689.04
1619011981	604935941	-1718.67	-1643.99	-1695.01
1619011981	615297342	-1724.65	-1649.97	-1701
1619011981	625144832	-1730.63	-1655.95	-1706.98
1619011981	635194534	-1736.62	-1661.94	-1712.97
1619011981	645122593	-1742.62	-1667.94	-1718.97
1619011981	655128031	-1748.62	-1673.94	-1724.96
1619011981	665202217	-1754.62	-1679.94	-1730.97
1619011981	675302378	-1760.63	-1685.95	-1736.98
1619011981	685223117	-1766.64	-1691.96	-1742.99
1619011981	695169379	-1772.66	-1697.98	-1749.01
1619011981	705252778	-1778.68	-1704	-1755.03
1619011981	715236292	-1784.71	-1710.03	-1761.06
1619011981	725225918	-1790.74	-1716.06	-1767.09
1619011981	735169604	-1796.78	-1722.1	-1773.13
1619011981	745083089	-1802.82	-1728.14	-1779.17
1619011981	755293780	-1808.86	-1734.18	-1785.21
1619011981	765105200	-1814.91	-1740.23	-1791.26
1619011981	775173462	-1820.97	-1746.29	-1797.32
1619011981	785293493	-1827.03	-1752.35	-1803.37
1619011981	795227318	-1833.09	-1758.41	-1809.44
1619011981	805312228	-1839.16	-1764.48	-1815.5
1619011981	814973850	-1845.23	-1770.55	-1821.58
1619011981	825015745	-1851.3	-1776.62	-1827.65
1619011981	835235610	-1857.38	-1782.7	-1833.73
1619011981	845179607	-1863.47	-1788.79	-1839.82
1619011981	855251275	-1869.56	-1794.88	-1845.9
1619011981	865417440	-1875.65	-1800.97	-1852
1619011981	874261443	-1881.75	-1807.07	-1858.09
1619011981	883911924	-1887.85	-1813.17	-1864.19
1619011981	893737068	-1893.95	-1819.27	-1870.3
1619011981	903625166	-1900.06	-1825.38	-1876.41
1619011981	913647237	-1906.17	-1831.49	-1882.52
1619011981	923652249	-1912.29	-1837.61	-1888.64
1619011981	933622497	-1918.41	-1843.73	-1894.76
1619011981	943997046	-1924.54	-1849.86	-1900.89
1619011981	953904423	-1930.67	-1855.99	-1907.02
1619011981	963753169	-1936.8	-1862.12	-1913.15
1619011981	973789560	-1942.94	-1868.26	-1919.29
1619011981	983820660	-1949.08	-1874.4	-1925.43
1619011981	993875041	-1955.23	-1880.55	-1931.58
1619011982	3679755	-1961.38	-1886.7	-1937.72
1619011982	13743580	-1967.53	-1892.85	-1943.88
1619011982	23759544	-1973.69	-1899.01	-1950.03
1619011982	33890195	-1979.85	-1905.17	-1956.2
1619011982	43972018	-1986.01	-1911.33	-1962.36
1619011982	53710533	-1992.18	-1917.5	-1968.53
1619011982	63732263	-1998.35	-1923.67	-1974.7
1619011982	73692846	-2004.53	-1929.85	-1980.88
1619011982	83763194	-2010.71	-1936.03	-1987.06
1619011982	93700004	-2016.89	-1942.21	-1993.24
1619011982	103738299	-2023.08	-1948.4	-1999.43
1619011982	113829880	-2029.27	-1954.59	-2005.62
1619011982	123925983	-2035.46	-1960.78	-2011.81
1619011982	134038690	-2041.66	-1966.98	-2018.01
1619011982	144073865	-2047.86	-1973.18	-2024.21
1619011982	153875341	-2054.07	-1979.39	-2030.42
1619011982	163841127	-2060.28	-1985.6	-2036.62
1619011982	173919891	-2066.49	-1991.81	-2042.84
1619011982	183653032	-2072.7	-1998.02	-2049.05
1619011982	193881699	-2078.92	-2004.24	-2055.27
1619011982	203786513	-2085.14	-2010.46	-2061.49
1619011982	213676682	-2091.37	-2016.69	-2067.72
1619011982	223565994	-2097.6	-2022.92	-2073.95
1619011982	233797501	-2103.83	-2029.15	-2080.18
1619011982	243678155	-2110.07	-2035.39	-2086.42
1619011982	253594759	-2116.31	-2041.63	-2092.65
1619011982	263648367	-2122.55	-2047.87	-2098.9
1619011982	273702526	-2128.79	-2054.11	-2105.14
1619011982	283647027	-2135.04	-2060.36	-2111.39
1619011982	293927970	-2141.3	-2066.62	-2117.64
1619011982	303877779	-2147.55	-2072.87	-2123.9
1619011982	313824856	-2153.81	-2079.13	-2130.16
1619011982	323741539	-2160.07	-2085.39	-2136.42
1619011982	333829482	-2166.34	-2091.66	-2142.68
1619011982	343791909	-2172.6	-2097.92	-2148.95
1619011982	353626819	-2178.88	-2104.19	-2155.22
1619011982	363739688	-2185.15	-2110.47	-2161.5
1619011982	373706350	-2191.43	-2116.75	-2167.77
1619011982	383661450	-2197.71	-2123.03	-2174.05
1619011982	393667064	-2203.99	-2129.31	-2180.34
1619011982	403609259	-2210.28	-2135.6	-2186.62
1619011982	413900212	-2216.56	-2141.88	-2192.91
1619011982	423631796	-2222.86	-2148.18	-2199.2
1619011982	433526160	-2229.15	-2154.47	-2205.5
1619011982	443578506	-2235.45	-2160.77	-2211.8
1619011982	453643688	-2241.75	-2167.07	-2218.1
1619011982	463672501	-2248.05	-2173.37	-2224.4
1619011982	474089707	-2254.36	-2179.68	-2230.71
1619011982	483925840	-2260.67	-2185.99	-2237.02
1619011982	494347713	-2266.98	-2192.3	-2243.33
1619011982	504983780	-2273.29	-2198.61	-2249.64
1619011982	515102718	-2279.61	-2204.93	-2255.96
1619011982	524946161	-2285.93	-2211.25	-2262.28
1619011982	535022629	-2292.25	-2217.57	-2268.6
1619011982	545097694	-2298.58	-2223.9	-2274.93
1619011982	555027226	-2304.91	-2230.23	-2281.26
1619011982	565069499	-2311.24	-2236.56	-2287.59
1619011982	575145010	-2317.57	-2242.89	-2293.92
1619011982	584972578	-2323.91	-2249.23	-2300.25
1619011982	594872372	-2330.24	-2255.56	-2306.59
1619011982	605177217	-2336.59	-2261.91	-2312.93
1619011982	614845251	-2342.93	-2268.25	-2319.28
1619011982	625191129	-2349.27	-2274.59	-2325.62
1619011982	635138452	-2355.62	-2280.94	-2331.97
1619011982	645014573	-2361.97	-2287.29	-2338.32
1619011982	655172732	-2368.33	-2293.65	-2344.67
1619011982	665137456	-2374.68	-2300	-2351.03
1619011982	675139867	-2381.04	-2306.36	-2357.39
1619011982	684954926	-2387.4	-2312.72	-2363.75
1619011982	695076047	-2393.76	-2319.08	-2370.11
1619011982	705394878	-2400.12	-2325.44	-2376.47
1619011982	714887580	-2406.49	-2331.81	-2382.84
1619011982	724972914	-2412.86	-2338.18	-2389.21
1619011982	735191814	-2419.23	-2344.55	-2395.58
1619011982	745096714	-2425.61	-2350.93	-2401.95
1619011982	755256445	-2431.98	-2357.3	-2408.33
1619011982	765258793	-2438.36	-2363.68	-2414.71
1619011982	775190900	-2444.74	-2370.06	-2421.09
1619011982	785091185	-2451.12	-2376.44	-2427.47
1619011982	795209423	-2457.5	-2382.82	-2433.85
1619011982	805250976	-2463.89	-2389.21	-2440.24
1619011982	815071958	-2470.28	-2395.6	-2446.63
1619011982	825193512	-2476.67	-2401.99	-2453.02
1619011982	835054223	-2483.06	-2408.38	-2459.41
1619011982	845042243	-2489.45	-2414.77	-2465.8
1619011982	855261623	-2495.85	-2421.17	-2472.2
1619011982	865100819	-2502.25	-2427.57	-2478.6
1619011982	875391688	-2508.65	-2433.97	-2485
1619011982	884911124	-2515.05	-2440.37	-2491.4
1619011982	895233151	-2521.45	-2446.77	-2497.8
1619011982	905182862	-2527.86	-2453.18	-2504.21
1619011982	914992486	-2534.27	-2459.58	-2510.61
1619011982	925390683	-2540.67	-2465.99	-2517.02
1619011982	935160608	-2547.08	-2472.4	-2523.43
1619011982	945078145	-2553.5	-2478.82	-2529.84
1619011982	954079185	-2559.91	-2485.23	-2536.26
1619011982	964067777	-2566.33	-2491.65	-2542.67
1619011982	973792236	-2572.74	-2498.06	-2549.09
1619011982	983975992	-2579.16	-2504.48	-2555.51
1619011982	993957826	-2585.58	-2510.9	-2561.93
1619011983	4004045	-2592.01	-2517.33	-2568.35
1619011983	13740760	-2598.43	-2523.75	-2574.78
1619011983	23755269	-2604.85	-2530.17	-2581.2
1619011983	33749827	-2611.28	-2536.6	-2587.63
1619011983	43840327	-2617.71	-2543.03	-2594.06
1619011983	53761433	-2624.14	-2549.46	-2600.49
1619011983	63794556	-2630.57	-2555.89	-2606.92
1619011983	73941550	-2637	-2562.32	-2613.35
1619011983	84389091	-2643.44	-2568.76	-2619.78
1619011983	94967440	-2649.87	-2575.19	-2626.22
1619011983	104978455	-2656.31	-2581.63	-2632.66
1619011983	115315391	-2662.75	-2588.07	-2639.1
1619011983	125302722	-2669.19	-2594.51	-2645.53
1619011983	134998888	-2675.63	-2600.95	-2651.98
1619011983	145731487	-2682.07	-2607.39	-2658.42
1619011983	155094809	-2688.51	-2613.83	-2664.86
1619011983	165051650	-2694.96	-2620.28	-2671.31
1619011983	175347612	-2701.4	-2626.72	-2677.75
1619011983	185209962	-2707.85	-2633.17	-2684.2
1619011983	195027825	-2714.3	-2639.62	-2690.65
1619011983	205083293	-2720.75	-2646.07	-2697.09
1619011983	215073692	-2727.2	-2652.52	-2703.54
1619011983	225157416	-2733.65	-2658.97	-2710
1619011983	235366941	-2740.1	-2665.42	-2716.45
1619011983	245114966	-2746.55	-2671.87	-2722.9
1619011983	255228611	-2753.01	-2678.33	-2729.36
1619011983	265339057	-2759.46	-2684.78	-2735.81
1619011983	275120672	-2765.92	-2691.24	-2742.27
1619011983	285638595	-2772.38	-2697.7	-2748.73
1619011983	295343792	-2778.84	-2704.16	-2755.18
1619011983	305126602	-2785.3	-2710.61	-2761.64
1619011983	315197732	-2791.76	-2717.07	-2768.1
1619011983	325268091	-2798.22	-2723.54	-2774.56
1619011983	335359957	-2804.68	-2730	-2781.03
1619011983	345172899	-2811.14	-2736.46	-2787.49
1619011983	355303367	-2817.6	-2742.92	-2793.95
1619011983	365345196	-2824.07	-2749.39	-2800.42
1619011983	375368643	-2830.53	-2755.85	-2806.88
1619011983	385225115	-2837	-2762.32	-2813.35
1619011983	395256408	-2843.46	-2768.78	-2819.81
1619011983	405329208	-2849.93	-2775.25	-2826.28
1619011983	415155923	-2856.4	-2781.72	-2832.75
1619011983	425371240	-2862.87	-2788.19	-2839.21
1619011983	435267181	-2869.33	-2794.65	-2845.68
1619011983	445158542	-2875.8	-2801.12	-2852.15
1619011983	455292479	-2882.27	-2807.59	-2858.62
1619011983	465195973	-2888.74	-2814.06	-2865.09
1619011983	475140979	-2895.22	-2820.54	-2871.56
1619011983	485911331	-2901.69	-2827.01	-2878.03
1619011983	495687241	-2908.16	-2833.48	-2884.51
1619011983	505752506	-2914.63	-2839.95	-2890.98
1619011983	515734282	-2921.1	-2846.42	-2897.45
1619011983	525173040	-2927.58	-2852.9	-2903.92
1619011983	535137418	-2934.05	-2859.37	-2910.4
1619011983	545699303	-2940.52	-2865.84	-2916.87
1619011983	555365274	-2947	-2872.32	-2923.35
1619011983	565667918	-2953.47	-2878.79	-2929.82
1619011983	575626106	-2959.95	-2885.27	-2936.29
1619011983	585440399	-2966.42	-2891.74	-2942.77
1619011983	595209564	-2972.9	-2898.22	-2949.24
1619011983	605168087	-2979.37	-2904.69	-2955.72
1619011983	615163466	-2985.85	-2911.17	-2962.2
1619011983	625268221	-2992.32	-2917.64	-2968.67
1619011983	635666663	-2998.8	-2924.12	-2975.15
1619011983	645181439	-3005.28	-2930.6	-2981.62
1619011983	655287150	-3011.75	-2937.07	-2988.1
1619011983	665209133	-3018.23	-2943.55	-2994.58
1619011983	675254023	-3024.7	-2950.02	-3001.05
1619011983	685147305	-3031.18	-2956.5	-3007.53
1619011983	695306101	-3037.66	-2962.98	-3014
1619011983	705819414	-3044.13	-2969.45	-3020.48
1619011983	715298449	-3050.61	-2975.93	-3026.96
1619011983	725233776	-3057.08	-2982.4	-3033.43
1619011983	735228331	-3063.56	-2988.88	-3039.91
1619011983	745295314	-3070.04	-2995.36	-3046.38
1619011983	754958775	-3076.51	-3001.83	-3052.86
1619011983	765126690	-3082.99	-3008.31	-3059.34
1619011983	775142850	-3089.46	-3014.78	-3065.81
1619011983	785193468	-3095.94	-3021.26	-3072.29
1619011983	795230297	-3102.41	-3027.73	-3078.76
1619011983	805087548	-3108.89	-3034.21	-3085.24
1619011983	815226637	-3115.36	-3040.68	-3091.71
1619011983	825592248	-3121.84	-3047.16	-3098.18
1619011983	835189084	-3128.31	-3053.63	-3104.66
1619011983	845018716	-3134.78	-3060.1	-3111.13
1619011983	855515612	-3141.26	-3066.58	-3117.6
1619011983	865200461	-3147.73	-3073.05	-3124.08
1619011983	875442682	-3154.2	-3079.52	-3130.55
1619011983	885247225	-3160.67	-3085.99	-3137.02
1619011983	895195839	-3167.14	-3092.46	-3143.49
1619011983	905784598	-3173.62	-3098.94	-3149.96
1619011983	915129851	-3180.09	-3105.41	-3156.43
1619011983	925312604	-3186.56	-3111.88	-3162.9
1619011983	935226034	-3193.02	-3118.34	-3169.37
1619011983	945363444	-3199.49	-3124.81	-3175.84
1619011983	955121604	-3205.96	-3131.28	-3182.31
1619011983	965112240	-3212.43	-3137.75	-3188.78
1619011983	975029951	-3218.9	-3144.22	-3195.24
1619011983	985058288	-3225.36	-3150.68	-3201.71
1619011983	995167287	-3231.83	-3157.15	-3208.18
1619011984	5129918	-3238.29	-3163.61	-3214.64
1619011984	15246621	-3244.76	-3170.08	-3221.1
1619011984	25239782	-3251.22	-3176.54	-3227.57
1619011984	34986689	-3257.68	-3183	-3234.03
1619011984	45311264	-3264.14	-3189.46	-3240.49
1619011984	55219299	-3270.6	-3195.92	-3246.95
1619011984	65030202	-3277.06	-3202.38	-3253.41
1619011984	75364827	-3283.52	-3208.84	-3259.87
1619011984	85322052	-3289.98	-3215.3	-3266.33
1619011984	95048629	-3296.44	-3221.76	-3272.79
1619011984	105687010	-3302.9	-3228.22	-3279.24
1619011984	115211445	-3309.35	-3234.67	-3285.7
1619011984	125196233	-3315.81	-3241.13	-3292.15
1619011984	135591524	-3322.26	-3247.58	-3298.61
1619011984	145093132	-3328.71	-3254.03	-3305.06
1619011984	155223255	-3335.16	-3260.48	-3311.51
1619011984	165450032	-3341.61	-3266.93	-3317.96
1619011984	175190835	-3348.06	-3273.38	-3324.41
1619011984	185082472	-3354.51	-3279.83	-3330.86
1619011984	195376115	-3360.96	-3286.28	-3337.3
1619011984	205249673	-3367.4	-3292.72	-3343.75
1619011984	215290985	-3373.85	-3299.17	-3350.19
1619011984	225253483	-3380.29	-3305.61	-3356.64
1619011984	235268892	-3386.73	-3312.05	-3363.08
1619011984	245318129	-3393.17	-3318.49	-3369.52
1619011984	255263750	-3399.61	-3324.93	-3375.96
1619011984	265548415	-3406.05	-3331.37	-3382.4
1619011984	275273569	-3412.49	-3337.81	-3388.83
1619011984	285427552	-3418.92	-3344.24	-3395.27
1619011984	295218193	-3425.36	-3350.68	-3401.7
1619011984	305203004	-3431.79	-3357.11	-3408.14
1619011984	315130831	-3438.22	-3363.54	-3414.57
1619011984	325394574	-3444.65	-3369.97	-3421
1619011984	335162362	-3451.08	-3376.4	-3427.43
1619011984	345113541	-3457.51	-3382.83	-3433.85
1619011984	355436345	-3463.93	-3389.25	-3440.28
1619011984	365035130	-3470.35	-3395.67	-3446.7
1619011984	375377104	-3476.78	-3402.1	-3453.12
1619011984	385200725	-3483.2	-3408.52	-3459.54
1619011984	395064790	-3489.62	-3414.94	-3465.96
1619011984	405849612	-3496.03	-3421.35	-3472.38
1619011984	415804203	-3502.45	-3427.77	-3478.8
1619011984	425122198	-3508.86	-3434.18	-3485.21
1619011984	435172549	-3515.28	-3440.6	-3491.62
1619011984	445362401	-3521.69	-3447.01	-3498.03
1619011984	455177413	-3528.09	-3453.41	-3504.44
1619011984	465231764	-3534.5	-3459.82	-3510.85
1619011984	475800037	-3540.91	-3466.23	-3517.25
1619011984	485079577	-3547.31	-3472.63	-3523.66
1619011984	495409820	-3553.71	-3479.03	-3530.06
1619011984	505644375	-3560.11	-3485.43	-3536.46
1619011984	515414550	-3566.51	-3491.83	-3542.86
1619011984	525251881	-3572.91	-3498.23	-3549.25
1619011984	536529231	-3579.3	-3504.62	-3555.65
1619011984	545689816	-3585.69	-3511.01	-3562.04
1619011984	555780106	-3592.08	-3517.4	-3568.43
1619011984	565169883	-3598.47	-3523.79	-3574.82
1619011984	575162222	-3604.86	-3530.18	-3581.2
1619011984	585136910	-3611.24	-3536.56	-3587.59
1619011984	595210889	-3617.62	-3542.94	-3593.97
1619011984	605390850	-3624	-3549.32	-3600.35
1619011984	615122757	-3630.38	-3555.7	-3606.73
1619011984	625428882	-3636.75	-3562.07	-3613.1
1619011984	635326099	-3643.13	-3568.45	-3619.48
1619011984	645144873	-3649.5	-3574.82	-3625.85
1619011984	655239695	-3655.87	-3581.19	-3632.22
1619011984	665105591	-3662.23	-3587.55	-3638.58
1619011984	675416279	-3668.6	-3593.92	-3644.95
1619011984	685237899	-3674.96	-3600.28	-3651.31
1619011984	695364151	-3681.32	-3606.64	-3657.67
1619011984	705153579	-3687.68	-3613	-3664.03
1619011984	715299911	-3694.03	-3619.35	-3670.38
1619011984	725158866	-3700.39	-3625.71	-3676.73
1619011984	735209462	-3706.74	-3632.06	-3683.08
1619011984	745617199	-3713.09	-3638.41	-3689.43
1619011984	755169205	-3719.43	-3644.75	-3695.78
1619011984	765193205	-3725.77	-3651.09	-3702.12
1619011984	775346908	-3732.11	-3657.43	-3708.46
1619011984	785300525	-3738.45	-3663.77	-3714.8
1619011984	795425770	-3744.79	-3670.11	-3721.14
1619011984	805181327	-3751.12	-3676.44	-3727.47
1619011984	815627197	-3757.45	-3682.77	-3733.8
1619011984	825311135	-3763.78	-3689.1	-3740.13
1619011984	835245162	-3770.11	-3695.43	-3746.45
1619011984	845260689	-3776.43	-3701.75	-3752.78
1619011984	855405912	-3782.75	-3708.07	-3759.1
1619011984	865364794	-3789.06	-3714.38	-3765.41
1619011984	875234732	-3795.38	-3720.7	-3771.73
1619011984	885147008	-3801.69	-3727.01	-3778.04
1619011984	895185405	-3808	-3733.32	-3784.35
1619011984	905482875	-3814.31	-3739.63	-3790.65
1619011984	915166425	-3820.61	-3745.93	-3796.96
1619011984	925195100	-3826.91	-3752.23	-3803.26
1619011984	935118425	-3833.21	-3758.53	-3809.56
1619011984	945321029	-3839.5	-3764.82	-3815.85
1619011984	955266879	-3845.8	-3771.11	-3822.14
1619011984	965050734	-3852.08	-3777.4	-3828.43
1619011984	975401063	-3858.37	-3783.69	-3834.72
1619011984	985986498	-3864.65	-3789.97	-3841
1619011984	995228371	-3870.93	-3796.25	-3847.28
1619011985	5515274	-3877.21	-3802.53	-3853.56
1619011985	15193739	-3883.48	-3808.8	-3859.83
1619011985	25244203	-3889.76	-3815.08	-3866.1
1619011985	35298930	-3896.02	-3821.34	-3872.37
1619011985	45410778	-3902.29	-3827.61	-3878.64
1619011985	55305954	-3908.55	-3833.87	-3884.9
1619011985	65223228	-3914.81	-3840.13	-3891.16
1619011985	75286831	-3921.06	-3846.38	-3897.41
1619011985	85473091	-3927.32	-3852.64	-3903.66
1619011985	95191763	-3933.56	-3858.88	-3909.91
1619011985	105421608	-3939.81	-3865.13	-3916.16
1619011985	115273725	-3946.05	-3871.37	-3922.4
1619011985	125104134	-3952.29	-3877.61	-3928.64
1619011985	135277575	-3958.53	-3883.85	-3934.88
1619011985	145227910	-3964.76	-3890.08	-3941.11
1619011985	154915988	-3970.99	-3896.31	-3947.34
1619011985	165344203	-3977.22	-3902.53	-3953.56
1619011985	175246221	-3983.44	-3908.76	-3959.79
1619011985	185239218	-3989.66	-3914.98	-3966
1619011985	195258612	-3995.87	-3921.19	-3972.22
1619011985	205504404	-4002.08	-3927.4	-3978.43
1619011985	215722726	-4008.29	-3933.61	-3984.64
1619011985	225868855	-4014.5	-3939.82	-3990.84
1619011985	235405584	-4020.7	-3946.02	-3997.05
1619011985	245300754	-4026.9	-3952.22	-4003.24
1619011985	255171122	-4033.09	-3958.41	-4009.44
1619011985	265382331	-4039.28	-3964.6	-4015.63
1619011985	275469905	-4045.47	-3970.79	-4021.82
1619011985	285320600	-4051.65	-3976.97	-4028
1619011985	295197073	-4057.83	-3983.15	-4034.18
1619011985	305188383	-4064.01	-3989.33	-4040.35
1619011985	315235423	-4070.18	-3995.5	-4046.53
1619011985	325494062	-4076.35	-4001.67	-4052.69
1619011985	335406745	-4082.51	-4007.83	-4058.86
1619011985	345259309	-4088.67	-4013.99	-4065.02
1619011985	355384111	-4094.83	-4020.15	-4071.18
1619011985	365221994	-4100.98	-4026.3	-4077.33
1619011985	375080260	-4107.13	-4032.45	-4083.48
1619011985	385261280	-4113.28	-4038.6	-4089.63
1619011985	395673171	-4119.42	-4044.74	-4095.77
1619011985	405190607	-4125.56	-4050.88	-4101.9
1619011985	415211031	-4131.69	-4057.01	-4108.04
1619011985	425167418	-4137.82	-4063.14	-4114.17
1619011985	435358702	-4143.95	-4069.27	-4120.29
1619011985	445326679	-4150.07	-4075.39	-4126.41
1619011985	455362201	-4156.18	-4081.5	-4132.53
1619011985	465070177	-4162.3	-4087.62	-4138.65
1619011985	475293188	-4168.41	-4093.73	-4144.76
1619011985	485380231	-4174.51	-4099.83	-4150.86
1619011985	495150972	-4180.61	-4105.93	-4156.96
1619011985	505432675	-4186.71	-4112.03	-4163.06
1619011985	515238279	-4192.8	-4118.12	-4169.15
1619011985	525181886	-4198.89	-4124.21	-4175.24
1619011985	535193872	-4204.98	-4130.3	-4181.32
1619011985	545087181	-4211.06	-4136.38	-4187.4
1619011985	555154500	-4217.13	-4142.45	-4193.48
1619011985	565590255	-4223.2	-4148.52	-4199.55
1619011985	575084258	-4229.27	-4154.59	-4205.62
1619011985	585402489	-4235.33	-4160.65	-4211.68
1619011985	595830083	-4241.39	-4166.71	-4217.74
1619011985	605758869	-4247.45	-4172.77	-4223.79
1619011985	615622796	-4253.5	-4178.82	-4229.84
1619011985	625140312	-4259.54	-4184.86	-4235.89
1619011985	635755062	-4265.58	-4190.9	-4241.93
1619011985	645216134	-4271.62	-4196.94	-4247.96
1619011985	655205018	-4277.65	-4202.97	-4254
1619011985	665158144	-4283.68	-4209	-4260.02
1619011985	675192882	-4289.7	-4215.02	-4266.05
1619011985	685130227	-4295.72	-4221.04	-4272.06
1619011985	695292607	-4301.73	-4227.05	-4278.08
1619011985	705217805	-4307.74	-4233.06	-4284.09
1619011985	715202556	-4313.74	-4239.06	-4290.09
1619011985	725346148	-4319.74	-4245.06	-4296.09
1619011985	735252779	-4325.74	-4251.06	-4302.08
1619011985	745146917	-4331.73	-4257.05	-4308.07
1619011985	755339767	-4337.71	-4263.03	-4314.06
1619011985	765130911	-4343.69	-4269.01	-4320.04
1619011985	775229596	-4349.67	-4274.99	-4326.02
1619011985	785310779	-4355.64	-4280.96	-4331.99
1619011985	795278618	-4361.6	-4286.92	-4337.95
1619011985	805389342	-4367.57	-4292.89	-4343.91
1619011985	815159700	-4373.52	-4298.84	-4349.87
1619011985	825308258	-4379.47	-4304.79	-4355.82
1619011985	835194174	-4385.42	-4310.74	-4361.77
1619011985	845355713	-4391.36	-4316.68	-4367.71
1619011985	855305744	-4397.3	-4322.62	-4373.65
1619011985	865221416	-4403.23	-4328.55	-4379.58
1619011985	875242189	-4409.16	-4334.48	-4385.5
1619011985	885410722	-4415.08	-4340.4	-4391.43
1619011985	895328500	-4420.99	-4346.31	-4397.34
1619011985	905104959	-4426.91	-4352.23	-4403.25
1619011985	915447306	-4432.81	-4358.13	-4409.16
1619011985	925264363	-4438.71	-4364.03	-4415.06
1619011985	935068656	-4444.61	-4369.93	-4420.96
1619011985	945440459	-4450.5	-4375.82	-4426.85
1619011985	955375701	-4456.39	-4381.7	-4432.73
1619011985	965424838	-4462.27	-4387.59	-4438.61
1619011985	975202724	-4468.14	-4393.46	-4444.49
1619011985	985315213	-4474.01	-4399.33	-4450.36
1619011985	995352794	-4479.87	-4405.19	-4456.22
1619011986	5783604	-4485.73	-4411.05	-4462.08
1619011986	15739827	-4491.59	-4416.91	-4467.94
1619011986	25654253	-4497.44	-4422.76	-4473.78
1619011986	35431569	-4503.28	-4428.6	-4479.63
1619011986	45241584	-4509.12	-4434.44	-4485.46
1619011986	55150030	-4514.95	-4440.27	-4491.3
1619011986	65798016	-4520.78	-4446.1	-4497.12
1619011986	75198024	-4526.6	-4451.92	-4502.94
1619011986	85125767	-4532.41	-4457.73	-4508.76
1619011986	95214059	-4538.22	-4463.54	-4514.57
1619011986	105317963	-4544.03	-4469.35	-4520.38
1619011986	115035355	-4549.83	-4475.15	-4526.17
1619011986	125481130	-4555.62	-4480.94	-4531.97
1619011986	135262295	-4561.41	-4486.73	-4537.76
1619011986	145225429	-4567.19	-4492.51	-4543.54
1619011986	155269315	-4572.97	-4498.29	-4549.32
1619011986	165186120	-4578.74	-4504.06	-4555.09
1619011986	175790655	-4584.5	-4509.82	-4560.85
1619011986	185689382	-4590.26	-4515.58	-4566.61
1619011986	195245379	-4596.02	-4521.34	-4572.36
1619011986	205322898	-4601.76	-4527.08	-4578.11
1619011986	215291424	-4607.51	-4532.83	-4583.85
1619011986	225463484	-4613.24	-4538.56	-4589.59
1619011986	235207187	-4618.97	-4544.29	-4595.32
1619011986	245314520	-4624.7	-4550.02	-4601.05
1619011986	255868762	-4630.42	-4555.74	-4606.76
1619011986	265264186	-4636.13	-4561.45	-4612.48
1619011986	275683175	-4641.84	-4567.16	-4618.18
1619011986	285452012	-4647.54	-4572.86	-4623.89
1619011986	295378923	-4653.23	-4578.55	-4629.58
1619011986	305057354	-4658.92	-4584.24	-4635.27
1619011986	315307616	-4664.6	-4589.92	-4640.95
1619011986	325525412	-4670.28	-4595.6	-4646.63
1619011986	335586386	-4675.95	-4601.27	-4652.3
1619011986	345232234	-4681.62	-4606.94	-4657.96
1619011986	355174469	-4687.27	-4612.59	-4663.62
1619011986	365258695	-4692.93	-4618.25	-4669.27
1619011986	375213149	-4698.57	-4623.89	-4674.92
1619011986	386236554	-4704.21	-4629.53	-4680.56
1619011986	395329201	-4709.85	-4635.17	-4686.19
1619011986	405418957	-4715.47	-4640.79	-4691.82
1619011986	415301085	-4721.1	-4646.42	-4697.44
1619011986	425178559	-4726.71	-4652.03	-4703.06
1619011986	435453971	-4732.32	-4657.64	-4708.67
1619011986	445041847	-4737.92	-4663.24	-4714.27
1619011986	455563710	-4743.52	-4668.84	-4719.87
1619011986	465345024	-4749.11	-4674.43	-4725.46
1619011986	475194428	-4754.69	-4680.01	-4731.04
1619011986	485122783	-4760.27	-4685.59	-4736.62
1619011986	495311464	-4765.84	-4691.16	-4742.19
1619011986	505590431	-4771.4	-4696.72	-4747.75
1619011986	515639934	-4776.96	-4702.28	-4753.31
1619011986	525641674	-4782.51	-4707.83	-4758.86
1619011986	535939314	-4788.05	-4713.37	-4764.4
1619011986	545265773	-4793.59	-4718.91	-4769.94
1619011986	555186058	-4799.12	-4724.44	-4775.47
1619011986	565419016	-4804.65	-4729.97	-4781
1619011986	575374365	-4810.17	-4735.49	-4786.51
1619011986	585434109	-4815.68	-4741	-4792.02
1619011986	595237594	-4821.18	-4746.5	-4797.53
1619011986	605488112	-4826.68	-4752	-4803.03
1619011986	615329550	-4832.17	-4757.49	-4808.52
1619011986	625207423	-4837.65	-4762.97	-4814
1619011986	635291635	-4843.13	-4768.45	-4819.48
1619011986	645322852	-4848.6	-4773.92	-4824.95
1619011986	655455835	-4854.07	-4779.39	-4830.42
1619011986	665149537	-4859.52	-4784.84	-4835.87
1619011986	676537019	-4864.97	-4790.29	-4841.32
1619011986	685210487	-4870.42	-4795.74	-4846.77
1619011986	695201783	-4875.85	-4801.17	-4852.2
1619011986	705087348	-4881.28	-4806.6	-4857.63
1619011986	715272533	-4886.71	-4812.03	-4863.05
1619011986	725333533	-4892.12	-4817.44	-4868.47
1619011986	735252115	-4897.53	-4822.85	-4873.88
1619011986	745146180	-4902.93	-4828.25	-4879.28
1619011986	755514423	-4908.33	-4833.65	-4884.68
1619011986	765217013	-4913.72	-4839.04	-4890.06
1619011986	775412416	-4919.1	-4844.42	-4895.44
1619011986	785383982	-4924.47	-4849.79	-4900.82
1619011986	796559998	-4929.84	-4855.16	-4906.18
1619011986	805404322	-4935.19	-4860.51	-4911.54
1619011986	815431405	-4940.55	-4865.87	-4916.89
1619011986	825424314	-4945.89	-4871.21	-4922.24
1619011986	835207390	-4951.23	-4876.55	-4927.58
1619011986	846757296	-4956.56	-4881.88	-4932.91
1619011986	855363074	-4961.88	-4887.2	-4938.23
1619011986	865167609	-4967.2	-4892.52	-4943.54
1619011986	875296065	-4972.51	-4897.83	-4948.85
1619011986	885440228	-4977.81	-4903.13	-4954.15
1619011986	895190839	-4983.1	-4908.42	-4959.45
1619011986	905240205	-4988.39	-4913.71	-4964.73
1619011986	915471469	-4993.66	-4918.98	-4970.01
1619011986	925128408	-4998.94	-4924.26	-4975.28
1619011986	935366386	-5004.2	-4929.52	-4980.55
1619011986	944976851	-5009.46	-4934.78	-4985.8
1619011986	955224131	-5014.7	-4940.02	-4991.05
1619011986	965327911	-5019.95	-4945.27	-4996.29
1619011986	975250554	-5025.18	-4950.5	-5001.53
1619011986	985352367	-5030.41	-4955.73	-5006.75
1619011986	995190404	-5035.62	-4960.94	-5011.97
1619011987	5620383	-5040.84	-4966.16	-5017.18
1619011987	15844377	-5046.04	-4971.36	-5022.39
1619011987	25259925	-5051.23	-4976.55	-5027.58
1619011987	35298937	-5056.42	-4981.74	-5032.77
1619011987	45335749	-5061.6	-4986.92	-5037.95
1619011987	55207653	-5066.78	-4992.1	-5043.12
1619011987	65429376	-5071.94	-4997.26	-5048.29
1619011987	75332792	-5077.1	-5002.42	-5053.44
1619011987	85439841	-5082.25	-5007.57	-5058.59
1619011987	95830263	-5087.39	-5012.71	-5063.74
1619011987	105746804	-5092.52	-5017.84	-5068.87
1619011987	115179921	-5097.65	-5022.97	-5073.99
1619011987	125167616	-5102.76	-5028.08	-5079.11
1619011987	135134854	-5107.87	-5033.19	-5084.22
1619011987	145214083	-5112.98	-5038.3	-5089.32
1619011987	155252425	-5118.07	-5043.39	-5094.42
1619011987	165198242	-5123.16	-5048.48	-5099.5
1619011987	175231462	-5128.23	-5053.55	-5104.58
1619011987	185294511	-5133.3	-5058.62	-5109.65
1619011987	195194002	-5138.37	-5063.69	-5114.71
1619011987	205362708	-5143.42	-5068.74	-5119.77
1619011987	215450113	-5148.46	-5073.78	-5124.81
1619011987	225193953	-5153.5	-5078.82	-5129.85
1619011987	235588553	-5158.53	-5083.85	-5134.88
1619011987	245688585	-5163.55	-5088.87	-5139.9
1619011987	255755663	-5168.57	-5093.89	-5144.91
1619011987	265208836	-5173.57	-5098.89	-5149.92
1619011987	275298796	-5178.57	-5103.89	-5154.91
1619011987	285333590	-5183.56	-5108.88	-5159.9
1619011987	295525828	-5188.54	-5113.86	-5164.88
1619011987	305665526	-5193.51	-5118.83	-5169.85
1619011987	315430492	-5198.47	-5123.79	-5174.82
1619011987	325234768	-5203.43	-5128.74	-5179.77
1619011987	335277382	-5208.37	-5133.69	-5184.72
1619011987	345144161	-5213.31	-5138.63	-5189.66
1619011987	355469538	-5218.24	-5143.56	-5194.59
1619011987	365136042	-5223.16	-5148.48	-5199.51
1619011987	375478308	-5228.07	-5153.39	-5204.42
1619011987	385327176	-5232.98	-5158.3	-5209.33
1619011987	395406405	-5237.87	-5163.19	-5214.22
1619011987	405537460	-5242.76	-5168.08	-5219.11
1619011987	415504128	-5247.64	-5172.96	-5223.99
1619011987	425299039	-5252.51	-5177.83	-5228.86
1619011987	435555825	-5257.37	-5182.69	-5233.72
1619011987	445316720	-5262.22	-5187.54	-5238.57
1619011987	455353559	-5267.07	-5192.39	-5243.42
1619011987	465611914	-5271.9	-5197.22	-5248.25
1619011987	475314833	-5276.73	-5202.05	-5253.08
1619011987	485142371	-5281.55	-5206.87	-5257.9
1619011987	495377981	-5286.36	-5211.68	-5262.71
1619011987	505145550	-5291.16	-5216.48	-5267.51
1619011987	515497290	-5295.95	-5221.27	-5272.3
1619011987	525418884	-5300.73	-5226.05	-5277.08
1619011987	535538397	-5305.51	-5230.83	-5281.85
1619011987	545734136	-5310.27	-5235.59	-5286.62
1619011987	555814316	-5315.03	-5240.35	-5291.38
1619011987	565235218	-5319.78	-5245.1	-5296.12
1619011987	575202967	-5324.51	-5249.83	-5300.86
1619011987	585720871	-5329.24	-5254.56	-5305.59
1619011987	595422341	-5333.96	-5259.28	-5310.31
1619011987	605337523	-5338.68	-5264	-5315.02
1619011987	617714830	-5343.38	-5268.7	-5319.73
1619011987	625247005	-5348.07	-5273.39	-5324.42
1619011987	635166940	-5352.76	-5278.08	-5329.1
1619011987	645363642	-5357.43	-5282.75	-5333.78
1619011987	655343071	-5362.1	-5287.42	-5338.45
1619011987	665126147	-5366.75	-5292.07	-5343.1
1619011987	675429042	-5371.4	-5296.72	-5347.75
1619011987	685421030	-5376.04	-5301.36	-5352.39
1619011987	695305339	-5380.67	-5305.99	-5357.02
1619011987	705305250	-5385.29	-5310.61	-5361.64
1619011987	715276200	-5389.9	-5315.22	-5366.25
1619011987	725181324	-5394.5	-5319.82	-5370.85
1619011987	735557222	-5399.1	-5324.42	-5375.44
1619011987	745090400	-5403.68	-5329	-5380.03
1619011987	755253745	-5408.25	-5333.57	-5384.6
1619011987	765477054	-5412.82	-5338.14	-5389.16
1619011987	775414359	-5417.37	-5342.69	-5393.72
1619011987	785293258	-5421.92	-5347.24	-5398.27
1619011987	795209942	-5426.45	-5351.77	-5402.8
1619011987	805137367	-5430.98	-5356.3	-5407.33
1619011987	815268478	-5435.5	-5360.82	-5411.85
1619011987	825215718	-5440.01	-5365.32	-5416.35
1619011987	835795952	-5444.5	-5369.82	-5420.85
1619011987	845118671	-5448.99	-5374.31	-5425.34
1619011987	855251451	-5453.47	-5378.79	-5429.82
1619011987	865073838	-5457.94	-5383.26	-5434.29
1619011987	875394309	-5462.4	-5387.72	-5438.75
1619011987	885244658	-5466.85	-5392.17	-5443.2
1619011987	895499568	-5471.29	-5396.61	-5447.64
1619011987	905172159	-5475.72	-5401.04	-5452.07
1619011987	915161008	-5480.14	-5405.46	-5456.49
1619011987	925219455	-5484.55	-5409.87	-5460.9
1619011987	935208261	-5488.95	-5414.27	-5465.3
1619011987	945237093	-5493.35	-5418.67	-5469.69
1619011987	955255277	-5497.73	-5423.05	-5474.08
1619011987	965451435	-5502.1	-5427.42	-5478.45
1619011987	975331682	-5506.46	-5431.78	-5482.81
1619011987	985248696	-5510.82	-5436.13	-5487.16
1619011987	995270890	-5515.16	-5440.48	-5491.51
1619011988	5369268	-5519.49	-5444.81	-5495.84
1619011988	15398176	-5523.81	-5449.13	-5500.16
1619011988	25244277	-5528.13	-5453.45	-5504.47
1619011988	35864263	-5532.43	-5457.75	-5508.78
1619011988	45206545	-5536.72	-5462.04	-5513.07
1619011988	55360127	-5541	-5466.32	-5517.35
1619011988	65357231	-5545.28	-5470.6	-5521.62
1619011988	75269937	-5549.54	-5474.86	-5525.89
1619011988	85507100	-5553.79	-5479.11	-5530.14
1619011988	95192026	-5558.03	-5483.35	-5534.38
1619011988	105359179	-5562.26	-5487.58	-5538.61
1619011988	115619317	-5566.49	-5491.81	-5542.83
1619011988	125356615	-5570.7	-5496.02	-5547.05
1619011988	135387028	-5574.9	-5500.22	-5551.25
1619011988	145916997	-5579.09	-5504.41	-5555.44
1619011988	155460798	-5583.27	-5508.59	-5559.62
1619011988	165813262	-5587.44	-5512.76	-5563.79
1619011988	175360594	-5591.6	-5516.92	-5567.95
1619011988	185335424	-5595.75	-5521.07	-5572.1
1619011988	198076009	-5599.89	-5525.21	-5576.24
1619011988	205113557	-5604.02	-5529.34	-5580.37
1619011988	214571982	-5608.14	-5533.46	-5584.49
1619011988	223991602	-5612.25	-5537.57	-5588.6
1619011988	234014301	-5616.35	-5541.67	-5592.69
1619011988	244348415	-5620.43	-5545.75	-5596.78
1619011988	254053125	-5624.51	-5549.83	-5600.86
1619011988	264153437	-5628.58	-5553.9	-5604.92
1619011988	274092609	-5632.63	-5557.95	-5608.98
1619011988	284036493	-5636.68	-5562	-5613.03
1619011988	293904819	-5640.71	-5566.03	-5617.06
1619011988	303974345	-5644.74	-5570.06	-5621.08
1619011988	314264151	-5648.75	-5574.07	-5625.1
1619011988	324028327	-5652.75	-5578.07	-5629.1
1619011988	333923088	-5656.74	-5582.06	-5633.09
1619011988	344086713	-5660.73	-5586.05	-5637.07
1619011988	354259469	-5664.7	-5590.02	-5641.04
1619011988	364713913	-5668.66	-5593.98	-5645
1619011988	375283725	-5672.61	-5597.93	-5648.95
1619011988	385359721	-5676.54	-5601.86	-5652.89
1619011988	395238752	-5680.47	-5605.79	-5656.82
1619011988	405268429	-5684.39	-5609.71	-5660.74
1619011988	415339482	-5688.29	-5613.61	-5664.64
1619011988	425338213	-5692.19	-5617.51	-5668.54
1619011988	435260060	-5696.07	-5621.39	-5672.42
1619011988	445155475	-5699.95	-5625.27	-5676.29
1619011988	455168474	-5703.81	-5629.13	-5680.16
1619011988	465187848	-5707.66	-5632.98	-5684.01
1619011988	475335105	-5711.5	-5636.82	-5687.85
1619011988	485336681	-5715.33	-5640.65	-5691.68
1619011988	495333257	-5719.15	-5644.47	-5695.49
1619011988	505368857	-5722.95	-5648.27	-5699.3
1619011988	515894577	-5726.75	-5652.07	-5703.1
1619011988	525516984	-5730.53	-5655.85	-5706.88
1619011988	535378041	-5734.31	-5659.63	-5710.66
1619011988	545592780	-5738.07	-5663.39	-5714.42
1619011988	555402493	-5741.82	-5667.14	-5718.17
1619011988	564598795	-5745.56	-5670.88	-5721.91
1619011988	574666625	-5749.29	-5674.61	-5725.64
1619011988	584654005	-5753.01	-5678.33	-5729.35
1619011988	595491669	-5756.71	-5682.03	-5733.06
1619011988	604854711	-5760.41	-5685.73	-5736.76
1619011988	614517853	-5764.09	-5689.41	-5740.44
1619011988	624238646	-5767.76	-5693.08	-5744.11
1619011988	634187337	-5771.43	-5696.75	-5747.77
1619011988	644232480	-5775.07	-5700.39	-5751.42
1619011988	653784007	-5778.71	-5704.03	-5755.06
1619011988	663900439	-5782.34	-5707.66	-5758.69
1619011988	673928005	-5785.95	-5711.27	-5762.3
1619011988	683828885	-5789.56	-5714.88	-5765.91
1619011988	694105514	-5793.15	-5718.47	-5769.5
1619011988	703866745	-5796.73	-5722.05	-5773.08
1619011988	713848578	-5800.3	-5725.62	-5776.65
1619011988	723993328	-5803.86	-5729.18	-5780.2
1619011988	733830497	-5807.4	-5732.72	-5783.75
1619011988	744098575	-5810.94	-5736.26	-5787.28
1619011988	753810660	-5814.46	-5739.78	-5790.81
1619011988	763875214	-5817.97	-5743.29	-5794.32
1619011988	773970641	-5821.47	-5746.79	-5797.82
1619011988	783873608	-5824.96	-5750.28	-5801.31
1619011988	794229707	-5828.43	-5753.75	-5804.78
1619011988	803799264	-5831.9	-5757.22	-5808.24
1619011988	813950876	-5835.35	-5760.67	-5811.7
1619011988	823902224	-5838.79	-5764.11	-5815.14
1619011988	833787578	-5842.22	-5767.54	-5818.57
1619011988	844091318	-5845.63	-5770.95	-5821.98
1619011988	853910958	-5849.04	-5774.36	-5825.39
1619011988	863969543	-5852.43	-5777.75	-5828.78
1619011988	873866599	-5855.81	-5781.13	-5832.16
1619011988	883762847	-5859.18	-5784.5	-5835.53
1619011988	894098781	-5862.54	-5787.86	-5838.89
1619011988	903873534	-5865.88	-5791.2	-5842.23
1619011988	913933706	-5869.22	-5794.54	-5845.57
1619011988	923812092	-5872.54	-5797.86	-5848.89
1619011988	933841432	-5875.85	-5801.17	-5852.19
1619011988	946505706	-5879.14	-5804.46	-5855.49
1619011988	955459350	-5882.43	-5807.75	-5858.78
1619011988	965360425	-5885.7	-5811.02	-5862.05
1619011988	975254034	-5888.96	-5814.28	-5865.31
1619011988	985478472	-5892.21	-5817.53	-5868.56
1619011988	994605332	-5895.45	-5820.77	-5871.79
1619011989	4176685	-5898.67	-5823.99	-5875.02
1619011989	14200807	-5901.88	-5827.2	-5878.23
1619011989	24040975	-5905.08	-5830.4	-5881.43
1619011989	33855770	-5908.27	-5833.59	-5884.62
1619011989	44112201	-5911.44	-5836.76	-5887.79
1619011989	53952943	-5914.6	-5839.92	-5890.95
1619011989	63914808	-5917.75	-5843.07	-5894.1
1619011989	74045672	-5920.89	-5846.21	-5897.24
1619011989	84266542	-5924.02	-5849.34	-5900.36
1619011989	94663465	-5927.13	-5852.45	-5903.48
1619011989	105235953	-5930.23	-5855.55	-5906.58
1619011989	115596166	-5933.32	-5858.64	-5909.67
1619011989	125140891	-5936.39	-5861.71	-5912.74
1619011989	135434270	-5939.46	-5864.78	-5915.8
1619011989	146470945	-5942.51	-5867.83	-5918.85
1619011989	155276000	-5945.54	-5870.86	-5921.89
1619011989	165455175	-5948.57	-5873.89	-5924.92
1619011989	175134789	-5951.58	-5876.9	-5927.93
1619011989	185402624	-5954.58	-5879.9	-5930.93
1619011989	195444808	-5957.57	-5882.89	-5933.92
1619011989	205472277	-5960.54	-5885.86	-5936.89
1619011989	215529860	-5963.5	-5888.82	-5939.85
1619011989	225165405	-5966.45	-5891.77	-5942.8
1619011989	235460269	-5969.39	-5894.71	-5945.74
1619011989	245718034	-5972.31	-5897.63	-5948.66
1619011989	255348734	-5975.22	-5900.54	-5951.57
