time_sec	time_nanosec	joint_velocity_0	joint_velocity_1	joint_velocity_2	joint_velocity_3
1619011977	183223055	0	0	0
1619011977	193164056	0	0	0
1619011977	205704734	0	0	0
1619011977	213583847	0	0	0
1619011977	223337099	0	0	0
1619011977	233153107	0	0	0
1619011977	243097028	0	0	0
1619011977	253146268	0	0	0
1619011977	263149220	0	0	0
1619011977	273093866	0	0	0
1619011977	283203297	0	0	0
1619011977	293233785	0	0	0
1619011977	303201512	0	0	0
1619011977	313247165	0	0	0
1619011977	323316852	0	0	0
1619011977	333306353	0	0	0
1619011977	343407209	0	0	0
1619011977	353251362	0	0	0
1619011977	363494651	0	0	0
1619011977	373455639	0	0	0
1619011977	383459294	0	0	0
1619011977	393540136	0	0	0
1619011977	403385612	0	0	0
1619011977	413435015	0	0	0
1619011977	423431231	0	0	0
1619011977	433406534	0	0	0
1619011977	443459728	0	0	0
1619011977	453350049	0	0	0
1619011977	463384222	0	0	0
1619011977	473479984	0	0	0
1619011977	483456140	0	0	0
1619011977	493371033	0	0	0
1619011977	503350718	0	0	0
1619011977	513310574	0	0	0
1619011977	523399846	0	0	0
1619011977	533461587	0	0	0
1619011977	543418989	0	0	0
1619011977	553409968	0	0	0
1619011977	563427451	0	0	0
1619011977	573438559	0	0	0
1619011977	583487090	0	0	0
1619011977	593364039	0	0	0
1619011977	603294611	0	0	0
1619011977	613447254	0	0	0
1619011977	623293577	0	0	0
1619011977	633389901	0	0	0
1619011977	643338746	0	0	0
1619011977	653338789	0	0	0
1619011977	663304014	0	0	0
1619011977	673350867	0	0	0
1619011977	683265791	0	0	0
1619011977	693349440	0	0	0
1619011977	703290032	0	0	0
1619011977	713363127	0	0	0
1619011977	723347628	0	0	0
1619011977	733377307	0	0	0
1619011977	743361135	0	0	0
1619011977	753466828	0	0	0
1619011977	763418598	0	0	0
1619011977	773414945	0	0	0
1619011977	783281005	0	0	0
1619011977	793318746	0	0	0
1619011977	803267101	0	0	0
1619011977	813354526	0	0	0
1619011977	823301726	0	0	0
1619011977	833399132	0	0	0
1619011977	843459324	0	0	0
1619011977	853384904	0	0	0
1619011977	863388461	0	0	0
1619011977	873413316	0	0	0
1619011977	883390034	0	0	0
1619011977	893375038	0	0	0
1619011977	903367702	0	0	0
1619011977	913510154	0	0	0
1619011977	923344853	0	0	0
1619011977	933404556	0	0	0
1619011977	943323136	0	0	0
1619011977	953346686	0	0	0
1619011977	963391514	0	0	0
1619011977	973351607	0	0	0
1619011977	983471316	0	0	0
1619011977	993435205	0	0	0
1619011978	3335797	0	0	0
1619011978	13508925	0	0	0
1619011978	23294514	0	0	0
1619011978	33308410	0	0	0
1619011978	43280986	0	0	0
1619011978	53406291	0	0	0
1619011978	63316113	0	0	0
1619011978	73264439	0	0	0
1619011978	83224408	0	0	0
1619011978	93312288	0	0	0
1619011978	103467051	0	0	0
1619011978	113257679	0	0	0
1619011978	123250327	0	0	0
1619011978	133357893	0	0	0
1619011978	143311686	0	0	0
1619011978	153395269	0	0	0
1619011978	163363714	0	0	0
1619011978	173445037	0	0	0
1619011978	183365070	0	0	0
1619011978	193466601	0	0	0
1619011978	203479573	0	0	0
1619011978	213521007	0	0	0
1619011978	223366128	0	0	0
1619011978	233412459	0	0	0
1619011978	243371644	0	0	0
1619011978	253336231	0	0	0
1619011978	263384085	0	0	0
1619011978	273429580	0	0	0
1619011978	283364647	0	0	0
1619011978	293373874	0	0	0
1619011978	303354414	0	0	0
1619011978	313487327	0	0	0
1619011978	323445109	0	0	0
1619011978	333327931	0	0	0
1619011978	343375468	0	0	0
1619011978	353372144	0	0	0
1619011978	363354958	0	0	0
1619011978	373293080	0	0	0
1619011978	383344540	0	0	0
1619011978	393448043	0	0	0
1619011978	403369822	0	0	0
1619011978	413433855	0	0	0
1619011978	423330324	0	0	0
1619011978	433483404	0	0	0
1619011978	443257507	0	0	0
1619011978	453400611	0	0	0
1619011978	463452241	0	0	0
1619011978	473454884	0	0	0
1619011978	483414524	0	0	0
1619011978	493385702	0	0	0
1619011978	503337185	0	0	0
1619011978	513391941	0	0	0
1619011978	523378106	0	0	0
1619011978	533411581	0	0	0
1619011978	543433396	0	0	0
1619011978	553371459	0	0	0
1619011978	563507773	0	0	0
1619011978	573438198	0	0	0
1619011978	583331943	0	0	0
1619011978	593293651	0	0	0
1619011978	603466735	0	0	0
1619011978	613298745	0	0	0
1619011978	623493318	0	0	0
1619011978	633339369	0	0	0
1619011978	643319091	0	0	0
1619011978	653337867	0	0	0
1619011978	663443636	0	0	0
1619011978	673254193	0	0	0
1619011978	683363529	0	0	0
1619011978	693519084	0	0	0
1619011978	703307044	0	0	0
1619011978	713385586	0	0	0
1619011978	723484971	0	0	0
1619011978	733387086	0	0	0
1619011978	743521592	0	0	0
1619011978	753478959	0	0	0
1619011978	763374029	0	0	0
1619011978	773360477	0	0	0
1619011978	783283420	0	0	0
1619011978	793425116	0	0	0
1619011978	803268308	0	0	0
1619011978	813396230	0	0	0
1619011978	823250282	0	0	0
1619011978	833498712	0	0	0
1619011978	843395090	0	0	0
1619011978	853297587	0	0	0
1619011978	863259333	0	0	0
1619011978	873316086	0	0	0
1619011978	883291871	0	0	0
1619011978	893437383	0	0	0
1619011978	903279339	0	0	0
1619011978	913377712	0	0	0
1619011978	923433544	0	0	0
1619011978	933529503	0	0	0
1619011978	943362560	0	0	0
1619011978	953374263	0	0	0
1619011978	963412118	0	0	0
1619011978	973377034	0	0	0
1619011978	983366040	0	0	0
1619011978	993353604	0	0	0
1619011979	3398464	0	0	0
1619011979	13384416	0	0	0
1619011979	23370373	0	0	0
1619011979	33413465	0	0	0
1619011979	43278116	0	0	0
1619011979	53434764	0	0	0
1619011979	63463591	0	0	0
1619011979	73478657	0	0	0
1619011979	83358205	0	0	0
1619011979	93340938	0	0	0
1619011979	103524090	0	0	0
1619011979	113340564	0	0	0
1619011979	123374017	0	0	0
1619011979	133593138	0	0	0
1619011979	143391744	0	0	0
1619011979	153434879	0	0	0
1619011979	163569235	0	0	0
1619011979	173637062	0	0	0
1619011979	183357179	0	0	0
1619011979	193392337	0	0	0
1619011979	203351579	0	0	0
1619011979	213368564	0	0	0
1619011979	223349997	0	0	0
1619011979	233362323	0	0	0
1619011979	243592976	0	0	0
1619011979	253355873	0	0	0
1619011979	263595642	0	0	0
1619011979	273649208	0	0	0
1619011979	283469232	0	0	0
1619011979	293541689	0	0	0
1619011979	303606202	0	0	0
1619011979	313420841	0	0	0
1619011979	323429862	0	0	0
1619011979	333358321	0	0	0
1619011979	343456761	0	0	0
1619011979	353533662	0	0	0
1619011979	363639985	0	0	0
1619011979	373553690	0	0	0
1619011979	383510624	0	0	0
1619011979	393522152	0	0	0
1619011979	403491214	0	0	0
1619011979	413357527	0	0	0
1619011979	423486699	0	0	0
1619011979	433445342	0	0	0
1619011979	443396425	0	0	0
1619011979	453412328	0	0	0
1619011979	463282141	0	0	0
1619011979	473492620	0	0	0
1619011979	483225175	0	0	0
1619011979	493345562	0	0	0
1619011979	503449301	0	0	0
1619011979	513430688	0	0	0
1619011979	523357598	0	0	0
1619011979	533389496	0	0	0
1619011979	543530748	0	0	0
1619011979	553482042	0	0	0
1619011979	563549615	0	0	0
1619011979	573378742	0	0	0
1619011979	583306344	0	0	0
1619011979	593451039	0	0	0
1619011979	603297082	0	0	0
1619011979	613288048	0	0	0
1619011979	623469825	0	0	0
1619011979	633503425	0	0	0
1619011979	643393281	0	0	0
1619011979	653515408	0	0	0
1619011979	663424379	0	0	0
1619011979	673317505	0	0	0
1619011979	683315248	0	0	0
1619011979	693437410	0	0	0
1619011979	703381313	0	0	0
1619011979	713409567	0	0	0
1619011979	723407032	0	0	0
1619011979	733398533	0	0	0
1619011979	743367452	0	0	0
1619011979	753375538	0	0	0
1619011979	763405817	0	0	0
1619011979	773416460	0	0	0
1619011979	783407659	0	0	0
1619011979	793387031	0	0	0
1619011979	803383593	0	0	0
1619011979	813323497	0	0	0
1619011979	823403802	0	0	0
1619011979	833337182	0	0	0
1619011979	843312097	0	0	0
1619011979	853264517	0	0	0
1619011979	863404576	0	0	0
1619011979	873370433	0	0	0
1619011979	883301470	0	0	0
1619011979	893429695	0	0	0
1619011979	903310357	0	0	0
1619011979	913310619	0	0	0
1619011979	923578896	0	0	0
1619011979	933320228	0	0	0
1619011979	943338943	0	0	0
1619011979	953549149	0	0	0
1619011979	963282544	0	0	0
1619011979	973318888	0	0	0
1619011979	983397035	0	0	0
1619011979	993496470	0	0	0
1619011980	3313887	0	0	0
1619011980	13423664	0	0	0
1619011980	23380838	0	0	0
1619011980	33331506	0	0	0
1619011980	43403761	0	0	0
1619011980	53464034	0	0	0
1619011980	63353607	0	0	0
1619011980	73621904	0	0	0
1619011980	83302970	0	0	0
1619011980	93430841	0	0	0
1619011980	103264812	0	0	0
1619011980	113348133	0	0	0
1619011980	123430197	0	0	0
1619011980	133596428	0	0	0
1619011980	143415279	0	0	0
1619011980	153575028	0	0	0
1619011980	163266395	0	0	0
1619011980	173322135	0	0	0
1619011980	183157548	0	0	0
1619011980	193139745	0	0	0
1619011980	203209243	0	0	0
1619011980	213227369	0	0	0
1619011980	223311365	0	0	0
1619011980	233340873	0	0	0
1619011980	243520999	0	0	0
1619011980	253412655	0	0	0
1619011980	263517461	0	0	0
1619011980	273303604	0	0	0
1619011980	283336989	0	0	0
1619011980	293336914	0	0	0
1619011980	303366875	0	0	0
1619011980	313436192	0	0	0
1619011980	323518343	0	0	0
1619011980	333357981	0	0	0
1619011980	343491255	0	0	0
1619011980	353302277	0	0	0
1619011980	363449340	0	0	0
1619011980	373458248	0	0	0
1619011980	383520604	0	0	0
1619011980	393477103	0	0	0
1619011980	403296160	0	0	0
1619011980	413482146	0	0	0
1619011980	423271680	0	0	0
1619011980	433624546	0	0	0
1619011980	443438881	0	0	0
1619011980	453398169	0	0	0
1619011980	463411349	0	0	0
1619011980	473383405	0	0	0
1619011980	483400161	0	0	0
1619011980	493441080	0	0	0
1619011980	503396621	0	0	0
1619011980	513327478	0	0	0
1619011980	523448619	0	0	0
1619011980	533392791	0	0	0
1619011980	543370984	0	0	0
1619011980	553407264	0	0	0
1619011980	563279623	0	0	0
1619011980	573540202	0	0	0
1619011980	583472113	0	0	0
1619011980	593627328	0	0	0
1619011980	603427434	0	0	0
1619011980	613462024	0	0	0
1619011980	623401314	0	0	0
1619011980	633324553	0	0	0
1619011980	643372702	0	0	0
1619011980	653353140	0	0	0
1619011980	663502328	0	0	0
1619011980	673483806	0	0	0
1619011980	683340564	0	0	0
1619011980	693373018	0	0	0
1619011980	703481904	0	0	0
1619011980	713501803	0	0	0
1619011980	723503457	0	0	0
1619011980	733385402	0	0	0
1619011980	743409599	0	0	0
1619011980	753454004	0	0	0
1619011980	763536454	0	0	0
1619011980	773333751	0	0	0
1619011980	783411100	0	0	0
1619011980	793478878	0	0	0
1619011980	803417164	0	0	0
1619011980	813530010	0	0	0
1619011980	823374138	0	0	0
1619011980	833377733	0	0	0
1619011980	843272554	0	0	0
1619011980	853399330	0	0	0
1619011980	863410044	0	0	0
1619011980	873348472	0	0	0
1619011980	883450819	0	0	0
1619011980	893392125	0	0	0
1619011980	903452425	0	0	0
1619011980	913476255	0	0	0
1619011980	923472201	0	0	0
1619011980	933549706	0	0	0
1619011980	943396922	0	0	0
1619011980	953447195	0	0	0
1619011980	963369767	0	0	0
1619011980	973452041	0	0	0
1619011980	983456582	0	0	0
1619011980	993370584	0	0	0
1619011981	3536770	0	0	0
1619011981	13415868	0	0	0
1619011981	23316987	0	0	0
1619011981	33500268	0	0	0
1619011981	43429241	0	0	0
1619011981	53420493	0	0	0
1619011981	63566048	0	0	0
1619011981	73404619	0	0	0
1619011981	83420208	0	0	0
1619011981	93466442	0	0	0
1619011981	103333650	0	0	0
1619011981	113531638	0	0	0
1619011981	123626475	0	0	0
1619011981	133459619	0	0	0
1619011981	143519349	0	0	0
1619011981	153568356	0	0	0
1619011981	163347849	0	0	0
1619011981	173524063	0	0	0
1619011981	183447761	0	0	0
1619011981	193599121	0	0	0
1619011981	203528674	0	0	0
1619011981	213374393	0	0	0
1619011981	223331749	0	0	0
1619011981	233320446	0	0	0
1619011981	243333253	0	0	0
1619011981	253397296	0	0	0
1619011981	263257067	0	0	0
1619011981	273461885	0	0	0
1619011981	283353016	0	0	0
1619011981	293451127	0	0	0
1619011981	303446903	0	0	0
1619011981	313390421	0	0	0
1619011981	323429391	0	0	0
1619011981	333451069	0	0	0
1619011981	343371584	0	0	0
1619011981	353475895	0	0	0
1619011981	363624295	0	0	0
1619011981	373419824	0	0	0
1619011981	383441554	0	0	0
1619011981	393446981	0	0	0
1619011981	403507932	0	0	0
1619011981	413430816	0	0	0
1619011981	423270463	0	0	0
1619011981	433517610	0	0	0
1619011981	443512957	0	0	0
1619011981	453388689	0	0	0
1619011981	463320738	0	0	0
1619011981	473311444	0	0	0
1619011981	483373182	0	0	0
1619011981	493351078	0	0	0
1619011981	503407333	0	0	0
1619011981	513498185	0	0	0
1619011981	523378144	0	0	0
1619011981	533496024	0	0	0
1619011981	543391719	0	0	0
1619011981	553506713	0	0	0
1619011981	563419525	0	0	0
1619011981	573553752	0	0	0
1619011981	583566215	0	0	0
1619011981	593514265	0	0	0
1619011981	603374877	0	0	0
1619011981	613377170	0	0	0
1619011981	623407018	0	0	0
1619011981	633583793	0	0	0
1619011981	643354067	0	0	0
1619011981	653589322	0	0	0
1619011981	663292106	0	0	0
1619011981	673477784	0	0	0
1619011981	683324411	0	0	0
1619011981	693515072	0	0	0
1619011981	703564141	0	0	0
1619011981	713585076	0	0	0
1619011981	723482532	0	0	0
1619011981	733470048	0	0	0
1619011981	743447582	0	0	0
1619011981	753538837	0	0	0
1619011981	763292137	0	0	0
1619011981	773550191	0	0	0
1619011981	783323586	0	0	0
1619011981	793413097	0	0	0
1619011981	803348694	0	0	0
1619011981	813414486	0	0	0
1619011981	823436982	0	0	0
1619011981	833369101	0	0	0
1619011981	843322655	0	0	0
1619011981	853511976	0	0	0
1619011981	863369479	0	0	0
1619011981	873243753	0	0	0
1619011981	883289989	0	0	0
1619011981	893221546	0	0	0
1619011981	903182501	0	0	0
1619011981	913164463	0	0	0
1619011981	923152344	0	0	0
1619011981	933152397	0	0	0
1619011981	943173431	0	0	0
1619011981	953183502	0	0	0
1619011981	963182301	0	0	0
1619011981	973184126	0	0	0
1619011981	983124787	0	0	0
1619011981	993184263	0	0	0
1619011982	3130574	0	0	0
1619011982	13151281	0	0	0
1619011982	23234913	0	0	0
1619011982	33204975	0	0	0
1619011982	43203959	0	0	0
1619011982	53120294	0	0	0
1619011982	63086743	0	0	0
1619011982	73108711	0	0	0
1619011982	83104937	0	0	0
1619011982	93082616	0	0	0
1619011982	103139774	0	0	0
1619011982	113137869	0	0	0
1619011982	123132551	0	0	0
1619011982	133362446	0	0	0
1619011982	143198781	0	0	0
1619011982	153251122	0	0	0
1619011982	163121091	0	0	0
1619011982	173206726	0	0	0
1619011982	183092007	0	0	0
1619011982	193238153	0	0	0
1619011982	203134028	0	0	0
1619011982	213104032	0	0	0
1619011982	223065659	0	0	0
1619011982	233214726	0	0	0
1619011982	243109600	0	0	0
1619011982	253068639	0	0	0
1619011982	263095234	0	0	0
1619011982	273073170	0	0	0
1619011982	283131695	0	0	0
1619011982	293162844	0	0	0
1619011982	303172765	0	0	0
1619011982	313234351	0	0	0
1619011982	323087967	0	0	0
1619011982	333289134	0	0	0
1619011982	343257461	0	0	0
1619011982	353153978	0	0	0
1619011982	363136358	0	0	0
1619011982	373136184	0	0	0
1619011982	383107325	0	0	0
1619011982	393105226	0	0	0
1619011982	403091628	0	0	0
1619011982	413260110	0	0	0
1619011982	423048282	0	0	0
1619011982	433128679	0	0	0
1619011982	443094121	0	0	0
1619011982	453221412	0	0	0
1619011982	463082546	0	0	0
1619011982	473110615	0	0	0
1619011982	483140640	0	0	0
1619011982	493224601	0	0	0
1619011982	503406534	0	0	0
1619011982	513318098	0	0	0
1619011982	523532047	0	0	0
1619011982	533529919	0	0	0
1619011982	543500001	0	0	0
1619011982	553545261	0	0	0
1619011982	563420660	0	0	0
1619011982	573524685	0	0	0
1619011982	583379948	0	0	0
1619011982	593378905	0	0	0
1619011982	603392654	0	0	0
1619011982	613312636	0	0	0
1619011982	623342483	0	0	0
1619011982	633405494	0	0	0
1619011982	643448443	0	0	0
1619011982	653524333	0	0	0
1619011982	663332911	0	0	0
1619011982	673420301	0	0	0
1619011982	683384164	0	0	0
1619011982	693411341	0	0	0
1619011982	703561366	0	0	0
1619011982	713334687	0	0	0
1619011982	723371157	0	0	0
1619011982	733318310	0	0	0
1619011982	743503156	0	0	0
1619011982	753484509	0	0	0
1619011982	763356229	0	0	0
1619011982	773354893	0	0	0
1619011982	783407520	0	0	0
1619011982	793413749	0	0	0
1619011982	803358600	0	0	0
1619011982	813334410	0	0	0
1619011982	823541879	0	0	0
1619011982	833436618	0	0	0
1619011982	843401951	0	0	0
1619011982	853646998	0	0	0
1619011982	863526250	0	0	0
1619011982	873337785	0	0	0
1619011982	883321355	0	0	0
1619011982	893356417	0	0	0
1619011982	903393144	0	0	0
1619011982	913368716	0	0	0
1619011982	923339745	0	0	0
1619011982	933519775	0	0	0
1619011982	943399318	0	0	0
1619011982	953222831	0	0	0
1619011982	963261393	0	0	0
1619011982	973118361	0	0	0
1619011982	983167029	0	0	0
1619011982	993259353	0	0	0
1619011983	3315215	0	0	0
1619011983	13170716	0	0	0
1619011983	23046903	0	0	0
1619011983	33163314	0	0	0
1619011983	43138808	0	0	0
1619011983	53111177	0	0	0
1619011983	63193850	0	0	0
1619011983	73138278	0	0	0
1619011983	83262128	0	0	0
1619011983	93527957	0	0	0
1619011983	103399643	0	0	0
1619011983	113486942	0	0	0
1619011983	123517538	0	0	0
1619011983	133302701	0	0	0
1619011983	143569951	0	0	0
1619011983	153469355	0	0	0
1619011983	163420634	0	0	0
1619011983	173390617	0	0	0
1619011983	183377892	0	0	0
1619011983	193349380	0	0	0
1619011983	203395084	0	0	0
1619011983	213376251	0	0	0
1619011983	223464831	0	0	0
1619011983	233561519	0	0	0
1619011983	243354384	0	0	0
1619011983	253382438	0	0	0
1619011983	263368563	0	0	0
1619011983	273443770	0	0	0
1619011983	283459014	0	0	0
1619011983	293383762	0	0	0
1619011983	303329958	0	0	0
1619011983	313353034	0	0	0
1619011983	323565562	0	0	0
1619011983	333369078	0	0	0
1619011983	343465046	0	0	0
1619011983	353591274	0	0	0
1619011983	363553226	0	0	0
1619011983	373562169	0	0	0
1619011983	383520192	0	0	0
1619011983	393470000	0	0	0
1619011983	403325694	0	0	0
1619011983	413319575	0	0	0
1619011983	423521745	0	0	0
1619011983	433331703	0	0	0
1619011983	443514371	0	0	0
1619011983	453590524	0	0	0
1619011983	463566490	0	0	0
1619011983	473493314	0	0	0
1619011983	483523843	0	0	0
1619011983	493561035	0	0	0
1619011983	503466520	0	0	0
1619011983	513393690	0	0	0
1619011983	523557074	0	0	0
1619011983	533389088	0	0	0
1619011983	543461232	0	0	0
1619011983	553395797	0	0	0
1619011983	563322519	0	0	0
1619011983	573515537	0	0	0
1619011983	583326349	0	0	0
1619011983	593450840	0	0	0
1619011983	603390161	0	0	0
1619011983	613451247	0	0	0
1619011983	623594781	0	0	0
1619011983	633388443	0	0	0
1619011983	643452528	0	0	0
1619011983	653568328	0	0	0
1619011983	663495143	0	0	0
1619011983	673584929	0	0	0
1619011983	683513374	0	0	0
1619011983	693388255	0	0	0
1619011983	703386823	0	0	0
1619011983	713586504	0	0	0
1619011983	723452256	0	0	0
1619011983	733540008	0	0	0
1619011983	743370523	0	0	0
1619011983	753402694	0	0	0
1619011983	763446504	0	0	0
1619011983	773471703	0	0	0
1619011983	783539521	0	0	0
1619011983	793571185	0	0	0
1619011983	803498025	0	0	0
1619011983	813608653	0	0	0
1619011983	823464258	0	0	0
1619011983	833423524	0	0	0
1619011983	843417120	0	0	0
1619011983	853477003	0	0	0
1619011983	863497450	0	0	0
1619011983	873504662	0	0	0
1619011983	883419638	0	0	0
1619011983	893457276	0	0	0
1619011983	903506731	0	0	0
1619011983	913462022	0	0	0
1619011983	923428185	0	0	0
1619011983	933553775	0	0	0
1619011983	943569651	0	0	0
1619011983	953463849	0	0	0
1619011983	963561118	0	0	0
1619011983	973374349	0	0	0
1619011983	983452884	0	0	0
1619011983	993468539	0	0	0
1619011984	3418882	0	0	0
1619011984	13494941	0	0	0
1619011984	23492938	0	0	0
1619011984	33375679	0	0	0
1619011984	43362511	0	0	0
1619011984	53456720	0	0	0
1619011984	63549458	0	0	0
1619011984	73419058	0	0	0
1619011984	83359506	0	0	0
1619011984	93404706	0	0	0
1619011984	103544290	0	0	0
1619011984	113444273	0	0	0
1619011984	123464347	0	0	0
1619011984	133572680	0	0	0
1619011984	143415365	0	0	0
1619011984	153566949	0	0	0
1619011984	163557463	0	0	0
1619011984	173497158	0	0	0
1619011984	183406847	0	0	0
1619011984	193574064	0	0	0
1619011984	203439634	0	0	0
1619011984	213568585	0	0	0
1619011984	223497831	0	0	0
1619011984	233382274	0	0	0
1619011984	243582990	0	0	0
1619011984	253555264	0	0	0
1619011984	263443075	0	0	0
1619011984	273561246	0	0	0
1619011984	283489297	0	0	0
1619011984	293461199	0	0	0
1619011984	303513417	0	0	0
1619011984	313441067	0	0	0
1619011984	323370808	0	0	0
1619011984	333613871	0	0	0
1619011984	343480908	0	0	0
1619011984	353396902	0	0	0
1619011984	363411203	0	0	0
1619011984	373576744	0	0	0
1619011984	383419973	0	0	0
1619011984	393466664	0	0	0
1619011984	403417229	0	0	0
1619011984	413420349	0	0	0
1619011984	423510088	0	0	0
1619011984	433484128	0	0	0
1619011984	443595644	0	0	0
1619011984	453425311	0	0	0
1619011984	463356950	0	0	0
1619011984	473663652	0	0	0
1619011984	483440616	0	0	0
1619011984	493452119	0	0	0
1619011984	503375162	0	0	0
1619011984	513407506	0	0	0
1619011984	523467884	0	0	0
1619011984	533456907	0	0	0
1619011984	543535850	0	0	0
1619011984	553464352	0	0	0
1619011984	563545563	0	0	0
1619011984	573435268	0	0	0
1619011984	583440987	0	0	0
1619011984	593550922	0	0	0
1619011984	603419960	0	0	0
1619011984	613459756	0	0	0
1619011984	623617092	0	0	0
1619011984	633602485	0	0	0
1619011984	643518315	0	0	0
1619011984	653510805	0	0	0
1619011984	663454938	0	0	0
1619011984	673434963	0	0	0
1619011984	683531454	0	0	0
1619011984	693348185	0	0	0
1619011984	703491851	0	0	0
1619011984	713570778	0	0	0
1619011984	723339277	0	0	0
1619011984	733472741	0	0	0
1619011984	743664400	0	0	0
1619011984	753514881	0	0	0
1619011984	763459920	0	0	0
1619011984	773604545	0	0	0
1619011984	783416717	0	0	0
1619011984	793544462	0	0	0
1619011984	803454649	0	0	0
1619011984	813434897	0	0	0
1619011984	823502144	0	0	0
1619011984	833621749	0	0	0
1619011984	843549167	0	0	0
1619011984	853676576	0	0	0
1619011984	863578856	0	0	0
1619011984	873423492	0	0	0
1619011984	883512624	0	0	0
1619011984	893408750	0	0	0
1619011984	903624244	0	0	0
1619011984	913587059	0	0	0
1619011984	923463775	0	0	0
1619011984	933453831	0	0	0
1619011984	943433907	0	0	0
1619011984	953516087	0	0	0
1619011984	963438254	0	0	0
1619011984	973500987	0	0	0
1619011984	983514642	0	0	0
1619011984	993517533	0	0	0
1619011985	3521723	0	0	0
1619011985	13492066	0	0	0
1619011985	23558502	0	0	0
1619011985	33410208	0	0	0
1619011985	43661960	0	0	0
1619011985	53442503	0	0	0
1619011985	63380237	0	0	0
1619011985	73388920	0	0	0
1619011985	83409236	0	0	0
1619011985	93511883	0	0	0
1619011985	103438271	0	0	0
1619011985	113404363	0	0	0
1619011985	123460380	0	0	0
1619011985	133468636	0	0	0
1619011985	143342999	0	0	0
1619011985	153425086	0	0	0
1619011985	163368083	0	0	0
1619011985	173655053	0	0	0
1619011985	183545373	0	0	0
1619011985	193491773	0	0	0
1619011985	203426186	0	0	0
1619011985	213593652	0	0	0
1619011985	223462662	0	0	0
1619011985	233450651	0	0	0
1619011985	243422672	0	0	0
1619011985	253402040	0	0	0
1619011985	263624713	0	0	0
1619011985	273441108	0	0	0
1619011985	283560680	0	0	0
1619011985	293468968	0	0	0
1619011985	303521798	0	0	0
1619011985	313396870	0	0	0
1619011985	323620491	0	0	0
1619011985	333668863	0	0	0
1619011985	343381821	0	0	0
1619011985	353415415	0	0	0
1619011985	363471382	0	0	0
1619011985	373407497	0	0	0
1619011985	383586057	0	0	0
1619011985	393407085	0	0	0
1619011985	403493835	0	0	0
1619011985	413527111	0	0	0
1619011985	423428587	0	0	0
1619011985	433666639	0	0	0
1619011985	443491928	0	0	0
1619011985	453479662	0	0	0
1619011985	463519113	0	0	0
1619011985	473604956	0	0	0
1619011985	483550425	0	0	0
1619011985	493526147	0	0	0
1619011985	503362836	0	0	0
1619011985	513563538	0	0	0
1619011985	523531879	0	0	0
1619011985	533435735	0	0	0
1619011985	543540061	0	0	0
1619011985	553475525	0	0	0
1619011985	563381218	0	0	0
1619011985	573455357	0	0	0
1619011985	583530279	0	0	0
1619011985	593695961	0	0	0
1619011985	603604557	0	0	0
1619011985	613446782	0	0	0
1619011985	623454885	0	0	0
1619011985	633587683	0	0	0
1619011985	643572805	0	0	0
1619011985	653374411	0	0	0
1619011985	663484152	0	0	0
1619011985	673402142	0	0	0
1619011985	683372606	0	0	0
1619011985	693569062	0	0	0
1619011985	703568087	0	0	0
1619011985	713560204	0	0	0
1619011985	723538574	0	0	0
1619011985	733416819	0	0	0
1619011985	743445720	0	0	0
1619011985	753634593	0	0	0
1619011985	763517276	0	0	0
1619011985	773585326	0	0	0
1619011985	783617686	0	0	0
1619011985	793633956	0	0	0
1619011985	803635143	0	0	0
1619011985	813379313	0	0	0
1619011985	823612340	0	0	0
1619011985	833428346	0	0	0
1619011985	843344723	0	0	0
1619011985	853709151	0	0	0
1619011985	863388030	0	0	0
1619011985	873497551	0	0	0
1619011985	883627626	0	0	0
1619011985	893558775	0	0	0
1619011985	903386637	0	0	0
1619011985	913428382	0	0	0
1619011985	923371167	0	0	0
1619011985	933419801	0	0	0
1619011985	943612596	0	0	0
1619011985	953595875	0	0	0
1619011985	963505748	0	0	0
1619011985	973434295	0	0	0
1619011985	983403212	0	0	0
1619011985	993379716	0	0	0
1619011986	3576509	0	0	0
1619011986	13482316	0	0	0
1619011986	23436962	0	0	0
1619011986	33420663	0	0	0
1619011986	43321840	0	0	0
1619011986	53427121	0	0	0
1619011986	63536648	0	0	0
1619011986	73640560	0	0	0
1619011986	83519670	0	0	0
1619011986	93574885	0	0	0
1619011986	103410499	0	0	0
1619011986	113439306	0	0	0
1619011986	123599845	0	0	0
1619011986	133538075	0	0	0
1619011986	143463499	0	0	0
1619011986	153585533	0	0	0
1619011986	163596507	0	0	0
1619011986	173431827	0	0	0
1619011986	183605372	0	0	0
1619011986	193474596	0	0	0
1619011986	203470703	0	0	0
1619011986	213389405	0	0	0
1619011986	223614972	0	0	0
1619011986	233508017	0	0	0
1619011986	243525871	0	0	0
1619011986	253478354	0	0	0
1619011986	263561845	0	0	0
1619011986	273494742	0	0	0
1619011986	283692820	0	0	0
1619011986	293401020	0	0	0
1619011986	303343544	0	0	0
1619011986	313487108	0	0	0
1619011986	323615390	0	0	0
1619011986	333597958	0	0	0
1619011986	343514793	0	0	0
1619011986	353453905	0	0	0
1619011986	363419358	0	0	0
1619011986	373521220	0	0	0
1619011986	383507234	0	0	0
1619011986	393538714	0	0	0
1619011986	403566187	0	0	0
1619011986	413438050	0	0	0
1619011986	423475363	0	0	0
1619011986	433741125	0	0	0
1619011986	443499352	0	0	0
1619011986	453489997	0	0	0
1619011986	463431946	0	0	0
1619011986	473465479	0	0	0
1619011986	483446762	0	0	0
1619011986	493403067	0	0	0
1619011986	503475843	0	0	0
1619011986	513560655	0	0	0
1619011986	523551399	0	0	0
1619011986	533711662	0	0	0
1619011986	543436607	0	0	0
1619011986	553536254	0	0	0
1619011986	563556513	0	0	0
1619011986	573412497	0	0	0
1619011986	583416105	0	0	0
1619011986	593525804	0	0	0
1619011986	603427157	0	0	0
1619011986	613432478	0	0	0
1619011986	623455563	0	0	0
1619011986	633510736	0	0	0
1619011986	643576620	0	0	0
1619011986	653632689	0	0	0
1619011986	663445827	0	0	0
1619011986	673531512	0	0	0
1619011986	683505898	0	0	0
1619011986	693624878	0	0	0
1619011986	703392602	0	0	0
1619011986	713442574	0	0	0
1619011986	723471139	0	0	0
1619011986	733459737	0	0	0
1619011986	743533932	0	0	0
1619011986	753469043	0	0	0
1619011986	763390916	0	0	0
1619011986	773422060	0	0	0
1619011986	783481272	0	0	0
1619011986	793421175	0	0	0
1619011986	803559440	0	0	0
1619011986	813419878	0	0	0
1619011986	823600032	0	0	0
1619011986	833466098	0	0	0
1619011986	843541453	0	0	0
1619011986	853426879	0	0	0
1619011986	863559743	0	0	0
1619011986	873584098	0	0	0
1619011986	883438444	0	0	0
1619011986	893521722	0	0	0
1619011986	903665812	0	0	0
1619011986	913594176	0	0	0
1619011986	923658178	0	0	0
1619011986	933458021	0	0	0
1619011986	943435159	0	0	0
1619011986	953532390	0	0	0
1619011986	963513550	0	0	0
1619011986	973580413	0	0	0
1619011986	983646618	0	0	0
1619011986	993453000	0	0	0
1619011987	3452483	0	0	0
1619011987	13495386	0	0	0
1619011987	23565424	0	0	0
1619011987	33388767	0	0	0
1619011987	43403831	0	0	0
1619011987	53413917	0	0	0
1619011987	63528648	0	0	0
1619011987	73614920	0	0	0
1619011987	83468060	0	0	0
1619011987	93605409	0	0	0
1619011987	103582627	0	0	0
1619011987	113526028	0	0	0
1619011987	123558132	0	0	0
1619011987	133498085	0	0	0
1619011987	143468107	0	0	0
1619011987	153598902	0	0	0
1619011987	163401932	0	0	0
1619011987	173577535	0	0	0
1619011987	183569449	0	0	0
1619011987	193590963	0	0	0
1619011987	203472174	0	0	0
1619011987	213693235	0	0	0
1619011987	223498144	0	0	0
1619011987	233460147	0	0	0
1619011987	243433091	0	0	0
1619011987	253452350	0	0	0
1619011987	263488180	0	0	0
1619011987	273517937	0	0	0
1619011987	283516983	0	0	0
1619011987	293498756	0	0	0
1619011987	303569313	0	0	0
1619011987	313571961	0	0	0
1619011987	323580717	0	0	0
1619011987	333459534	0	0	0
1619011987	343445017	0	0	0
1619011987	353634251	0	0	0
1619011987	363430208	0	0	0
1619011987	373686387	0	0	0
1619011987	383628028	0	0	0
1619011987	393624207	0	0	0
1619011987	403422931	0	0	0
1619011987	413689262	0	0	0
1619011987	423432541	0	0	0
1619011987	433485469	0	0	0
1619011987	443506900	0	0	0
1619011987	453484712	0	0	0
1619011987	463627751	0	0	0
1619011987	473422898	0	0	0
1619011987	483364825	0	0	0
1619011987	493671108	0	0	0
1619011987	503481484	0	0	0
1619011987	513467307	0	0	0
1619011987	523471850	0	0	0
1619011987	533491231	0	0	0
1619011987	543524620	0	0	0
1619011987	553403355	0	0	0
1619011987	563520698	0	0	0
1619011987	573492063	0	0	0
1619011987	583399257	0	0	0
1619011987	593418331	0	0	0
1619011987	603410756	0	0	0
1619011987	613726446	0	0	0
1619011987	623602312	0	0	0
1619011987	633510194	0	0	0
1619011987	643681794	0	0	0
1619011987	653452815	0	0	0
1619011987	663375909	0	0	0
1619011987	673481070	0	0	0
1619011987	683616298	0	0	0
1619011987	693412526	0	0	0
1619011987	703495750	0	0	0
1619011987	713607961	0	0	0
1619011987	723475420	0	0	0
1619011987	733495641	0	0	0
1619011987	743438201	0	0	0
1619011987	753501255	0	0	0
1619011987	763603520	0	0	0
1619011987	773414354	0	0	0
1619011987	783567111	0	0	0
1619011987	793527561	0	0	0
1619011987	803446700	0	0	0
1619011987	813538762	0	0	0
1619011987	823512552	0	0	0
1619011987	833493936	0	0	0
1619011987	843527321	0	0	0
1619011987	853583048	0	0	0
1619011987	863494394	0	0	0
1619011987	873445749	0	0	0
1619011987	883505848	0	0	0
1619011987	893528737	0	0	0
1619011987	903506753	0	0	0
1619011987	913437722	0	0	0
1619011987	923604656	0	0	0
1619011987	933560764	0	0	0
1619011987	943523032	0	0	0
1619011987	953412664	0	0	0
1619011987	963664043	0	0	0
1619011987	973523308	0	0	0
1619011987	983489428	0	0	0
1619011987	993545961	0	0	0
1619011988	3485779	0	0	0
1619011988	13594423	0	0	0
1619011988	23615245	0	0	0
1619011988	33646641	0	0	0
1619011988	43560061	0	0	0
1619011988	53404653	0	0	0
1619011988	63572844	0	0	0
1619011988	73553948	0	0	0
1619011988	83548478	0	0	0
1619011988	93492305	0	0	0
1619011988	103536175	0	0	0
1619011988	113589624	0	0	0
1619011988	123534135	0	0	0
1619011988	133542294	0	0	0
1619011988	143565916	0	0	0
1619011988	153500087	0	0	0
1619011988	163656511	0	0	0
1619011988	173631745	0	0	0
1619011988	183549006	0	0	0
1619011988	194331357	0	0	0
1619011988	203504043	0	0	0
1619011988	213394454	0	0	0
1619011988	223352303	0	0	0
1619011988	233259495	0	0	0
1619011988	243271152	0	0	0
1619011988	253391839	0	0	0
1619011988	263336337	0	0	0
1619011988	273249442	0	0	0
1619011988	283250470	0	0	0
1619011988	293287625	0	0	0
1619011988	303270016	0	0	0
1619011988	313256272	0	0	0
1619011988	323277885	0	0	0
1619011988	333248306	0	0	0
1619011988	343332255	0	0	0
1619011988	353347807	0	0	0
1619011988	363415394	0	0	0
1619011988	373540127	0	0	0
1619011988	383578650	0	0	0
1619011988	393596674	0	0	0
1619011988	403580725	0	0	0
1619011988	413581442	0	0	0
1619011988	423414971	0	0	0
1619011988	433490255	0	0	0
1619011988	443511875	0	0	0
1619011988	453611881	0	0	0
1619011988	463378513	0	0	0
1619011988	473430638	0	0	0
1619011988	483435806	0	0	0
1619011988	493597053	0	0	0
1619011988	503585648	0	0	0
1619011988	513724022	0	0	0
1619011988	523653038	0	0	0
1619011988	533677881	0	0	0
1619011988	543623651	0	0	0
1619011988	553597781	0	0	0
1619011988	563394980	0	0	0
1619011988	573356112	0	0	0
1619011988	583400656	0	0	0
1619011988	593585504	0	0	0
1619011988	603359128	0	0	0
1619011988	613345344	0	0	0
1619011988	623300442	0	0	0
1619011988	633331135	0	0	0
1619011988	643375007	0	0	0
1619011988	653191943	0	0	0
1619011988	663286802	0	0	0
1619011988	673307547	0	0	0
1619011988	683192581	0	0	0
1619011988	693282533	0	0	0
1619011988	703275360	0	0	0
1619011988	713342414	0	0	0
1619011988	723359199	0	0	0
1619011988	733258184	0	0	0
1619011988	743208638	0	0	0
1619011988	753281152	0	0	0
1619011988	763290009	0	0	0
1619011988	773287501	0	0	0
1619011988	783241899	0	0	0
1619011988	793349811	0	0	0
1619011988	803261888	0	0	0
1619011988	813360184	0	0	0
1619011988	823258620	0	0	0
1619011988	833229058	0	0	0
1619011988	843265096	0	0	0
1619011988	853221531	0	0	0
1619011988	863381502	0	0	0
1619011988	873261531	0	0	0
1619011988	883243967	0	0	0
1619011988	893332576	0	0	0
1619011988	903364619	0	0	0
1619011988	913414317	0	0	0
1619011988	923133736	0	0	0
1619011988	933257859	0	0	0
1619011988	943472110	0	0	0
1619011988	953469226	0	0	0
1619011988	963666712	0	0	0
1619011988	973443443	0	0	0
1619011988	983479018	0	0	0
1619011988	993376155	0	0	0
1619011989	3280596	0	0	0
1619011989	13389011	0	0	0
1619011989	23326548	0	0	0
1619011989	33290516	0	0	0
1619011989	43222904	0	0	0
1619011989	53406580	0	0	0
1619011989	63291222	0	0	0
1619011989	73309868	0	0	0
1619011989	83435459	0	0	0
1619011989	93262887	0	0	0
1619011989	103553431	0	0	0
1619011989	113745442	0	0	0
1619011989	123472336	0	0	0
1619011989	133663914	0	0	0
1619011989	143424779	0	0	0
1619011989	153591676	0	0	0
1619011989	163666457	0	0	0
1619011989	173474531	0	0	0
1619011989	183420310	0	0	0
1619011989	193530053	0	0	0
1619011989	203479343	0	0	0
1619011989	213474628	0	0	0
1619011989	223463360	0	0	0
1619011989	233469712	0	0	0
1619011989	243553036	0	0	0
1619011989	253586191	0	0	0
