time_sec	time_nanosec	joint_position_0	joint_position_1	joint_position_2	joint_position_3
1619011977	162981168	0	0	0
1619011977	172978926	0	0	0
1619011977	182976639	0	0	0
1619011977	192972757	0	0	0
1619011977	203052963	0	0	0
1619011977	212939100	0	0	0
1619011977	222995467	0	0	0
1619011977	232939881	0	0	0
1619011977	242962598	0	0	0
1619011977	252938881	0	0	0
1619011977	262941738	0	0	0
1619011977	272946237	0	0	0
1619011977	282943809	0	0	0
1619011977	292970885	0	0	0
1619011977	302994951	0	0	0
1619011977	312952600	0	0	0
1619011977	322980280	0	0	0
1619011977	332978543	0	0	0
1619011977	342978525	0	0	0
1619011977	352994487	0	0	0
1619011977	362995173	0	0	0
1619011977	373032573	0	0	0
1619011977	383040379	0	0	0
1619011977	393022218	0	0	0
1619011977	402997088	0	0	0
1619011977	413046152	0	0	0
1619011977	423022752	0	0	0
1619011977	433007218	0	0	0
1619011977	442995371	0	0	0
1619011977	453019326	0	0	0
1619011977	463022798	0	0	0
1619011977	472984395	0	0	0
1619011977	483023513	0	0	0
1619011977	493035152	0	0	0
1619011977	502983264	0	0	0
1619011977	512999476	0	0	0
1619011977	523092493	0	0	0
1619011977	533029727	0	0	0
1619011977	542987660	0	0	0
1619011977	553056336	0	0	0
1619011977	563023720	0	0	0
1619011977	573035215	0	0	0
1619011977	582989383	0	0	0
1619011977	593023599	0	0	0
1619011977	603029142	0	0	0
1619011977	612991237	0	0	0
1619011977	622979828	0	0	0
1619011977	633028303	0	0	0
1619011977	642989922	0	0	0
1619011977	652999514	0	0	0
1619011977	663025266	0	0	0
1619011977	673027055	0	0	0
1619011977	682985376	0	0	0
1619011977	693033083	0	0	0
1619011977	703024580	0	0	0
1619011977	713027239	0	0	0
1619011977	722988876	0	0	0
1619011977	732982182	0	0	0
1619011977	742993415	0	0	0
1619011977	752992772	0	0	0
1619011977	763043758	0	0	0
1619011977	773066199	0	0	0
1619011977	782989096	0	0	0
1619011977	793031938	0	0	0
1619011977	803029172	0	0	0
1619011977	813035777	0	0	0
1619011977	823057232	0	0	0
1619011977	833033621	0	0	0
1619011977	843025893	0	0	0
1619011977	853026632	0	0	0
1619011977	863027225	0	0	0
1619011977	872989605	0	0	0
1619011977	882983106	0	0	0
1619011977	892995553	0	0	0
1619011977	903031571	0	0	0
1619011977	912990878	0	0	0
1619011977	923016352	0	0	0
1619011977	933016412	0	0	0
1619011977	942994888	0	0	0
1619011977	953001942	0	0	0
1619011977	962995756	0	0	0
1619011977	972991570	0	0	0
1619011977	983042434	0	0	0
1619011977	993027891	0	0	0
1619011978	3034096	0	0	0
1619011978	13027992	0	0	0
1619011978	22985112	0	0	0
1619011978	33020642	0	0	0
1619011978	43028406	0	0	0
1619011978	53028625	0	0	0
1619011978	62985125	0	0	0
1619011978	72995892	0	0	0
1619011978	82954392	0	0	0
1619011978	92988133	0	0	0
1619011978	103034034	0	0	0
1619011978	112994373	0	0	0
1619011978	123006731	0	0	0
1619011978	133029883	0	0	0
1619011978	143034927	0	0	0
1619011978	153032598	0	0	0
1619011978	162993728	0	0	0
1619011978	173008196	0	0	0
1619011978	182987524	0	0	0
1619011978	193062857	0	0	0
1619011978	203020162	0	0	0
1619011978	213037668	0	0	0
1619011978	223019447	0	0	0
1619011978	233012721	0	0	0
1619011978	242998482	0	0	0
1619011978	253034540	0	0	0
1619011978	263001647	0	0	0
1619011978	273032010	0	0	0
1619011978	283042185	0	0	0
1619011978	293035468	0	0	0
1619011978	303033154	0	0	0
1619011978	313001719	0	0	0
1619011978	322996282	0	0	0
1619011978	332990504	0	0	0
1619011978	343034717	0	0	0
1619011978	353003899	0	0	0
1619011978	362992689	0	0	0
1619011978	373042972	0	0	0
1619011978	383046715	0	0	0
1619011978	392991383	0	0	0
1619011978	402989785	0	0	0
1619011978	413032336	0	0	0
1619011978	423032975	0	0	0
1619011978	433047944	0	0	0
1619011978	442995570	0	0	0
1619011978	452997874	0	0	0
1619011978	463075492	0	0	0
1619011978	472996793	0	0	0
1619011978	483049782	0	0	0
1619011978	493046205	0	0	0
1619011978	503061531	0	0	0
1619011978	513038225	0	0	0
1619011978	523051068	0	0	0
1619011978	533045192	0	0	0
1619011978	543018946	0	0	0
1619011978	552991697	0	0	0
1619011978	563040433	0	0	0
1619011978	573036325	0	0	0
1619011978	583050075	0	0	0
1619011978	593040235	0	0	0
1619011978	603001320	0	0	0
1619011978	613001077	0	0	0
1619011978	623025635	0	0	0
1619011978	633043762	0	0	0
1619011978	643043002	0	0	0
1619011978	652989764	0	0	0
1619011978	662994831	0	0	0
1619011978	673001795	0	0	0
1619011978	683047076	0	0	0
1619011978	693003912	0	0	0
1619011978	702992172	0	0	0
1619011978	713035994	0	0	0
1619011978	723036307	0	0	0
1619011978	733048122	0	0	0
1619011978	743056373	0	0	0
1619011978	753020853	0	0	0
1619011978	763038320	0	0	0
1619011978	773037477	0	0	0
1619011978	783044101	0	0	0
1619011978	793027856	0	0	0
1619011978	803039361	0	0	0
1619011978	813042539	0	0	0
1619011978	822994091	0	0	0
1619011978	833041242	0	0	0
1619011978	842995850	0	0	0
1619011978	853019058	0	0	0
1619011978	862994048	0	0	0
1619011978	872996448	0	0	0
1619011978	883037071	0	0	0
1619011978	893024175	0	0	0
1619011978	903043961	0	0	0
1619011978	913102027	0	0	0
1619011978	923005336	0	0	0
1619011978	933042187	0	0	0
1619011978	943028598	0	0	0
1619011978	953015937	0	0	0
1619011978	963042634	0	0	0
1619011978	973074317	0	0	0
1619011978	983048658	0	0	0
1619011978	993012288	0	0	0
1619011979	3006561	0	0	0
1619011979	13008148	0	0	0
1619011979	23001518	0	0	0
1619011979	33002774	0	0	0
1619011979	42995882	0	0	0
1619011979	53002973	0	0	0
1619011979	63005639	0	0	0
1619011979	73074027	0	0	0
1619011979	83032284	0	0	0
1619011979	93007676	0	0	0
1619011979	103015405	0	0	0
1619011979	113043262	0	0	0
1619011979	123090621	0	0	0
1619011979	133065878	0	0	0
1619011979	143056130	0	0	0
1619011979	153079541	0	0	0
1619011979	163087701	0	0	0
1619011979	173087660	0	0	0
1619011979	183014303	0	0	0
1619011979	193027713	0	0	0
1619011979	203064029	0	0	0
1619011979	213060477	0	0	0
1619011979	223051732	0	0	0
1619011979	233060556	0	0	0
1619011979	243082375	0	0	0
1619011979	253049861	0	0	0
1619011979	263062791	0	0	0
1619011979	273075035	0	0	0
1619011979	283063350	0	0	0
1619011979	293020239	0	0	0
1619011979	303077003	0	0	0
1619011979	313077972	0	0	0
1619011979	323041142	0	0	0
1619011979	333034363	0	0	0
1619011979	343097526	0	0	0
1619011979	353015439	0	0	0
1619011979	363082880	0	0	0
1619011979	373050854	0	0	0
1619011979	383059904	0	0	0
1619011979	393050670	0	0	0
1619011979	403096049	0	0	0
1619011979	413045203	0	0	0
1619011979	423012927	0	0	0
1619011979	433055516	0	0	0
1619011979	443063700	0	0	0
1619011979	453064290	0	0	0
1619011979	463015146	0	0	0
1619011979	473047644	0	0	0
1619011979	483002158	0	0	0
1619011979	493046681	0	0	0
1619011979	503053197	0	0	0
1619011979	513076579	0	0	0
1619011979	523012323	0	0	0
1619011979	533003640	0	0	0
1619011979	543050145	0	0	0
1619011979	553019947	0	0	0
1619011979	563054446	0	0	0
1619011979	573010353	0	0	0
1619011979	583023508	0	0	0
1619011979	593048823	0	0	0
1619011979	603013315	0	0	0
1619011979	613018775	0	0	0
1619011979	623063974	0	0	0
1619011979	633057166	0	0	0
1619011979	643049689	0	0	0
1619011979	653048405	0	0	0
1619011979	663021132	0	0	0
1619011979	673041928	0	0	0
1619011979	683003240	0	0	0
1619011979	693060497	0	0	0
1619011979	703059129	0	0	0
1619011979	713058481	0	0	0
1619011979	723050724	0	0	0
1619011979	733007134	0	0	0
1619011979	743052605	0	0	0
1619011979	753068085	0	0	0
1619011979	763031569	0	0	0
1619011979	773039651	0	0	0
1619011979	783040413	0	0	0
1619011979	793059207	0	0	0
1619011979	803038736	0	0	0
1619011979	813009537	0	0	0
1619011979	823054707	0	0	0
1619011979	833014027	0	0	0
1619011979	843022828	0	0	0
1619011979	853010407	0	0	0
1619011979	863062059	0	0	0
1619011979	873007030	0	0	0
1619011979	883005976	0	0	0
1619011979	893018592	0	0	0
1619011979	903036058	0	0	0
1619011979	913011353	0	0	0
1619011979	923051994	0	0	0
1619011979	933053915	0	0	0
1619011979	943059035	0	0	0
1619011979	953048088	0	0	0
1619011979	963040702	0	0	0
1619011979	973025753	0	0	0
1619011979	983059049	0	0	0
1619011979	993000981	0	0	0
1619011980	3065775	0	0	0
1619011980	13056454	0	0	0
1619011980	23018867	0	0	0
1619011980	33052618	0	0	0
1619011980	43052445	0	0	0
1619011980	53060526	0	0	0
1619011980	63064671	0	0	0
1619011980	73058605	0	0	0
1619011980	83064390	0	0	0
1619011980	93022422	0	0	0
1619011980	103011763	0	0	0
1619011980	113054331	0	0	0
1619011980	123023248	0	0	0
1619011980	133027659	0	0	0
1619011980	143043941	0	0	0
1619011980	153041095	0	0	0
1619011980	163017637	0	0	0
1619011980	173016354	0	0	0
1619011980	182967104	0	0	0
1619011980	193016632	0	0	0
1619011980	202982870	0	0	0
1619011980	212970150	0	0	0
1619011980	223018908	0	0	0
1619011980	233032403	0	0	0
1619011980	243021575	0	0	0
1619011980	253025139	0	0	0
1619011980	263017995	0	0	0
1619011980	273022839	0	0	0
1619011980	283077465	0	0	0
1619011980	293023519	0	0	0
1619011980	303036179	0	0	0
1619011980	313069009	0	0	0
1619011980	323055752	0	0	0
1619011980	333058009	0	0	0
1619011980	343048037	0	0	0
1619011980	353011764	0	0	0
1619011980	363031783	0	0	0
1619011980	373022867	0	0	0
1619011980	383050788	0	0	0
1619011980	393087444	0	0	0
1619011980	403059017	0	0	0
1619011980	413025093	0	0	0
1619011980	423043460	0	0	0
1619011980	433109120	0	0	0
1619011980	443050999	0	0	0
1619011980	453026865	0	0	0
1619011980	463012822	0	0	0
1619011980	473067570	0	0	0
1619011980	483068312	0	0	0
1619011980	493015575	0	0	0
1619011980	502995209	0	0	0
1619011980	513019139	0	0	0
1619011980	523061613	0	0	0
1619011980	533063353	0	0	0
1619011980	543033848	0	0	0
1619011980	553056476	0	0	0
1619011980	563013734	0	0	0
1619011980	573056042	0	0	0
1619011980	583013434	0	0	0
1619011980	593040889	0	0	0
1619011980	603062103	0	0	0
1619011980	613050030	0	0	0
1619011980	623067258	0	0	0
1619011980	633041518	0	0	0
1619011980	643059122	0	0	0
1619011980	653027351	0	0	0
1619011980	663054679	0	0	0
1619011980	673017295	0	0	0
1619011980	683061438	0	0	0
1619011980	693059104	0	0	0
1619011980	703069623	0	0	0
1619011980	713046675	0	0	0
1619011980	723061452	0	0	0
1619011980	733028236	0	0	0
1619011980	743067222	0	0	0
1619011980	753024633	0	0	0
1619011980	763060225	0	0	0
1619011980	773061120	0	0	0
1619011980	783062322	0	0	0
1619011980	793091098	0	0	0
1619011980	803069368	0	0	0
1619011980	813067404	0	0	0
1619011980	823028660	0	0	0
1619011980	833027047	0	0	0
1619011980	843034695	0	0	0
1619011980	853100193	0	0	0
1619011980	863062939	0	0	0
1619011980	873019317	0	0	0
1619011980	883029040	0	0	0
1619011980	893072018	0	0	0
1619011980	903059124	0	0	0
1619011980	913099876	0	0	0
1619011980	923033065	0	0	0
1619011980	933071032	0	0	0
1619011980	943050829	0	0	0
1619011980	953019889	0	0	0
1619011980	963081308	0	0	0
1619011980	973066120	0	0	0
1619011980	983080128	0	0	0
1619011980	993080220	0	0	0
1619011981	3068007	0	0	0
1619011981	13064842	0	0	0
1619011981	23021067	0	0	0
1619011981	33031397	0	0	0
1619011981	43073916	0	0	0
1619011981	53064768	0	0	0
1619011981	63076464	0	0	0
1619011981	72991877	0	0	0
1619011981	83034221	0	0	0
1619011981	93077351	0	0	0
1619011981	103068438	0	0	0
1619011981	113095015	0	0	0
1619011981	123031909	0	0	0
1619011981	133106447	0	0	0
1619011981	143077800	0	0	0
1619011981	153141006	0	0	0
1619011981	163031646	0	0	0
1619011981	173039852	0	0	0
1619011981	183031055	0	0	0
1619011981	193077177	0	0	0
1619011981	203058147	0	0	0
1619011981	213027806	0	0	0
1619011981	223027433	0	0	0
1619011981	233035984	0	0	0
1619011981	243041235	0	0	0
1619011981	253040823	0	0	0
1619011981	263031730	0	0	0
1619011981	273033336	0	0	0
1619011981	283029032	0	0	0
1619011981	293051694	0	0	0
1619011981	303024239	0	0	0
1619011981	313069376	0	0	0
1619011981	323070007	0	0	0
1619011981	333035036	0	0	0
1619011981	343024213	0	0	0
1619011981	353025791	0	0	0
1619011981	363078061	0	0	0
1619011981	373083441	0	0	0
1619011981	383067506	0	0	0
1619011981	393035235	0	0	0
1619011981	403046644	0	0	0
1619011981	413031292	0	0	0
1619011981	423043241	0	0	0
1619011981	433033295	0	0	0
1619011981	443070880	0	0	0
1619011981	453030161	0	0	0
1619011981	463048399	0	0	0
1619011981	473043138	0	0	0
1619011981	483033871	0	0	0
1619011981	493045445	0	0	0
1619011981	503068444	0	0	0
1619011981	513074453	0	0	0
1619011981	523030488	0	0	0
1619011981	533036021	0	0	0
1619011981	543077454	0	0	0
1619011981	553104772	0	0	0
1619011981	563035914	0	0	0
1619011981	573070738	0	0	0
1619011981	583075684	0	0	0
1619011981	593030947	0	0	0
1619011981	603068795	0	0	0
1619011981	613037002	0	0	0
1619011981	623065515	0	0	0
1619011981	633083362	0	0	0
1619011981	643049024	0	0	0
1619011981	653072764	0	0	0
1619011981	663051846	0	0	0
1619011981	673039291	0	0	0
1619011981	683033461	0	0	0
1619011981	693032267	0	0	0
1619011981	703080050	0	0	0
1619011981	713077665	0	0	0
1619011981	723026540	0	0	0
1619011981	733071101	0	0	0
1619011981	743075786	0	0	0
1619011981	753038424	0	0	0
1619011981	763055646	0	0	0
1619011981	773103841	0	0	0
1619011981	783074210	0	0	0
1619011981	793050499	0	0	0
1619011981	803036232	0	0	0
1619011981	813072059	0	0	0
1619011981	823076356	0	0	0
1619011981	833072370	0	0	0
1619011981	843042291	0	0	0
1619011981	853099017	0	0	0
1619011981	863088300	0	0	0
1619011981	873053456	0	0	0
1619011981	882994085	0	0	0
1619011981	893009455	0	0	0
1619011981	903008825	0	0	0
1619011981	913000658	0	0	0
1619011981	922985013	0	0	0
1619011981	932986697	0	0	0
1619011981	943008209	0	0	0
1619011981	953004229	0	0	0
1619011981	963000268	0	0	0
1619011981	973000022	0	0	0
1619011981	983004976	0	0	0
1619011981	992996444	0	0	0
1619011982	2980415	0	0	0
1619011982	12973706	0	0	0
1619011982	23012862	0	0	0
1619011982	33040776	0	0	0
1619011982	43000483	0	0	0
1619011982	52978988	0	0	0
1619011982	62979664	0	0	0
1619011982	73007874	0	0	0
1619011982	83010227	0	0	0
1619011982	92988315	0	0	0
1619011982	103003127	0	0	0
1619011982	112990448	0	0	0
1619011982	122976595	0	0	0
1619011982	132989927	0	0	0
1619011982	143001211	0	0	0
1619011982	152992755	0	0	0
1619011982	163005166	0	0	0
1619011982	173009257	0	0	0
1619011982	182980819	0	0	0
1619011982	192986962	0	0	0
1619011982	203022134	0	0	0
1619011982	212989187	0	0	0
1619011982	222977275	0	0	0
1619011982	233006283	0	0	0
1619011982	242990670	0	0	0
1619011982	252978338	0	0	0
1619011982	262986347	0	0	0
1619011982	272992338	0	0	0
1619011982	282984630	0	0	0
1619011982	293009373	0	0	0
1619011982	303008466	0	0	0
1619011982	313014617	0	0	0
1619011982	322975955	0	0	0
1619011982	333006478	0	0	0
1619011982	343011948	0	0	0
1619011982	352989240	0	0	0
1619011982	363008251	0	0	0
1619011982	373014761	0	0	0
1619011982	382989228	0	0	0
1619011982	392988929	0	0	0
1619011982	402984584	0	0	0
1619011982	413007702	0	0	0
1619011982	422980671	0	0	0
1619011982	432991494	0	0	0
1619011982	442977814	0	0	0
1619011982	453026875	0	0	0
1619011982	462977787	0	0	0
1619011982	472982569	0	0	0
1619011982	482981346	0	0	0
1619011982	493008845	0	0	0
1619011982	503081040	0	0	0
1619011982	513043619	0	0	0
1619011982	523088838	0	0	0
1619011982	533055007	0	0	0
1619011982	543068340	0	0	0
1619011982	553088108	0	0	0
1619011982	563077265	0	0	0
1619011982	573033295	0	0	0
1619011982	583062576	0	0	0
1619011982	593062513	0	0	0
1619011982	603091550	0	0	0
1619011982	613017468	0	0	0
1619011982	623066403	0	0	0
1619011982	633087139	0	0	0
1619011982	643037500	0	0	0
1619011982	653057475	0	0	0
1619011982	663071695	0	0	0
1619011982	673095865	0	0	0
1619011982	683049803	0	0	0
1619011982	693030474	0	0	0
1619011982	703037534	0	0	0
1619011982	713044519	0	0	0
1619011982	723038392	0	0	0
1619011982	733050048	0	0	0
1619011982	743047688	0	0	0
1619011982	753098187	0	0	0
1619011982	763081333	0	0	0
1619011982	773089800	0	0	0
1619011982	783026699	0	0	0
1619011982	793049027	0	0	0
1619011982	803046972	0	0	0
1619011982	813066822	0	0	0
1619011982	823081431	0	0	0
1619011982	833054116	0	0	0
1619011982	843053315	0	0	0
1619011982	853107093	0	0	0
1619011982	863087085	0	0	0
1619011982	873026944	0	0	0
1619011982	883046549	0	0	0
1619011982	893040078	0	0	0
1619011982	903098904	0	0	0
1619011982	913047271	0	0	0
1619011982	923043112	0	0	0
1619011982	933044917	0	0	0
1619011982	943092191	0	0	0
1619011982	953016227	0	0	0
1619011982	963018944	0	0	0
1619011982	972995939	0	0	0
1619011982	982984147	0	0	0
1619011982	992979520	0	0	0
1619011983	3159886	0	0	0
1619011983	13002612	0	0	0
1619011983	22951192	0	0	0
1619011983	32998916	0	0	0
1619011983	43015563	0	0	0
1619011983	53008621	0	0	0
1619011983	62994860	0	0	0
1619011983	72995901	0	0	0
1619011983	83072625	0	0	0
1619011983	93095727	0	0	0
1619011983	103065276	0	0	0
1619011983	113057475	0	0	0
1619011983	123069686	0	0	0
1619011983	133059396	0	0	0
1619011983	143069711	0	0	0
1619011983	153096278	0	0	0
1619011983	163063858	0	0	0
1619011983	173072855	0	0	0
1619011983	183104086	0	0	0
1619011983	193054504	0	0	0
1619011983	203093810	0	0	0
1619011983	213050414	0	0	0
1619011983	223057556	0	0	0
1619011983	233076023	0	0	0
1619011983	243094381	0	0	0
1619011983	253076637	0	0	0
1619011983	263060966	0	0	0
1619011983	273098041	0	0	0
1619011983	283075620	0	0	0
1619011983	293054607	0	0	0
1619011983	303068745	0	0	0
1619011983	313049612	0	0	0
1619011983	323103043	0	0	0
1619011983	333091667	0	0	0
1619011983	343062056	0	0	0
1619011983	353133243	0	0	0
1619011983	363067837	0	0	0
1619011983	373062799	0	0	0
1619011983	383096969	0	0	0
1619011983	393082261	0	0	0
1619011983	403064860	0	0	0
1619011983	413058265	0	0	0
1619011983	423096810	0	0	0
1619011983	433054903	0	0	0
1619011983	443105060	0	0	0
1619011983	453081066	0	0	0
1619011983	463093677	0	0	0
1619011983	473090725	0	0	0
1619011983	483090193	0	0	0
1619011983	493063748	0	0	0
1619011983	503103248	0	0	0
1619011983	513104601	0	0	0
1619011983	523119386	0	0	0
1619011983	533061718	0	0	0
1619011983	543087845	0	0	0
1619011983	553059953	0	0	0
1619011983	563051840	0	0	0
1619011983	573064921	0	0	0
1619011983	583080561	0	0	0
1619011983	593072653	0	0	0
1619011983	603059407	0	0	0
1619011983	613075645	0	0	0
1619011983	623107443	0	0	0
1619011983	633098955	0	0	0
1619011983	643140382	0	0	0
1619011983	653104445	0	0	0
1619011983	663102510	0	0	0
1619011983	673120224	0	0	0
1619011983	683063161	0	0	0
1619011983	693058028	0	0	0
1619011983	703081229	0	0	0
1619011983	713064818	0	0	0
1619011983	723062784	0	0	0
1619011983	733162697	0	0	0
1619011983	743098125	0	0	0
1619011983	753077442	0	0	0
1619011983	763066566	0	0	0
1619011983	773120560	0	0	0
1619011983	783071284	0	0	0
1619011983	793084794	0	0	0
1619011983	803076986	0	0	0
1619011983	813129082	0	0	0
1619011983	823129114	0	0	0
1619011983	833035735	0	0	0
1619011983	843060076	0	0	0
1619011983	853090644	0	0	0
1619011983	863106358	0	0	0
1619011983	873115340	0	0	0
1619011983	883055161	0	0	0
1619011983	893108256	0	0	0
1619011983	903147473	0	0	0
1619011983	913104133	0	0	0
1619011983	923064370	0	0	0
1619011983	933092551	0	0	0
1619011983	943111625	0	0	0
1619011983	953109430	0	0	0
1619011983	963118250	0	0	0
1619011983	973055019	0	0	0
1619011983	983088704	0	0	0
1619011983	993093069	0	0	0
1619011984	3126601	0	0	0
1619011984	13085841	0	0	0
1619011984	23115589	0	0	0
1619011984	33063607	0	0	0
1619011984	43068180	0	0	0
1619011984	53086908	0	0	0
1619011984	63103114	0	0	0
1619011984	73115650	0	0	0
1619011984	83076793	0	0	0
1619011984	93070788	0	0	0
1619011984	103066662	0	0	0
1619011984	113106506	0	0	0
1619011984	123081610	0	0	0
1619011984	133060867	0	0	0
1619011984	143106227	0	0	0
1619011984	153106645	0	0	0
1619011984	163081984	0	0	0
1619011984	173065695	0	0	0
1619011984	183100145	0	0	0
1619011984	193066230	0	0	0
1619011984	203123112	0	0	0
1619011984	213104407	0	0	0
1619011984	223092804	0	0	0
1619011984	233077716	0	0	0
1619011984	243067433	0	0	0
1619011984	253085984	0	0	0
1619011984	263127584	0	0	0
1619011984	273108178	0	0	0
1619011984	283077008	0	0	0
1619011984	293073845	0	0	0
1619011984	303111260	0	0	0
1619011984	313107650	0	0	0
1619011984	323081795	0	0	0
1619011984	333094436	0	0	0
1619011984	343130135	0	0	0
1619011984	353071908	0	0	0
1619011984	363111764	0	0	0
1619011984	373063887	0	0	0
1619011984	383072680	0	0	0
1619011984	393119879	0	0	0
1619011984	403064683	0	0	0
1619011984	413083645	0	0	0
1619011984	423093352	0	0	0
1619011984	433062425	0	0	0
1619011984	443114268	0	0	0
1619011984	453093434	0	0	0
1619011984	463086634	0	0	0
1619011984	473091528	0	0	0
1619011984	483079349	0	0	0
1619011984	493063893	0	0	0
1619011984	503090299	0	0	0
1619011984	513098829	0	0	0
1619011984	523121487	0	0	0
1619011984	533069480	0	0	0
1619011984	543080802	0	0	0
1619011984	553128029	0	0	0
1619011984	563064327	0	0	0
1619011984	573089288	0	0	0
1619011984	583079146	0	0	0
1619011984	593061458	0	0	0
1619011984	603090711	0	0	0
1619011984	613109219	0	0	0
1619011984	623068485	0	0	0
1619011984	633075726	0	0	0
1619011984	643070988	0	0	0
1619011984	653085441	0	0	0
1619011984	663114219	0	0	0
1619011984	673117893	0	0	0
1619011984	683109959	0	0	0
1619011984	693075673	0	0	0
1619011984	703073342	0	0	0
1619011984	713081396	0	0	0
1619011984	723080259	0	0	0
1619011984	733111523	0	0	0
1619011984	743095617	0	0	0
1619011984	753066934	0	0	0
1619011984	763084137	0	0	0
1619011984	773097355	0	0	0
1619011984	783107839	0	0	0
1619011984	793109957	0	0	0
1619011984	803073273	0	0	0
1619011984	813103525	0	0	0
1619011984	823123441	0	0	0
1619011984	833119616	0	0	0
1619011984	843079239	0	0	0
1619011984	853138517	0	0	0
1619011984	863117937	0	0	0
1619011984	873070984	0	0	0
1619011984	883122237	0	0	0
1619011984	893110584	0	0	0
1619011984	903109234	0	0	0
1619011984	913106297	0	0	0
1619011984	923089164	0	0	0
1619011984	933112119	0	0	0
1619011984	943085737	0	0	0
1619011984	953142850	0	0	0
1619011984	963113912	0	0	0
1619011984	973118348	0	0	0
1619011984	983111703	0	0	0
1619011984	993117749	0	0	0
1619011985	3084272	0	0	0
1619011985	13118694	0	0	0
1619011985	23135732	0	0	0
1619011985	33114952	0	0	0
1619011985	43129605	0	0	0
1619011985	53138839	0	0	0
1619011985	63086630	0	0	0
1619011985	73115606	0	0	0
1619011985	83110767	0	0	0
1619011985	93127254	0	0	0
1619011985	103087967	0	0	0
1619011985	113075852	0	0	0
1619011985	123127926	0	0	0
1619011985	133099173	0	0	0
1619011985	143086318	0	0	0
1619011985	153092987	0	0	0
1619011985	163089173	0	0	0
1619011985	173143289	0	0	0
1619011985	183101933	0	0	0
1619011985	193127017	0	0	0
1619011985	203138668	0	0	0
1619011985	213119662	0	0	0
1619011985	223145366	0	0	0
1619011985	233140329	0	0	0
1619011985	243145303	0	0	0
1619011985	253081107	0	0	0
1619011985	263130291	0	0	0
1619011985	273118940	0	0	0
1619011985	283090245	0	0	0
1619011985	293091248	0	0	0
1619011985	303129901	0	0	0
1619011985	313128758	0	0	0
1619011985	323090033	0	0	0
1619011985	333132711	0	0	0
1619011985	343116055	0	0	0
1619011985	353137907	0	0	0
1619011985	363071996	0	0	0
1619011985	373080632	0	0	0
1619011985	383111945	0	0	0
1619011985	393120590	0	0	0
1619011985	403120083	0	0	0
1619011985	413091330	0	0	0
1619011985	423078744	0	0	0
1619011985	433119718	0	0	0
1619011985	443116989	0	0	0
1619011985	453128548	0	0	0
1619011985	463117626	0	0	0
1619011985	473094091	0	0	0
1619011985	483089459	0	0	0
1619011985	493091936	0	0	0
1619011985	503092254	0	0	0
1619011985	513092309	0	0	0
1619011985	523117826	0	0	0
1619011985	533098618	0	0	0
1619011985	543076834	0	0	0
1619011985	553090538	0	0	0
1619011985	563107199	0	0	0
1619011985	573108747	0	0	0
1619011985	583082044	0	0	0
1619011985	593170566	0	0	0
1619011985	603141732	0	0	0
1619011985	613161792	0	0	0
1619011985	623110754	0	0	0
1619011985	633093843	0	0	0
1619011985	643122986	0	0	0
1619011985	653124996	0	0	0
1619011985	663089819	0	0	0
1619011985	673135838	0	0	0
1619011985	683126953	0	0	0
1619011985	693095751	0	0	0
1619011985	703129320	0	0	0
1619011985	713128897	0	0	0
1619011985	723177088	0	0	0
1619011985	733093775	0	0	0
1619011985	743086135	0	0	0
1619011985	753137207	0	0	0
1619011985	763124248	0	0	0
1619011985	773134820	0	0	0
1619011985	783117162	0	0	0
1619011985	793121087	0	0	0
1619011985	803142762	0	0	0
1619011985	813101597	0	0	0
1619011985	823128588	0	0	0
1619011985	833084806	0	0	0
1619011985	843099101	0	0	0
1619011985	853099127	0	0	0
1619011985	863139368	0	0	0
1619011985	873141908	0	0	0
1619011985	883147138	0	0	0
1619011985	893082096	0	0	0
1619011985	903082901	0	0	0
1619011985	913100663	0	0	0
1619011985	923127454	0	0	0
1619011985	933105440	0	0	0
1619011985	943094000	0	0	0
1619011985	953155243	0	0	0
1619011985	963101535	0	0	0
1619011985	973092910	0	0	0
1619011985	983097211	0	0	0
1619011985	993085722	0	0	0
1619011986	3104288	0	0	0
1619011986	13134238	0	0	0
1619011986	23131316	0	0	0
1619011986	33104671	0	0	0
1619011986	43080681	0	0	0
1619011986	53101031	0	0	0
1619011986	63085654	0	0	0
1619011986	73130811	0	0	0
1619011986	83133856	0	0	0
1619011986	93087923	0	0	0
1619011986	103137491	0	0	0
1619011986	113134921	0	0	0
1619011986	123101304	0	0	0
1619011986	133088395	0	0	0
1619011986	143083773	0	0	0
1619011986	153127847	0	0	0
1619011986	163104827	0	0	0
1619011986	173099235	0	0	0
1619011986	183140630	0	0	0
1619011986	193120464	0	0	0
1619011986	203127984	0	0	0
1619011986	213125974	0	0	0
1619011986	223140363	0	0	0
1619011986	233089020	0	0	0
1619011986	243138199	0	0	0
1619011986	253137422	0	0	0
1619011986	263106025	0	0	0
1619011986	273088536	0	0	0
1619011986	283148399	0	0	0
1619011986	293139793	0	0	0
1619011986	303102231	0	0	0
1619011986	313097237	0	0	0
1619011986	323134222	0	0	0
1619011986	333145787	0	0	0
1619011986	343145499	0	0	0
1619011986	353131440	0	0	0
1619011986	363142857	0	0	0
1619011986	373113507	0	0	0
1619011986	383094471	0	0	0
1619011986	393129716	0	0	0
1619011986	403095223	0	0	0
1619011986	413098099	0	0	0
1619011986	423094928	0	0	0
1619011986	433130576	0	0	0
1619011986	443181076	0	0	0
1619011986	453090390	0	0	0
1619011986	463142873	0	0	0
1619011986	473100366	0	0	0
1619011986	483104629	0	0	0
1619011986	493096286	0	0	0
1619011986	503157649	0	0	0
1619011986	513141267	0	0	0
1619011986	523098900	0	0	0
1619011986	533156901	0	0	0
1619011986	543156530	0	0	0
1619011986	553140964	0	0	0
1619011986	563108283	0	0	0
1619011986	573089021	0	0	0
1619011986	583092770	0	0	0
1619011986	593142985	0	0	0
1619011986	603107628	0	0	0
1619011986	613147758	0	0	0
1619011986	623099218	0	0	0
1619011986	633105763	0	0	0
1619011986	643150405	0	0	0
1619011986	653098501	0	0	0
1619011986	663088742	0	0	0
1619011986	673092676	0	0	0
1619011986	683152531	0	0	0
1619011986	693152787	0	0	0
1619011986	703144354	0	0	0
1619011986	713090862	0	0	0
1619011986	723150001	0	0	0
1619011986	733106035	0	0	0
1619011986	743096634	0	0	0
1619011986	753126229	0	0	0
1619011986	763120304	0	0	0
1619011986	773096771	0	0	0
1619011986	783094583	0	0	0
1619011986	793100238	0	0	0
1619011986	803114902	0	0	0
1619011986	813102453	0	0	0
1619011986	823099305	0	0	0
1619011986	833143064	0	0	0
1619011986	843134708	0	0	0
1619011986	853142514	0	0	0
1619011986	863154108	0	0	0
1619011986	873100653	0	0	0
1619011986	883166855	0	0	0
1619011986	893136027	0	0	0
1619011986	903105103	0	0	0
1619011986	913096747	0	0	0
1619011986	923158111	0	0	0
1619011986	933104225	0	0	0
1619011986	943099788	0	0	0
1619011986	953129280	0	0	0
1619011986	963118180	0	0	0
1619011986	973095425	0	0	0
1619011986	983157997	0	0	0
1619011986	993100658	0	0	0
1619011987	3130732	0	0	0
1619011987	13171765	0	0	0
1619011987	23143425	0	0	0
1619011987	33125879	0	0	0
1619011987	43139242	0	0	0
1619011987	53110214	0	0	0
1619011987	63101386	0	0	0
1619011987	73103675	0	0	0
1619011987	83141506	0	0	0
1619011987	93103066	0	0	0
1619011987	103146162	0	0	0
1619011987	113156749	0	0	0
1619011987	123164546	0	0	0
1619011987	133129885	0	0	0
1619011987	143098581	0	0	0
1619011987	153129763	0	0	0
1619011987	163108533	0	0	0
1619011987	173153378	0	0	0
1619011987	183188624	0	0	0
1619011987	193139147	0	0	0
1619011987	203122572	0	0	0
1619011987	213132753	0	0	0
1619011987	223151304	0	0	0
1619011987	233115596	0	0	0
1619011987	243101206	0	0	0
1619011987	253129740	0	0	0
1619011987	263139336	0	0	0
1619011987	273119197	0	0	0
1619011987	283142923	0	0	0
1619011987	293102982	0	0	0
1619011987	303105803	0	0	0
1619011987	313112631	0	0	0
1619011987	323105602	0	0	0
1619011987	333148108	0	0	0
1619011987	343132094	0	0	0
1619011987	353150643	0	0	0
1619011987	363092291	0	0	0
1619011987	373169020	0	0	0
1619011987	383160415	0	0	0
1619011987	393142011	0	0	0
1619011987	403119868	0	0	0
1619011987	413142203	0	0	0
1619011987	423145547	0	0	0
1619011987	433143339	0	0	0
1619011987	443141738	0	0	0
1619011987	453158788	0	0	0
1619011987	463110148	0	0	0
1619011987	473145632	0	0	0
1619011987	483095530	0	0	0
1619011987	493125886	0	0	0
1619011987	503154572	0	0	0
1619011987	513104374	0	0	0
1619011987	523167010	0	0	0
1619011987	533151524	0	0	0
1619011987	543147832	0	0	0
1619011987	553145554	0	0	0
1619011987	563109064	0	0	0
1619011987	573153623	0	0	0
1619011987	583148508	0	0	0
1619011987	593103472	0	0	0
1619011987	603147557	0	0	0
1619011987	613144067	0	0	0
1619011987	623113330	0	0	0
1619011987	633114834	0	0	0
1619011987	643123430	0	0	0
1619011987	653160778	0	0	0
1619011987	663114976	0	0	0
1619011987	673160561	0	0	0
1619011987	683127971	0	0	0
1619011987	693107753	0	0	0
1619011987	703106856	0	0	0
1619011987	713129143	0	0	0
1619011987	723110236	0	0	0
1619011987	733187309	0	0	0
1619011987	743116890	0	0	0
1619011987	753115498	0	0	0
1619011987	763144063	0	0	0
1619011987	773124497	0	0	0
1619011987	783109416	0	0	0
1619011987	793147059	0	0	0
1619011987	803079042	0	0	0
1619011987	813121596	0	0	0
1619011987	823142771	0	0	0
1619011987	833154113	0	0	0
1619011987	843163106	0	0	0
1619011987	853116920	0	0	0
1619011987	863145702	0	0	0
1619011987	873119155	0	0	0
1619011987	883117675	0	0	0
1619011987	893117004	0	0	0
1619011987	903123394	0	0	0
1619011987	913109627	0	0	0
1619011987	923114106	0	0	0
1619011987	933155512	0	0	0
1619011987	943131580	0	0	0
1619011987	953156608	0	0	0
1619011987	963114596	0	0	0
1619011987	973106179	0	0	0
1619011987	983110848	0	0	0
1619011987	993184755	0	0	0
1619011988	3118309	0	0	0
1619011988	13104105	0	0	0
1619011988	23123851	0	0	0
1619011988	33139430	0	0	0
1619011988	43155142	0	0	0
1619011988	53139168	0	0	0
1619011988	63155199	0	0	0
1619011988	73149480	0	0	0
1619011988	83147335	0	0	0
1619011988	93108516	0	0	0
1619011988	103118724	0	0	0
1619011988	113120001	0	0	0
1619011988	123126432	0	0	0
1619011988	133138508	0	0	0
1619011988	143160635	0	0	0
1619011988	153142669	0	0	0
1619011988	163134154	0	0	0
1619011988	173110592	0	0	0
1619011988	183176335	0	0	0
1619011988	193189938	0	0	0
1619011988	203134354	0	0	0
1619011988	213120114	0	0	0
1619011988	223111407	0	0	0
1619011988	233075924	0	0	0
1619011988	243099988	0	0	0
1619011988	253074937	0	0	0
1619011988	263108729	0	0	0
1619011988	273074116	0	0	0
1619011988	283084262	0	0	0
1619011988	293109223	0	0	0
1619011988	303065748	0	0	0
1619011988	313115195	0	0	0
1619011988	323058490	0	0	0
1619011988	333052931	0	0	0
1619011988	343110119	0	0	0
1619011988	353091806	0	0	0
1619011988	363084770	0	0	0
1619011988	373147867	0	0	0
1619011988	383115867	0	0	0
1619011988	393118949	0	0	0
1619011988	403177574	0	0	0
1619011988	413135263	0	0	0
1619011988	423113853	0	0	0
1619011988	433157014	0	0	0
1619011988	443160966	0	0	0
1619011988	453159433	0	0	0
1619011988	463109023	0	0	0
1619011988	473108090	0	0	0
1619011988	483170833	0	0	0
1619011988	493115151	0	0	0
1619011988	503186288	0	0	0
1619011988	513181296	0	0	0
1619011988	523159933	0	0	0
1619011988	533142116	0	0	0
1619011988	543156157	0	0	0
1619011988	553174661	0	0	0
1619011988	563114340	0	0	0
1619011988	573092869	0	0	0
1619011988	583143770	0	0	0
1619011988	593149587	0	0	0
1619011988	603138304	0	0	0
1619011988	613137920	0	0	0
1619011988	623074510	0	0	0
1619011988	633077899	0	0	0
1619011988	643069724	0	0	0
1619011988	653052859	0	0	0
1619011988	663079461	0	0	0
1619011988	673078502	0	0	0
1619011988	683071844	0	0	0
1619011988	693071120	0	0	0
1619011988	703068786	0	0	0
1619011988	713069834	0	0	0
1619011988	723074530	0	0	0
1619011988	733100366	0	0	0
1619011988	743046532	0	0	0
1619011988	753098518	0	0	0
1619011988	763096294	0	0	0
1619011988	773070375	0	0	0
1619011988	783105390	0	0	0
1619011988	793134152	0	0	0
1619011988	803068031	0	0	0
1619011988	813101249	0	0	0
1619011988	823057052	0	0	0
1619011988	833074796	0	0	0
1619011988	843067540	0	0	0
1619011988	853067628	0	0	0
1619011988	863100925	0	0	0
1619011988	873103242	0	0	0
1619011988	883094834	0	0	0
1619011988	893130248	0	0	0
1619011988	903100702	0	0	0
1619011988	913174239	0	0	0
1619011988	923050552	0	0	0
1619011988	933101178	0	0	0
1619011988	943192179	0	0	0
1619011988	953160630	0	0	0
1619011988	963176706	0	0	0
1619011988	973120161	0	0	0
1619011988	983138079	0	0	0
1619011988	993100619	0	0	0
1619011989	3114361	0	0	0
1619011989	13136493	0	0	0
1619011989	23080294	0	0	0
1619011989	33100918	0	0	0
1619011989	43078872	0	0	0
1619011989	53164761	0	0	0
1619011989	63124010	0	0	0
1619011989	73100026	0	0	0
1619011989	83100904	0	0	0
1619011989	93100674	0	0	0
1619011989	103185512	0	0	0
1619011989	113222614	0	0	0
1619011989	123125503	0	0	0
1619011989	133140594	0	0	0
1619011989	143164001	0	0	0
1619011989	153197130	0	0	0
1619011989	163160807	0	0	0
1619011989	173130702	0	0	0
1619011989	183141394	0	0	0
1619011989	193138652	0	0	0
1619011989	203194930	0	0	0
1619011989	213163791	0	0	0
1619011989	223122794	0	0	0
1619011989	233152335	0	0	0
1619011989	243162555	0	0	0
1619011989	253191301	0	0	0
