time_sec	time_nanosec	q_grav_0	q_grav_1	q_grav_2	q_grav_3
1619011977	263957821	206.916	281.596	230.569
1619011977	273889736	206.916	281.596	230.569
1619011977	283942556	206.916	281.596	230.569
1619011977	293930145	206.916	281.596	230.569
1619011977	304028294	206.916	281.596	230.569
1619011977	314245882	206.916	281.596	230.569
1619011977	324486523	206.916	281.596	230.569
1619011977	334676142	206.916	281.596	230.569
1619011977	344770125	206.916	281.596	230.569
1619011977	354761494	206.916	281.596	230.569
1619011977	364838900	206.916	281.596	230.569
1619011977	375231028	206.916	281.596	230.569
1619011977	384901414	206.916	281.596	230.569
1619011977	394797665	206.916	281.596	230.569
1619011977	404739113	206.916	281.596	230.569
1619011977	414763755	206.916	281.596	230.569
1619011977	424866780	206.916	281.596	230.569
1619011977	434806180	206.916	281.596	230.569
1619011977	445089673	206.916	281.596	230.569
1619011977	455012744	206.916	281.596	230.569
1619011977	464751596	206.916	281.596	230.569
1619011977	474831578	206.916	281.596	230.569
1619011977	484772146	206.916	281.596	230.569
1619011977	494716757	206.916	281.596	230.569
1619011977	504649836	206.916	281.596	230.569
1619011977	514959270	206.916	281.596	230.569
1619011977	525019531	206.916	281.596	230.569
1619011977	534870331	206.916	281.596	230.569
1619011977	544838209	206.916	281.596	230.569
1619011977	554811285	206.916	281.596	230.569
1619011977	564878517	206.916	281.596	230.569
1619011977	574808803	206.916	281.596	230.569
1619011977	584865669	206.916	281.596	230.569
1619011977	594772033	206.916	281.596	230.569
1619011977	604772859	206.916	281.596	230.569
1619011977	614673951	206.916	281.596	230.569
1619011977	624742704	206.916	281.596	230.569
1619011977	634680979	206.916	281.596	230.569
1619011977	644686547	206.916	281.596	230.569
1619011977	654883747	206.916	281.596	230.569
1619011977	664839769	206.916	281.596	230.569
1619011977	674616100	206.916	281.596	230.569
1619011977	684828875	206.916	281.596	230.569
1619011977	694738942	206.916	281.596	230.569
1619011977	704935473	206.916	281.596	230.569
1619011977	714878280	206.916	281.596	230.569
1619011977	724697498	206.916	281.596	230.569
1619011977	734671914	206.916	281.596	230.569
1619011977	744664672	206.916	281.596	230.569
1619011977	754693024	206.916	281.596	230.569
1619011977	764758100	206.916	281.596	230.569
1619011977	774853855	206.916	281.596	230.569
1619011977	784911107	206.916	281.596	230.569
1619011977	794842303	206.916	281.596	230.569
1619011977	804836351	206.916	281.596	230.569
1619011977	814816964	206.916	281.596	230.569
1619011977	824743872	206.916	281.596	230.569
1619011977	834781275	206.916	281.596	230.569
1619011977	844765997	206.916	281.596	230.569
1619011977	854857958	206.916	281.596	230.569
1619011977	864751185	206.916	281.596	230.569
1619011977	874761018	206.916	281.596	230.569
1619011977	884667402	206.916	281.596	230.569
1619011977	894684976	206.916	281.596	230.569
1619011977	904777364	206.916	281.596	230.569
1619011977	914729659	206.916	281.596	230.569
1619011977	924705987	206.916	281.596	230.569
1619011977	934739751	206.916	281.596	230.569
1619011977	944633219	206.916	281.596	230.569
1619011977	954707123	206.916	281.596	230.569
1619011977	964664513	206.916	281.596	230.569
1619011977	974700521	206.916	281.596	230.569
1619011977	984852980	206.916	281.596	230.569
1619011977	994924739	206.916	281.596	230.569
1619011978	4546074	206.916	281.596	230.569
1619011978	14839555	206.916	281.596	230.569
1619011978	24626242	206.916	281.596	230.569
1619011978	34701411	206.916	281.596	230.569
1619011978	44824259	206.916	281.596	230.569
1619011978	54746026	206.916	281.596	230.569
1619011978	64977049	206.916	281.596	230.569
1619011978	74826379	206.916	281.596	230.569
1619011978	84846541	206.916	281.596	230.569
1619011978	94649672	206.916	281.596	230.569
1619011978	104756986	206.916	281.596	230.569
1619011978	114869927	206.916	281.596	230.569
1619011978	124876902	206.916	281.596	230.569
1619011978	134588326	206.916	281.596	230.569
1619011978	144776120	206.916	281.596	230.569
1619011978	154897359	206.916	281.596	230.569
1619011978	164773632	206.916	281.596	230.569
1619011978	174816206	206.916	281.596	230.569
1619011978	184696705	206.916	281.596	230.569
1619011978	194923396	206.916	281.596	230.569
1619011978	204903126	206.916	281.596	230.569
1619011978	214973455	206.916	281.596	230.569
1619011978	224725782	206.916	281.596	230.569
1619011978	234783093	206.916	281.596	230.569
1619011978	244743514	206.916	281.596	230.569
1619011978	255050195	206.916	281.596	230.569
1619011978	264848322	206.916	281.596	230.569
1619011978	274767902	206.916	281.596	230.569
1619011978	284991570	206.916	281.596	230.569
1619011978	294733618	206.916	281.596	230.569
1619011978	304779003	206.916	281.596	230.569
1619011978	314873790	206.916	281.596	230.569
1619011978	324834155	206.916	281.596	230.569
1619011978	334905388	206.916	281.596	230.569
1619011978	344696416	206.916	281.596	230.569
1619011978	354675969	206.916	281.596	230.569
1619011978	364648382	206.916	281.596	230.569
1619011978	374800456	206.916	281.596	230.569
1619011978	384909264	206.916	281.596	230.569
1619011978	394718224	206.916	281.596	230.569
1619011978	404739134	206.916	281.596	230.569
1619011978	414885466	206.916	281.596	230.569
1619011978	424955176	206.916	281.596	230.569
1619011978	434927956	206.916	281.596	230.569
1619011978	444784931	206.916	281.596	230.569
1619011978	454796623	206.916	281.596	230.569
1619011978	464870874	206.916	281.596	230.569
1619011978	474808486	206.916	281.596	230.569
1619011978	484813088	206.916	281.596	230.569
1619011978	494711821	206.916	281.596	230.569
1619011978	504895984	206.916	281.596	230.569
1619011978	514802611	206.916	281.596	230.569
1619011978	524681134	206.916	281.596	230.569
1619011978	534799305	206.916	281.596	230.569
1619011978	544713535	206.916	281.596	230.569
1619011978	554653775	206.916	281.596	230.569
1619011978	564766606	206.916	281.596	230.569
1619011978	574732070	206.916	281.596	230.569
1619011978	584837059	206.916	281.596	230.569
1619011978	594786169	206.916	281.596	230.569
1619011978	604872988	206.916	281.596	230.569
1619011978	614833129	206.916	281.596	230.569
1619011978	624810772	206.916	281.596	230.569
1619011978	634977460	206.916	281.596	230.569
1619011978	644896294	206.916	281.596	230.569
1619011978	654624395	206.916	281.596	230.569
1619011978	664683506	206.916	281.596	230.569
1619011978	674756068	206.916	281.596	230.569
1619011978	684666320	206.916	281.596	230.569
1619011978	694669113	206.916	281.596	230.569
1619011978	704602488	206.916	281.596	230.569
1619011978	714665465	206.916	281.596	230.569
1619011978	724765570	206.916	281.596	230.569
1619011978	734707525	206.916	281.596	230.569
1619011978	744661234	206.916	281.596	230.569
1619011978	754822791	206.916	281.596	230.569
1619011978	764714248	206.916	281.596	230.569
1619011978	774941356	206.916	281.596	230.569
1619011978	784796570	206.916	281.596	230.569
1619011978	794913153	206.916	281.596	230.569
1619011978	804783486	206.916	281.596	230.569
1619011978	814572441	206.916	281.596	230.569
1619011978	824755127	206.916	281.596	230.569
1619011978	834835907	206.916	281.596	230.569
1619011978	844807632	206.916	281.596	230.569
1619011978	854681894	206.916	281.596	230.569
1619011978	864818553	206.916	281.596	230.569
1619011978	874826226	206.916	281.596	230.569
1619011978	884739294	206.916	281.596	230.569
1619011978	894738216	206.916	281.596	230.569
1619011978	904833558	206.916	281.596	230.569
1619011978	914886791	206.916	281.596	230.569
1619011978	924753681	206.916	281.596	230.569
1619011978	934823225	206.916	281.596	230.569
1619011978	944693601	206.916	281.596	230.569
1619011978	954719095	206.916	281.596	230.569
1619011978	964784548	206.916	281.596	230.569
1619011978	974876850	206.916	281.596	230.569
1619011978	984679849	206.916	281.596	230.569
1619011978	994624684	206.916	281.596	230.569
1619011979	4903689	206.916	281.596	230.569
1619011979	14740673	206.916	281.596	230.569
1619011979	24717737	206.916	281.596	230.569
1619011979	34779980	206.916	281.596	230.569
1619011979	44848476	206.916	281.596	230.569
1619011979	54767735	206.916	281.596	230.569
1619011979	64747543	206.916	281.596	230.569
1619011979	74798946	206.916	281.596	230.569
1619011979	84740446	206.916	281.596	230.569
1619011979	94646216	206.916	281.596	230.569
1619011979	104755079	206.916	281.596	230.569
1619011979	114974848	206.916	281.596	230.569
1619011979	124941485	206.916	281.596	230.569
1619011979	134963450	206.916	281.596	230.569
1619011979	144773100	206.916	281.596	230.569
1619011979	154828976	206.916	281.596	230.569
1619011979	164948800	206.916	281.596	230.569
1619011979	174896126	206.916	281.596	230.569
1619011979	184751898	206.916	281.596	230.569
1619011979	194774200	206.916	281.596	230.569
1619011979	204962719	206.916	281.596	230.569
1619011979	215015139	206.916	281.596	230.569
1619011979	224947370	206.916	281.596	230.569
1619011979	234927226	206.916	281.596	230.569
1619011979	244996262	206.916	281.596	230.569
1619011979	254975846	206.916	281.596	230.569
1619011979	264812674	206.916	281.596	230.569
1619011979	275054748	206.916	281.596	230.569
1619011979	284924591	206.916	281.596	230.569
1619011979	295035706	206.916	281.596	230.569
1619011979	305437106	206.916	281.596	230.569
1619011979	315072394	206.916	281.596	230.569
1619011979	324815670	206.916	281.596	230.569
1619011979	335092330	206.916	281.596	230.569
1619011979	344880359	206.916	281.596	230.569
1619011979	355052118	206.916	281.596	230.569
1619011979	365126505	206.916	281.596	230.569
1619011979	375020361	206.916	281.596	230.569
1619011979	384870129	206.916	281.596	230.569
1619011979	395079915	206.916	281.596	230.569
1619011979	404884021	206.916	281.596	230.569
1619011979	414993001	206.916	281.596	230.569
1619011979	424767940	206.916	281.596	230.569
1619011979	434774167	206.916	281.596	230.569
1619011979	444857248	206.916	281.596	230.569
1619011979	454679153	206.916	281.596	230.569
1619011979	464823112	206.916	281.596	230.569
1619011979	474734003	206.916	281.596	230.569
1619011979	484579456	206.916	281.596	230.569
1619011979	494856246	206.916	281.596	230.569
1619011979	504734647	206.916	281.596	230.569
1619011979	514773212	206.916	281.596	230.569
1619011979	524651221	206.916	281.596	230.569
1619011979	534713864	206.916	281.596	230.569
1619011979	544805947	206.916	281.596	230.569
1619011979	554786766	206.916	281.596	230.569
1619011979	564970606	206.916	281.596	230.569
1619011979	574940519	206.916	281.596	230.569
1619011979	584609252	206.916	281.596	230.569
1619011979	595170126	206.916	281.596	230.569
1619011979	604559224	206.916	281.596	230.569
1619011979	614942059	206.916	281.596	230.569
1619011979	624946772	206.916	281.596	230.569
1619011979	634914111	206.916	281.596	230.569
1619011979	644970139	206.916	281.596	230.569
1619011979	654898600	206.916	281.596	230.569
1619011979	664775502	206.916	281.596	230.569
1619011979	674886302	206.916	281.596	230.569
1619011979	684620520	206.916	281.596	230.569
1619011979	694788744	206.916	281.596	230.569
1619011979	704734593	206.916	281.596	230.569
1619011979	714681278	206.916	281.596	230.569
1619011979	724723117	206.916	281.596	230.569
1619011979	734827513	206.916	281.596	230.569
1619011979	744841716	206.916	281.596	230.569
1619011979	754850064	206.916	281.596	230.569
1619011979	764737467	206.916	281.596	230.569
1619011979	774803945	206.916	281.596	230.569
1619011979	784723066	206.916	281.596	230.569
1619011979	794686020	206.916	281.596	230.569
1619011979	804701443	206.916	281.596	230.569
1619011979	814619264	206.916	281.596	230.569
1619011979	824706658	206.916	281.596	230.569
1619011979	834658528	206.916	281.596	230.569
1619011979	844902310	206.916	281.596	230.569
1619011979	854829949	206.916	281.596	230.569
1619011979	864752211	206.916	281.596	230.569
1619011979	874698107	206.916	281.596	230.569
1619011979	884801705	206.916	281.596	230.569
1619011979	894703188	206.916	281.596	230.569
1619011979	904751676	206.916	281.596	230.569
1619011979	914835696	206.916	281.596	230.569
1619011979	924855235	206.916	281.596	230.569
1619011979	934840330	206.916	281.596	230.569
1619011979	944848884	206.916	281.596	230.569
1619011979	954809069	206.916	281.596	230.569
1619011979	964822988	206.916	281.596	230.569
1619011979	974765224	206.916	281.596	230.569
1619011979	984657357	206.916	281.596	230.569
1619011979	994802245	206.916	281.596	230.569
1619011980	4846715	206.916	281.596	230.569
1619011980	14735569	206.916	281.596	230.569
1619011980	24825684	206.916	281.596	230.569
1619011980	34945180	206.916	281.596	230.569
1619011980	44700845	206.916	281.596	230.569
1619011980	54801856	206.916	281.596	230.569
1619011980	64803121	206.916	281.596	230.569
1619011980	74879614	206.916	281.596	230.569
1619011980	84834046	206.916	281.596	230.569
1619011980	94738376	206.916	281.596	230.569
1619011980	104972987	206.916	281.596	230.569
1619011980	114834015	206.916	281.596	230.569
1619011980	124688855	206.916	281.596	230.569
1619011980	135291966	206.916	281.596	230.569
1619011980	145551538	206.916	281.596	230.569
1619011980	155246124	206.916	281.596	230.569
1619011980	164517082	206.916	281.596	230.569
1619011980	173890562	206.916	281.596	230.569
1619011980	184110459	206.916	281.596	230.569
1619011980	193904319	206.916	281.596	230.569
1619011980	204032133	206.916	281.596	230.569
1619011980	214009863	206.916	281.596	230.569
1619011980	224286069	206.916	281.596	230.569
1619011980	234774383	206.916	281.596	230.569
1619011980	244753132	206.916	281.596	230.569
1619011980	254752143	206.916	281.596	230.569
1619011980	264924207	206.916	281.596	230.569
1619011980	274993200	206.916	281.596	230.569
1619011980	284923909	206.916	281.596	230.569
1619011980	294904409	206.916	281.596	230.569
1619011980	304707437	206.916	281.596	230.569
1619011980	314734418	206.916	281.596	230.569
1619011980	324982088	206.916	281.596	230.569
1619011980	334832609	206.916	281.596	230.569
1619011980	344880140	206.916	281.596	230.569
1619011980	354834936	206.916	281.596	230.569
1619011980	364777652	206.916	281.596	230.569
1619011980	374802805	206.916	281.596	230.569
1619011980	384813319	206.916	281.596	230.569
1619011980	394820966	206.916	281.596	230.569
1619011980	404915608	206.916	281.596	230.569
1619011980	414846837	206.916	281.596	230.569
1619011980	424803381	206.916	281.596	230.569
1619011980	434957302	206.916	281.596	230.569
1619011980	444827046	206.916	281.596	230.569
1619011980	454793947	206.916	281.596	230.569
1619011980	464728812	206.916	281.596	230.569
1619011980	474682248	206.916	281.596	230.569
1619011980	484735746	206.916	281.596	230.569
1619011980	494755988	206.916	281.596	230.569
1619011980	504753051	206.916	281.596	230.569
1619011980	514767550	206.916	281.596	230.569
1619011980	524892636	206.916	281.596	230.569
1619011980	534989461	206.916	281.596	230.569
1619011980	544704056	206.916	281.596	230.569
1619011980	554830380	206.916	281.596	230.569
1619011980	564815389	206.916	281.596	230.569
1619011980	574847394	206.916	281.596	230.569
1619011980	584787300	206.916	281.596	230.569
1619011980	595233721	206.916	281.596	230.569
1619011980	604791887	206.916	281.596	230.569
1619011980	614824947	206.916	281.596	230.569
1619011980	624779606	206.916	281.596	230.569
1619011980	634819832	206.916	281.596	230.569
1619011980	644793185	206.916	281.596	230.569
1619011980	654691682	206.916	281.596	230.569
1619011980	664978192	206.916	281.596	230.569
1619011980	675052473	206.916	281.596	230.569
1619011980	684851700	206.916	281.596	230.569
1619011980	694898560	206.916	281.596	230.569
1619011980	704793752	206.916	281.596	230.569
1619011980	714831302	206.916	281.596	230.569
1619011980	724749134	206.916	281.596	230.569
1619011980	734697154	206.916	281.596	230.569
1619011980	744716572	206.916	281.596	230.569
1619011980	754780445	206.916	281.596	230.569
1619011980	764831802	206.916	281.596	230.569
1619011980	774878936	206.916	281.596	230.569
1619011980	784758699	206.916	281.596	230.569
1619011980	794862637	206.916	281.596	230.569
1619011980	804838051	206.916	281.596	230.569
1619011980	814995505	206.916	281.596	230.569
1619011980	824798259	206.916	281.596	230.569
1619011980	834764006	206.916	281.596	230.569
1619011980	844770113	206.916	281.596	230.569
1619011980	854921118	206.916	281.596	230.569
1619011980	864653931	206.916	281.596	230.569
1619011980	874952799	206.916	281.596	230.569
1619011980	884862996	206.916	281.596	230.569
1619011980	894914866	206.916	281.596	230.569
1619011980	904859470	206.916	281.596	230.569
1619011980	914812174	206.916	281.596	230.569
1619011980	924738572	206.916	281.596	230.569
1619011980	934952322	206.916	281.596	230.569
1619011980	944815106	206.916	281.596	230.569
1619011980	954806841	206.916	281.596	230.569
1619011980	965006959	206.916	281.596	230.569
1619011980	974874527	206.916	281.596	230.569
1619011980	984874963	206.916	281.596	230.569
1619011980	994932629	206.916	281.596	230.569
1619011981	4869683	206.916	281.596	230.569
1619011981	14759642	206.916	281.596	230.569
1619011981	24649423	206.916	281.596	230.569
1619011981	34824339	206.916	281.596	230.569
1619011981	44754248	206.916	281.596	230.569
1619011981	54742527	206.916	281.596	230.569
1619011981	64727890	206.916	281.596	230.569
1619011981	74789492	206.916	281.596	230.569
1619011981	84703313	206.916	281.596	230.569
1619011981	94852281	206.916	281.596	230.569
1619011981	104871566	206.916	281.596	230.569
1619011981	114923098	206.916	281.596	230.569
1619011981	125072952	206.916	281.596	230.569
1619011981	135101217	206.916	281.596	230.569
1619011981	144957424	206.916	281.596	230.569
1619011981	155089934	206.916	281.596	230.569
1619011981	164807164	206.916	281.596	230.569
1619011981	174960861	206.916	281.596	230.569
1619011981	184900741	206.916	281.596	230.569
1619011981	195062277	206.916	281.596	230.569
1619011981	204968498	206.916	281.596	230.569
1619011981	214965743	206.916	281.596	230.569
1619011981	224974608	206.916	281.596	230.569
1619011981	234956149	206.916	281.596	230.569
1619011981	244836656	206.916	281.596	230.569
1619011981	254745204	206.916	281.596	230.569
1619011981	264628548	206.916	281.596	230.569
1619011981	274749509	206.916	281.596	230.569
1619011981	284948441	206.916	281.596	230.569
1619011981	294716320	206.916	281.596	230.569
1619011981	304804612	206.916	281.596	230.569
1619011981	314936770	206.916	281.596	230.569
1619011981	325023470	206.916	281.596	230.569
1619011981	334756552	206.916	281.596	230.569
1619011981	344636477	206.916	281.596	230.569
1619011981	354796813	206.916	281.596	230.569
1619011981	364811199	206.916	281.596	230.569
1619011981	374768340	206.916	281.596	230.569
1619011981	384789507	206.916	281.596	230.569
1619011981	394717359	206.916	281.596	230.569
1619011981	404806401	206.916	281.596	230.569
1619011981	414846696	206.916	281.596	230.569
1619011981	424829516	206.916	281.596	230.569
1619011981	434793782	206.916	281.596	230.569
1619011981	444731221	206.916	281.596	230.569
1619011981	454611699	206.916	281.596	230.569
1619011981	464904688	206.916	281.596	230.569
1619011981	474903021	206.916	281.596	230.569
1619011981	484735893	206.916	281.596	230.569
1619011981	494901193	206.916	281.596	230.569
1619011981	504863560	206.916	281.596	230.569
1619011981	514852929	206.916	281.596	230.569
1619011981	524713282	206.916	281.596	230.569
1619011981	535242102	206.916	281.596	230.569
1619011981	544756789	206.916	281.596	230.569
1619011981	554940948	206.916	281.596	230.569
1619011981	564795029	206.916	281.596	230.569
1619011981	574943825	206.916	281.596	230.569
1619011981	584990211	206.916	281.596	230.569
1619011981	594901878	206.916	281.596	230.569
1619011981	604656186	206.916	281.596	230.569
1619011981	614981952	206.916	281.596	230.569
1619011981	624815971	206.916	281.596	230.569
1619011981	634879716	206.916	281.596	230.569
1619011981	644844700	206.916	281.596	230.569
1619011981	654804385	206.916	281.596	230.569
1619011981	664831236	206.916	281.596	230.569
1619011981	675003547	206.916	281.596	230.569
1619011981	684877749	206.916	281.596	230.569
1619011981	694855583	206.916	281.596	230.569
1619011981	704937084	206.916	281.596	230.569
1619011981	714909649	206.916	281.596	230.569
1619011981	724954584	206.916	281.596	230.569
1619011981	734866400	206.916	281.596	230.569
1619011981	744813440	206.916	281.596	230.569
1619011981	754960450	206.916	281.596	230.569
1619011981	764775892	206.916	281.596	230.569
1619011981	774860407	206.916	281.596	230.569
1619011981	784896714	206.916	281.596	230.569
1619011981	794844814	206.916	281.596	230.569
1619011981	804974544	206.916	281.596	230.569
1619011981	814656787	206.916	281.596	230.569
1619011981	824748823	206.916	281.596	230.569
1619011981	834921674	206.916	281.596	230.569
1619011981	844896704	206.916	281.596	230.569
1619011981	854901647	206.916	281.596	230.569
1619011981	865031141	206.916	281.596	230.569
1619011981	874065367	206.916	281.596	230.569
1619011981	883803290	206.916	281.596	230.569
1619011981	893661659	206.916	281.596	230.569
1619011981	903551249	206.916	281.596	230.569
1619011981	913578198	206.916	281.596	230.569
1619011981	923581611	206.916	281.596	230.569
1619011981	933554645	206.916	281.596	230.569
1619011981	943817454	206.916	281.596	230.569
1619011981	953788981	206.916	281.596	230.569
1619011981	963670660	206.916	281.596	230.569
1619011981	973644185	206.916	281.596	230.569
1619011981	983698161	206.916	281.596	230.569
1619011981	993750716	206.916	281.596	230.569
1619011982	3541365	206.916	281.596	230.569
1619011982	13623991	206.916	281.596	230.569
1619011982	23634902	206.916	281.596	230.569
1619011982	33728581	206.916	281.596	230.569
1619011982	43819127	206.916	281.596	230.569
1619011982	53636112	206.916	281.596	230.569
1619011982	63617686	206.916	281.596	230.569
1619011982	73575112	206.916	281.596	230.569
1619011982	83647466	206.916	281.596	230.569
1619011982	93601909	206.916	281.596	230.569
1619011982	103606599	206.916	281.596	230.569
1619011982	113627468	206.916	281.596	230.569
1619011982	123714854	206.916	281.596	230.569
1619011982	133919842	206.916	281.596	230.569
1619011982	143900646	206.916	281.596	230.569
1619011982	153751754	206.916	281.596	230.569
1619011982	163682298	206.916	281.596	230.569
1619011982	173744830	206.916	281.596	230.569
1619011982	183585762	206.916	281.596	230.569
1619011982	193800644	206.916	281.596	230.569
1619011982	203705454	206.916	281.596	230.569
1619011982	213590013	206.916	281.596	230.569
1619011982	223483302	206.916	281.596	230.569
1619011982	233707149	206.916	281.596	230.569
1619011982	243591085	206.916	281.596	230.569
1619011982	253491518	206.916	281.596	230.569
1619011982	263563002	206.916	281.596	230.569
1619011982	273614560	206.916	281.596	230.569
1619011982	283561521	206.916	281.596	230.569
1619011982	293813780	206.916	281.596	230.569
1619011982	303783617	206.916	281.596	230.569
1619011982	313708948	206.916	281.596	230.569
1619011982	323621057	206.916	281.596	230.569
1619011982	333724423	206.916	281.596	230.569
1619011982	343708656	206.916	281.596	230.569
1619011982	353541719	206.916	281.596	230.569
1619011982	363605522	206.916	281.596	230.569
1619011982	373565732	206.916	281.596	230.569
1619011982	383561797	206.916	281.596	230.569
1619011982	393565015	206.916	281.596	230.569
1619011982	403496953	206.916	281.596	230.569
1619011982	413814434	206.916	281.596	230.569
1619011982	423496775	206.916	281.596	230.569
1619011982	433456392	206.916	281.596	230.569
1619011982	443479701	206.916	281.596	230.569
1619011982	453568098	206.916	281.596	230.569
1619011982	463509504	206.916	281.596	230.569
1619011982	473945589	206.916	281.596	230.569
1619011982	483790273	206.916	281.596	230.569
1619011982	494133278	206.916	281.596	230.569
1619011982	504680408	206.916	281.596	230.569
1619011982	514782981	206.916	281.596	230.569
1619011982	524691479	206.916	281.596	230.569
1619011982	534692081	206.916	281.596	230.569
1619011982	544767083	206.916	281.596	230.569
1619011982	554754795	206.916	281.596	230.569
1619011982	564746453	206.916	281.596	230.569
1619011982	574810465	206.916	281.596	230.569
1619011982	584730190	206.916	281.596	230.569
1619011982	594629372	206.916	281.596	230.569
1619011982	604872645	206.916	281.596	230.569
1619011982	614534041	206.916	281.596	230.569
1619011982	624890738	206.916	281.596	230.569
1619011982	634795962	206.916	281.596	230.569
1619011982	644679501	206.916	281.596	230.569
1619011982	654858678	206.916	281.596	230.569
1619011982	664810926	206.916	281.596	230.569
1619011982	674724717	206.916	281.596	230.569
1619011982	684652723	206.916	281.596	230.569
1619011982	694769575	206.916	281.596	230.569
1619011982	705019538	206.916	281.596	230.569
1619011982	714572083	206.916	281.596	230.569
1619011982	724630884	206.916	281.596	230.569
1619011982	734836384	206.916	281.596	230.569
1619011982	744778198	206.916	281.596	230.569
1619011982	754872377	206.916	281.596	230.569
1619011982	764928214	206.916	281.596	230.569
1619011982	774887682	206.916	281.596	230.569
1619011982	784777101	206.916	281.596	230.569
1619011982	794862088	206.916	281.596	230.569
1619011982	804879356	206.916	281.596	230.569
1619011982	814762074	206.916	281.596	230.569
1619011982	824861657	206.916	281.596	230.569
1619011982	834702145	206.916	281.596	230.569
1619011982	844709985	206.916	281.596	230.569
1619011982	855009098	206.916	281.596	230.569
1619011982	864797657	206.916	281.596	230.569
1619011982	875143461	206.916	281.596	230.569
1619011982	884589770	206.916	281.596	230.569
1619011982	894921700	206.916	281.596	230.569
1619011982	904930875	206.916	281.596	230.569
1619011982	914647002	206.916	281.596	230.569
1619011982	925018341	206.916	281.596	230.569
1619011982	934825959	206.916	281.596	230.569
1619011982	944723286	206.916	281.596	230.569
1619011982	953931243	206.916	281.596	230.569
1619011982	963911788	206.916	281.596	230.569
1619011982	973673084	206.916	281.596	230.569
1619011982	983858061	206.916	281.596	230.569
1619011982	993819246	206.916	281.596	230.569
1619011983	3853858	206.916	281.596	230.569
1619011983	13651557	206.916	281.596	230.569
1619011983	23673137	206.916	281.596	230.569
1619011983	33662996	206.916	281.596	230.569
1619011983	43706594	206.916	281.596	230.569
1619011983	53672199	206.916	281.596	230.569
1619011983	63699004	206.916	281.596	230.569
1619011983	73777655	206.916	281.596	230.569
1619011983	84205064	206.916	281.596	230.569
1619011983	94680349	206.916	281.596	230.569
1619011983	104709547	206.916	281.596	230.569
1619011983	114958847	206.916	281.596	230.569
1619011983	124923210	206.916	281.596	230.569
1619011983	134732165	206.916	281.596	230.569
1619011983	145313156	206.916	281.596	230.569
1619011983	154776804	206.916	281.596	230.569
1619011983	164720688	206.916	281.596	230.569
1619011983	175012123	206.916	281.596	230.569
1619011983	184922882	206.916	281.596	230.569
1619011983	194698934	206.916	281.596	230.569
1619011983	204805317	206.916	281.596	230.569
1619011983	214735068	206.916	281.596	230.569
1619011983	224835419	206.916	281.596	230.569
1619011983	235029516	206.916	281.596	230.569
1619011983	244795178	206.916	281.596	230.569
1619011983	254907256	206.916	281.596	230.569
1619011983	265024235	206.916	281.596	230.569
1619011983	274786593	206.916	281.596	230.569
1619011983	285196356	206.916	281.596	230.569
1619011983	295005612	206.916	281.596	230.569
1619011983	304819606	206.916	281.596	230.569
1619011983	314857927	206.916	281.596	230.569
1619011983	324921941	206.916	281.596	230.569
1619011983	335027481	206.916	281.596	230.569
1619011983	344826838	206.916	281.596	230.569
1619011983	354965266	206.916	281.596	230.569
1619011983	364999138	206.916	281.596	230.569
1619011983	375032065	206.916	281.596	230.569
1619011983	384910291	206.916	281.596	230.569
1619011983	394901731	206.916	281.596	230.569
1619011983	404950377	206.916	281.596	230.569
1619011983	414853291	206.916	281.596	230.569
1619011983	425002451	206.916	281.596	230.569
1619011983	434890644	206.916	281.596	230.569
1619011983	444828396	206.916	281.596	230.569
1619011983	454960728	206.916	281.596	230.569
1619011983	464867189	206.916	281.596	230.569
1619011983	474801532	206.916	281.596	230.569
1619011983	485463517	206.916	281.596	230.569
1619011983	495277912	206.916	281.596	230.569
1619011983	505337871	206.916	281.596	230.569
1619011983	515398787	206.916	281.596	230.569
1619011983	524866229	206.916	281.596	230.569
1619011983	534794765	206.916	281.596	230.569
1619011983	545261491	206.916	281.596	230.569
1619011983	555029263	206.916	281.596	230.569
1619011983	565235236	206.916	281.596	230.569
1619011983	575217655	206.916	281.596	230.569
1619011983	584997480	206.916	281.596	230.569
1619011983	594870278	206.916	281.596	230.569
1619011983	604814505	206.916	281.596	230.569
1619011983	614827696	206.916	281.596	230.569
1619011983	624920461	206.916	281.596	230.569
1619011983	635257443	206.916	281.596	230.569
1619011983	644857497	206.916	281.596	230.569
1619011983	654944336	206.916	281.596	230.569
1619011983	664830661	206.916	281.596	230.569
1619011983	674934074	206.916	281.596	230.569
1619011983	684828960	206.916	281.596	230.569
1619011983	694996669	206.916	281.596	230.569
1619011983	705492130	206.916	281.596	230.569
1619011983	714938362	206.916	281.596	230.569
1619011983	724896192	206.916	281.596	230.569
1619011983	734921286	206.916	281.596	230.569
1619011983	744936166	206.916	281.596	230.569
1619011983	754655989	206.916	281.596	230.569
1619011983	764854622	206.916	281.596	230.569
1619011983	774808890	206.916	281.596	230.569
1619011983	784872212	206.916	281.596	230.569
1619011983	794912532	206.916	281.596	230.569
1619011983	804812639	206.916	281.596	230.569
1619011983	814955667	206.916	281.596	230.569
1619011983	825221106	206.916	281.596	230.569
1619011983	834866904	206.916	281.596	230.569
1619011983	844736069	206.916	281.596	230.569
1619011983	855183704	206.916	281.596	230.569
1619011983	864871115	206.916	281.596	230.569
1619011983	875164447	206.916	281.596	230.569
1619011983	884884269	206.916	281.596	230.569
1619011983	894875191	206.916	281.596	230.569
1619011983	905353244	206.916	281.596	230.569
1619011983	914809890	206.916	281.596	230.569
1619011983	924952876	206.916	281.596	230.569
1619011983	934911116	206.916	281.596	230.569
1619011983	945020153	206.916	281.596	230.569
1619011983	954805091	206.916	281.596	230.569
1619011983	964863533	206.916	281.596	230.569
1619011983	974710561	206.916	281.596	230.569
1619011983	984779596	206.916	281.596	230.569
1619011983	994829775	206.916	281.596	230.569
1619011984	4825559	206.916	281.596	230.569
1619011984	14903023	206.916	281.596	230.569
1619011984	24914941	206.916	281.596	230.569
1619011984	34651597	206.916	281.596	230.569
1619011984	44951542	206.916	281.596	230.569
1619011984	54880891	206.916	281.596	230.569
1619011984	64746273	206.916	281.596	230.569
1619011984	75039653	206.916	281.596	230.569
1619011984	84968562	206.916	281.596	230.569
1619011984	94712377	206.916	281.596	230.569
1619011984	105358098	206.916	281.596	230.569
1619011984	114788801	206.916	281.596	230.569
1619011984	124860822	206.916	281.596	230.569
1619011984	135237358	206.916	281.596	230.569
1619011984	144744145	206.916	281.596	230.569
1619011984	154945796	206.916	281.596	230.569
1619011984	165059241	206.916	281.596	230.569
1619011984	174871940	206.916	281.596	230.569
1619011984	184755018	206.916	281.596	230.569
1619011984	195067311	206.916	281.596	230.569
1619011984	204965209	206.916	281.596	230.569
1619011984	214949803	206.916	281.596	230.569
1619011984	224921173	206.916	281.596	230.569
1619011984	234958180	206.916	281.596	230.569
1619011984	244952401	206.916	281.596	230.569
1619011984	254915038	206.916	281.596	230.569
1619011984	265105637	206.916	281.596	230.569
1619011984	274938449	206.916	281.596	230.569
1619011984	285010694	206.916	281.596	230.569
1619011984	294958321	206.916	281.596	230.569
1619011984	304881132	206.916	281.596	230.569
1619011984	314813739	206.916	281.596	230.569
1619011984	325054122	206.916	281.596	230.569
1619011984	334829995	206.916	281.596	230.569
1619011984	344829202	206.916	281.596	230.569
1619011984	355096711	206.916	281.596	230.569
1619011984	364696981	206.916	281.596	230.569
1619011984	375022852	206.916	281.596	230.569
1619011984	384851416	206.916	281.596	230.569
1619011984	394737683	206.916	281.596	230.569
1619011984	405434930	206.916	281.596	230.569
1619011984	415371048	206.916	281.596	230.569
1619011984	424819089	206.916	281.596	230.569
1619011984	434835383	206.916	281.596	230.569
1619011984	445024404	206.916	281.596	230.569
1619011984	454856909	206.916	281.596	230.569
1619011984	464911204	206.916	281.596	230.569
1619011984	475465886	206.916	281.596	230.569
1619011984	484826822	206.916	281.596	230.569
1619011984	494968637	206.916	281.596	230.569
1619011984	505295322	206.916	281.596	230.569
1619011984	515084955	206.916	281.596	230.569
1619011984	524881007	206.916	281.596	230.569
1619011984	536182992	206.916	281.596	230.569
1619011984	545347233	206.916	281.596	230.569
1619011984	555434034	206.916	281.596	230.569
1619011984	564853840	206.916	281.596	230.569
1619011984	574841125	206.916	281.596	230.569
1619011984	584794374	206.916	281.596	230.569
1619011984	594894243	206.916	281.596	230.569
1619011984	605098358	206.916	281.596	230.569
1619011984	614805648	206.916	281.596	230.569
1619011984	625067947	206.916	281.596	230.569
1619011984	634993566	206.916	281.596	230.569
1619011984	644813302	206.916	281.596	230.569
1619011984	654961069	206.916	281.596	230.569
1619011984	664827859	206.916	281.596	230.569
1619011984	675079159	206.916	281.596	230.569
1619011984	684905659	206.916	281.596	230.569
1619011984	695017998	206.916	281.596	230.569
1619011984	704843502	206.916	281.596	230.569
1619011984	714982645	206.916	281.596	230.569
1619011984	724875608	206.916	281.596	230.569
1619011984	734875757	206.916	281.596	230.569
1619011984	745217716	206.916	281.596	230.569
1619011984	754896358	206.916	281.596	230.569
1619011984	764908138	206.916	281.596	230.569
1619011984	775012831	206.916	281.596	230.569
1619011984	784968553	206.916	281.596	230.569
1619011984	795072354	206.916	281.596	230.569
1619011984	804827449	206.916	281.596	230.569
1619011984	815284640	206.916	281.596	230.569
1619011984	824967135	206.916	281.596	230.569
1619011984	834983768	206.916	281.596	230.569
1619011984	844982320	206.916	281.596	230.569
1619011984	855070678	206.916	281.596	230.569
1619011984	864955710	206.916	281.596	230.569
1619011984	874899511	206.916	281.596	230.569
1619011984	884897374	206.916	281.596	230.569
1619011984	894940528	206.916	281.596	230.569
1619011984	905118100	206.916	281.596	230.569
1619011984	914895953	206.916	281.596	230.569
1619011984	924909591	206.916	281.596	230.569
1619011984	934767535	206.916	281.596	230.569
1619011984	944937420	206.916	281.596	230.569
1619011984	954975406	206.916	281.596	230.569
1619011984	964766649	206.916	281.596	230.569
1619011984	975103464	206.916	281.596	230.569
1619011984	985627696	206.916	281.596	230.569
1619011984	994895475	206.916	281.596	230.569
1619011985	4829780	206.916	281.596	230.569
1619011985	14928506	206.916	281.596	230.569
1619011985	24918906	206.916	281.596	230.569
1619011985	34949923	206.916	281.596	230.569
1619011985	45054843	206.916	281.596	230.569
1619011985	54978307	206.916	281.596	230.569
1619011985	64958674	206.916	281.596	230.569
1619011985	74976919	206.916	281.596	230.569
1619011985	85114876	206.916	281.596	230.569
1619011985	94858195	206.916	281.596	230.569
1619011985	105132684	206.916	281.596	230.569
1619011985	115012310	206.916	281.596	230.569
1619011985	124788310	206.916	281.596	230.569
1619011985	134933808	206.916	281.596	230.569
1619011985	144904642	206.916	281.596	230.569
1619011985	154663077	206.916	281.596	230.569
1619011985	164999484	206.916	281.596	230.569
1619011985	174929475	206.916	281.596	230.569
1619011985	184929356	206.916	281.596	230.569
1619011985	194927866	206.916	281.596	230.569
1619011985	205050669	206.916	281.596	230.569
1619011985	215314593	206.916	281.596	230.569
1619011985	225454490	206.916	281.596	230.569
1619011985	235049272	206.916	281.596	230.569
1619011985	244962535	206.916	281.596	230.569
1619011985	254829684	206.916	281.596	230.569
1619011985	265003902	206.916	281.596	230.569
1619011985	275148473	206.916	281.596	230.569
1619011985	284953508	206.916	281.596	230.569
1619011985	294874269	206.916	281.596	230.569
1619011985	304880325	206.916	281.596	230.569
1619011985	314898936	206.916	281.596	230.569
1619011985	325100380	206.916	281.596	230.569
1619011985	335069831	206.916	281.596	230.569
1619011985	344918679	206.916	281.596	230.569
1619011985	355044913	206.916	281.596	230.569
1619011985	364851222	206.916	281.596	230.569
1619011985	374748589	206.916	281.596	230.569
1619011985	384992661	206.916	281.596	230.569
1619011985	395266993	206.916	281.596	230.569
1619011985	404858857	206.916	281.596	230.569
1619011985	414919228	206.916	281.596	230.569
1619011985	424833912	206.916	281.596	230.569
1619011985	435022196	206.916	281.596	230.569
1619011985	444983909	206.916	281.596	230.569
1619011985	455038400	206.916	281.596	230.569
1619011985	464767949	206.916	281.596	230.569
1619011985	474952121	206.916	281.596	230.569
1619011985	485009919	206.916	281.596	230.569
1619011985	494834145	206.916	281.596	230.569
1619011985	505079492	206.916	281.596	230.569
1619011985	514900038	206.916	281.596	230.569
1619011985	524873426	206.916	281.596	230.569
1619011985	534814879	206.916	281.596	230.569
1619011985	544819226	206.916	281.596	230.569
1619011985	554849569	206.916	281.596	230.569
1619011985	565147623	206.916	281.596	230.569
1619011985	574742614	206.916	281.596	230.569
1619011985	585125566	206.916	281.596	230.569
1619011985	595483107	206.916	281.596	230.569
1619011985	605429665	206.916	281.596	230.569
1619011985	615302655	206.916	281.596	230.569
1619011985	624849733	206.916	281.596	230.569
1619011985	635337357	206.916	281.596	230.569
1619011985	644887103	206.916	281.596	230.569
1619011985	654870962	206.916	281.596	230.569
1619011985	664898963	206.916	281.596	230.569
1619011985	674873125	206.916	281.596	230.569
1619011985	684866577	206.916	281.596	230.569
1619011985	694952633	206.916	281.596	230.569
1619011985	704887785	206.916	281.596	230.569
1619011985	714859935	206.916	281.596	230.569
1619011985	724988343	206.916	281.596	230.569
1619011985	734984276	206.916	281.596	230.569
1619011985	744831197	206.916	281.596	230.569
1619011985	755005483	206.916	281.596	230.569
1619011985	764851279	206.916	281.596	230.569
1619011985	774948162	206.916	281.596	230.569
1619011985	785013679	206.916	281.596	230.569
1619011985	794974898	206.916	281.596	230.569
1619011985	805020910	206.916	281.596	230.569
1619011985	814896750	206.916	281.596	230.569
1619011985	824949859	206.916	281.596	230.569
1619011985	834859286	206.916	281.596	230.569
1619011985	844992100	206.916	281.596	230.569
1619011985	855056491	206.916	281.596	230.569
1619011985	864915824	206.916	281.596	230.569
1619011985	874918468	206.916	281.596	230.569
1619011985	885060874	206.916	281.596	230.569
1619011985	895009554	206.916	281.596	230.569
1619011985	904772064	206.916	281.596	230.569
1619011985	915143877	206.916	281.596	230.569
1619011985	924932455	206.916	281.596	230.569
1619011985	934747819	206.916	281.596	230.569
1619011985	945050045	206.916	281.596	230.569
1619011985	955044715	206.916	281.596	230.569
1619011985	965082887	206.916	281.596	230.569
1619011985	974884608	206.916	281.596	230.569
1619011985	984945771	206.916	281.596	230.569
1619011985	995049439	206.916	281.596	230.569
1619011986	5367347	206.916	281.596	230.569
1619011986	15392071	206.916	281.596	230.569
1619011986	25226631	206.916	281.596	230.569
1619011986	35099133	206.916	281.596	230.569
1619011986	44908744	206.916	281.596	230.569
1619011986	54833595	206.916	281.596	230.569
1619011986	65371362	206.916	281.596	230.569
1619011986	74922119	206.916	281.596	230.569
1619011986	84806703	206.916	281.596	230.569
1619011986	94944357	206.916	281.596	230.569
1619011986	104960158	206.916	281.596	230.569
1619011986	114733856	206.916	281.596	230.569
1619011986	125182381	206.916	281.596	230.569
1619011986	134952897	206.916	281.596	230.569
1619011986	144896279	206.916	281.596	230.569
1619011986	154910693	206.916	281.596	230.569
1619011986	164866754	206.916	281.596	230.569
1619011986	175375525	206.916	281.596	230.569
1619011986	185353454	206.916	281.596	230.569
1619011986	194869856	206.916	281.596	230.569
1619011986	204948776	206.916	281.596	230.569
1619011986	214968058	206.916	281.596	230.569
1619011986	225104987	206.916	281.596	230.569
1619011986	234869688	206.916	281.596	230.569
1619011986	244963474	206.916	281.596	230.569
1619011986	255436520	206.916	281.596	230.569
1619011986	264913970	206.916	281.596	230.569
1619011986	274836179	206.916	281.596	230.569
1619011986	285109795	206.916	281.596	230.569
1619011986	295038273	206.916	281.596	230.569
1619011986	304804476	206.916	281.596	230.569
1619011986	314982600	206.916	281.596	230.569
1619011986	325176476	206.916	281.596	230.569
1619011986	335265169	206.916	281.596	230.569
1619011986	344962182	206.916	281.596	230.569
1619011986	354815385	206.916	281.596	230.569
1619011986	364992484	206.916	281.596	230.569
1619011986	374905754	206.916	281.596	230.569
1619011986	385913538	206.916	281.596	230.569
1619011986	394988998	206.916	281.596	230.569
1619011986	405059117	206.916	281.596	230.569
1619011986	414979177	206.916	281.596	230.569
1619011986	424858318	206.916	281.596	230.569
1619011986	435127279	206.916	281.596	230.569
1619011986	444780346	206.916	281.596	230.569
1619011986	455203354	206.916	281.596	230.569
1619011986	464978936	206.916	281.596	230.569
1619011986	474861508	206.916	281.596	230.569
1619011986	484837376	206.916	281.596	230.569
1619011986	495040863	206.916	281.596	230.569
1619011986	505232613	206.916	281.596	230.569
1619011986	515232220	206.916	281.596	230.569
1619011986	525297795	206.916	281.596	230.569
1619011986	535589727	206.916	281.596	230.569
1619011986	544949499	206.916	281.596	230.569
1619011986	554860430	206.916	281.596	230.569
1619011986	565023889	206.916	281.596	230.569
1619011986	575056463	206.916	281.596	230.569
1619011986	585084518	206.916	281.596	230.569
1619011986	594910293	206.916	281.596	230.569
1619011986	605122555	206.916	281.596	230.569
1619011986	614988793	206.916	281.596	230.569
1619011986	624883779	206.916	281.596	230.569
1619011986	634932243	206.916	281.596	230.569
1619011986	644968007	206.916	281.596	230.569
1619011986	655090297	206.916	281.596	230.569
1619011986	664815524	206.916	281.596	230.569
1619011986	676161330	206.916	281.596	230.569
1619011986	684900490	206.916	281.596	230.569
1619011986	694888246	206.916	281.596	230.569
1619011986	704835365	206.916	281.596	230.569
1619011986	714917938	206.916	281.596	230.569
1619011986	725057162	206.916	281.596	230.569
1619011986	734882291	206.916	281.596	230.569
1619011986	744879437	206.916	281.596	230.569
1619011986	755141032	206.916	281.596	230.569
1619011986	764906270	206.916	281.596	230.569
1619011986	775083028	206.916	281.596	230.569
1619011986	785019712	206.916	281.596	230.569
1619011986	796168589	206.916	281.596	230.569
1619011986	805057246	206.916	281.596	230.569
1619011986	815068423	206.916	281.596	230.569
1619011986	825074063	206.916	281.596	230.569
1619011986	834890829	206.916	281.596	230.569
1619011986	846445022	206.916	281.596	230.569
1619011986	855053981	206.916	281.596	230.569
1619011986	864862449	206.916	281.596	230.569
1619011986	874970684	206.916	281.596	230.569
1619011986	885084503	206.916	281.596	230.569
1619011986	894859865	206.916	281.596	230.569
1619011986	904895758	206.916	281.596	230.569
1619011986	915151875	206.916	281.596	230.569
1619011986	924855667	206.916	281.596	230.569
1619011986	935057606	206.916	281.596	230.569
1619011986	944674646	206.916	281.596	230.569
1619011986	954917281	206.916	281.596	230.569
1619011986	964984098	206.916	281.596	230.569
1619011986	974992734	206.916	281.596	230.569
1619011986	985020014	206.916	281.596	230.569
1619011986	994862460	206.916	281.596	230.569
1619011987	5268237	206.916	281.596	230.569
1619011987	15417598	206.916	281.596	230.569
1619011987	24939874	206.916	281.596	230.569
1619011987	34985437	206.916	281.596	230.569
1619011987	44974013	206.916	281.596	230.569
1619011987	54959700	206.916	281.596	230.569
1619011987	65113048	206.916	281.596	230.569
1619011987	75000013	206.916	281.596	230.569
1619011987	85084434	206.916	281.596	230.569
1619011987	95414042	206.916	281.596	230.569
1619011987	105328937	206.916	281.596	230.569
1619011987	114843766	206.916	281.596	230.569
1619011987	124884360	206.916	281.596	230.569
1619011987	134852512	206.916	281.596	230.569
1619011987	144876693	206.916	281.596	230.569
1619011987	154924184	206.916	281.596	230.569
1619011987	164843170	206.916	281.596	230.569
1619011987	174917354	206.916	281.596	230.569
1619011987	184941770	206.916	281.596	230.569
1619011987	194882222	206.916	281.596	230.569
1619011987	204967488	206.916	281.596	230.569
1619011987	215104146	206.916	281.596	230.569
1619011987	224860737	206.916	281.596	230.569
1619011987	235162317	206.916	281.596	230.569
1619011987	245199261	206.916	281.596	230.569
1619011987	255411411	206.916	281.596	230.569
1619011987	264880716	206.916	281.596	230.569
1619011987	274953261	206.916	281.596	230.569
1619011987	284960671	206.916	281.596	230.569
1619011987	295201536	206.916	281.596	230.569
1619011987	305336361	206.916	281.596	230.569
1619011987	315069347	206.916	281.596	230.569
1619011987	324988822	206.916	281.596	230.569
1619011987	334953225	206.916	281.596	230.569
1619011987	344836874	206.916	281.596	230.569
1619011987	355153269	206.916	281.596	230.569
1619011987	364796328	206.916	281.596	230.569
1619011987	375116484	206.916	281.596	230.569
1619011987	384996931	206.916	281.596	230.569
1619011987	395099143	206.916	281.596	230.569
1619011987	405078264	206.916	281.596	230.569
1619011987	415158779	206.916	281.596	230.569
1619011987	424974219	206.916	281.596	230.569
1619011987	435242582	206.916	281.596	230.569
1619011987	444924392	206.916	281.596	230.569
1619011987	455034155	206.916	281.596	230.569
1619011987	465340008	206.916	281.596	230.569
1619011987	474987096	206.916	281.596	230.569
1619011987	484813472	206.916	281.596	230.569
1619011987	495037283	206.916	281.596	230.569
1619011987	504827687	206.916	281.596	230.569
1619011987	515172876	206.916	281.596	230.569
1619011987	525133807	206.916	281.596	230.569
1619011987	535216655	206.916	281.596	230.569
1619011987	545438900	206.916	281.596	230.569
1619011987	555449044	206.916	281.596	230.569
1619011987	564929603	206.916	281.596	230.569
1619011987	574861150	206.916	281.596	230.569
1619011987	585377887	206.916	281.596	230.569
1619011987	595082137	206.916	281.596	230.569
1619011987	604985319	206.916	281.596	230.569
1619011987	617320768	206.916	281.596	230.569
1619011987	624983428	206.916	281.596	230.569
1619011987	634895169	206.916	281.596	230.569
1619011987	645006147	206.916	281.596	230.569
1619011987	655035116	206.916	281.596	230.569
1619011987	664792810	206.916	281.596	230.569
1619011987	675084239	206.916	281.596	230.569
1619011987	685041297	206.916	281.596	230.569
1619011987	694988506	206.916	281.596	230.569
1619011987	704966825	206.916	281.596	230.569
1619011987	714984912	206.916	281.596	230.569
1619011987	724860475	206.916	281.596	230.569
1619011987	735147802	206.916	281.596	230.569
1619011987	744828272	206.916	281.596	230.569
1619011987	754945290	206.916	281.596	230.569
1619011987	765131565	206.916	281.596	230.569
1619011987	775081175	206.916	281.596	230.569
1619011987	784934642	206.916	281.596	230.569
1619011987	794905348	206.916	281.596	230.569
1619011987	804844616	206.916	281.596	230.569
1619011987	814902236	206.916	281.596	230.569
1619011987	824896988	206.916	281.596	230.569
1619011987	835354291	206.916	281.596	230.569
1619011987	844797900	206.916	281.596	230.569
1619011987	854914925	206.916	281.596	230.569
1619011987	864802807	206.916	281.596	230.569
1619011987	875071862	206.916	281.596	230.569
1619011987	884900970	206.916	281.596	230.569
1619011987	895180800	206.916	281.596	230.569
1619011987	904849685	206.916	281.596	230.569
1619011987	914784734	206.916	281.596	230.569
1619011987	924885523	206.916	281.596	230.569
1619011987	934912333	206.916	281.596	230.569
1619011987	944885826	206.916	281.596	230.569
1619011987	954962006	206.916	281.596	230.569
1619011987	965071861	206.916	281.596	230.569
1619011987	974985589	206.916	281.596	230.569
1619011987	984917093	206.916	281.596	230.569
1619011987	994933062	206.916	281.596	230.569
1619011988	5069582	206.916	281.596	230.569
1619011988	15060243	206.916	281.596	230.569
1619011988	24912756	206.916	281.596	230.569
1619011988	35453074	206.916	281.596	230.569
1619011988	44897105	206.916	281.596	230.569
1619011988	55009262	206.916	281.596	230.569
1619011988	65043594	206.916	281.596	230.569
1619011988	74936247	206.916	281.596	230.569
1619011988	85142654	206.916	281.596	230.569
1619011988	94871578	206.916	281.596	230.569
1619011988	104920520	206.916	281.596	230.569
1619011988	115293769	206.916	281.596	230.569
1619011988	125071423	206.916	281.596	230.569
1619011988	135083016	206.916	281.596	230.569
1619011988	145575454	206.916	281.596	230.569
1619011988	155126020	206.916	281.596	230.569
1619011988	165320469	206.916	281.596	230.569
1619011988	175022306	206.916	281.596	230.569
1619011988	184978022	206.916	281.596	230.569
1619011988	197730722	206.916	281.596	230.569
1619011988	204833074	206.916	281.596	230.569
1619011988	214364447	206.916	281.596	230.569
1619011988	223889656	206.916	281.596	230.569
1619011988	233872666	206.916	281.596	230.569
1619011988	244067050	206.916	281.596	230.569
1619011988	253949548	206.916	281.596	230.569
1619011988	264013403	206.916	281.596	230.569
1619011988	273970451	206.916	281.596	230.569
1619011988	283911262	206.916	281.596	230.569
1619011988	293801130	206.916	281.596	230.569
1619011988	303849912	206.916	281.596	230.569
1619011988	314039213	206.916	281.596	230.569
1619011988	323876993	206.916	281.596	230.569
1619011988	333783146	206.916	281.596	230.569
1619011988	343917271	206.916	281.596	230.569
1619011988	354087808	206.916	281.596	230.569
1619011988	364453642	206.916	281.596	230.569
1619011988	374892277	206.916	281.596	230.569
1619011988	384963451	206.916	281.596	230.569
1619011988	394920685	206.916	281.596	230.569
1619011988	404930315	206.916	281.596	230.569
1619011988	414989199	206.916	281.596	230.569
1619011988	424973827	206.916	281.596	230.569
1619011988	434924659	206.916	281.596	230.569
1619011988	444835898	206.916	281.596	230.569
1619011988	454843486	206.916	281.596	230.569
1619011988	464872698	206.916	281.596	230.569
1619011988	475057405	206.916	281.596	230.569
1619011988	484984421	206.916	281.596	230.569
1619011988	495014044	206.916	281.596	230.569
1619011988	504999895	206.916	281.596	230.569
1619011988	515512115	206.916	281.596	230.569
1619011988	525146780	206.916	281.596	230.569
1619011988	535037957	206.916	281.596	230.569
1619011988	545325531	206.916	281.596	230.569
1619011988	555071109	206.916	281.596	230.569
1619011988	564406801	206.916	281.596	230.569
1619011988	574469436	206.916	281.596	230.569
1619011988	584468108	206.916	281.596	230.569
1619011988	595252806	206.916	281.596	230.569
1619011988	604633018	206.916	281.596	230.569
1619011988	614328194	206.916	281.596	230.569
1619011988	624079318	206.916	281.596	230.569
1619011988	633976275	206.916	281.596	230.569
1619011988	644069172	206.916	281.596	230.569
1619011988	653694750	206.916	281.596	230.569
1619011988	663810491	206.916	281.596	230.569
1619011988	673839076	206.916	281.596	230.569
1619011988	683713753	206.916	281.596	230.569
1619011988	693933183	206.916	281.596	230.569
1619011988	703778517	206.916	281.596	230.569
1619011988	713769105	206.916	281.596	230.569
1619011988	723907698	206.916	281.596	230.569
1619011988	733723592	206.916	281.596	230.569
1619011988	743846147	206.916	281.596	230.569
1619011988	753735574	206.916	281.596	230.569
1619011988	763734511	206.916	281.596	230.569
1619011988	773885961	206.916	281.596	230.569
1619011988	783763262	206.916	281.596	230.569
1619011988	794024931	206.916	281.596	230.569
1619011988	803722240	206.916	281.596	230.569
1619011988	813839629	206.916	281.596	230.569
1619011988	823808600	206.916	281.596	230.569
1619011988	833678707	206.916	281.596	230.569
1619011988	843942300	206.916	281.596	230.569
1619011988	853831773	206.916	281.596	230.569
1619011988	863858812	206.916	281.596	230.569
1619011988	873785798	206.916	281.596	230.569
1619011988	883681503	206.916	281.596	230.569
1619011988	893995434	206.916	281.596	230.569
1619011988	903796902	206.916	281.596	230.569
1619011988	913853307	206.916	281.596	230.569
1619011988	923725345	206.916	281.596	230.569
1619011988	933728272	206.916	281.596	230.569
1619011988	946067208	206.916	281.596	230.569
1619011988	955084536	206.916	281.596	230.569
1619011988	965062653	206.916	281.596	230.569
1619011988	974897888	206.916	281.596	230.569
1619011988	985107032	206.916	281.596	230.569
1619011988	994425512	206.916	281.596	230.569
1619011989	4031887	206.916	281.596	230.569
1619011989	14025550	206.916	281.596	230.569
1619011989	23893537	206.916	281.596	230.569
1619011989	33774108	206.916	281.596	230.569
1619011989	43811393	206.916	281.596	230.569
1619011989	53865569	206.916	281.596	230.569
1619011989	63778496	206.916	281.596	230.569
1619011989	73907178	206.916	281.596	230.569
1619011989	84120123	206.916	281.596	230.569
1619011989	94462846	206.916	281.596	230.569
1619011989	104919745	206.916	281.596	230.569
1619011989	115247995	206.916	281.596	230.569
1619011989	124821920	206.916	281.596	230.569
1619011989	135122339	206.916	281.596	230.569
1619011989	146045988	206.916	281.596	230.569
1619011989	154940716	206.916	281.596	230.569
1619011989	165096655	206.916	281.596	230.569
1619011989	174810956	206.916	281.596	230.569
1619011989	185063570	206.916	281.596	230.569
1619011989	195128504	206.916	281.596	230.569
1619011989	205123586	206.916	281.596	230.569
1619011989	215110864	206.916	281.596	230.569
1619011989	224847546	206.916	281.596	230.569
1619011989	235149004	206.916	281.596	230.569
1619011989	245336186	206.916	281.596	230.569
1619011989	255028061	206.916	281.596	230.569
