time_sec	time_nanosec	ref_pose_0	ref_pose_1	ref_pose_2	ref_pose_3
1619011977	173176511	-0.000330233	-0.000330233	-0.000330233
1619011977	183352349	-0.000336782	-0.000336782	-0.000336782
1619011977	193365610	-0.000343391	-0.000343391	-0.000343391
1619011977	205639202	-0.000350062	-0.000350062	-0.000350062
1619011977	213466383	-0.000356793	-0.000356793	-0.000356793
1619011977	223280562	-0.000363585	-0.000363585	-0.000363585
1619011977	233061508	-0.000370438	-0.000370438	-0.000370438
1619011977	243193597	-0.000377352	-0.000377352	-0.000377352
1619011977	253620250	-0.000384326	-0.000384326	-0.000384326
1619011977	263262388	-0.00039136	-0.00039136	-0.00039136
1619011977	273204843	-0.000398455	-0.000398455	-0.000398455
1619011977	283175575	-0.00040561	-0.00040561	-0.00040561
1619011977	293207396	-0.000412826	-0.000412826	-0.000412826
1619011977	303137280	-0.000420101	-0.000420101	-0.000420101
1619011977	313218017	-0.000427436	-0.000427436	-0.000427436
1619011977	323171986	-0.000434831	-0.000434831	-0.000434831
1619011977	333241539	-0.000442286	-0.000442286	-0.000442286
1619011977	343363213	-0.000449801	-0.000449801	-0.000449801
1619011977	353477673	-0.000457375	-0.000457375	-0.000457375
1619011977	363445491	-0.000465009	-0.000465009	-0.000465009
1619011977	373389962	-0.000472702	-0.000472702	-0.000472702
1619011977	383396658	-0.000480454	-0.000480454	-0.000480454
1619011977	393483135	-0.000488266	-0.000488266	-0.000488266
1619011977	403330891	-0.000496136	-0.000496136	-0.000496136
1619011977	413382975	-0.000504066	-0.000504066	-0.000504066
1619011977	423388000	-0.000512055	-0.000512055	-0.000512055
1619011977	433353734	-0.000520102	-0.000520102	-0.000520102
1619011977	443410259	-0.000528209	-0.000528209	-0.000528209
1619011977	453556437	-0.000536373	-0.000536373	-0.000536373
1619011977	463324395	-0.000544597	-0.000544597	-0.000544597
1619011977	473427946	-0.000552879	-0.000552879	-0.000552879
1619011977	483397337	-0.000561219	-0.000561219	-0.000561219
1619011977	493318635	-0.000569618	-0.000569618	-0.000569618
1619011977	503297544	-0.000578074	-0.000578074	-0.000578074
1619011977	513542154	-0.000586589	-0.000586589	-0.000586589
1619011977	523634687	-0.000595162	-0.000595162	-0.000595162
1619011977	533417589	-0.000603793	-0.000603793	-0.000603793
1619011977	543373616	-0.000612481	-0.000612481	-0.000612481
1619011977	553360405	-0.000621227	-0.000621227	-0.000621227
1619011977	563371302	-0.000630031	-0.000630031	-0.000630031
1619011977	573382828	-0.000638892	-0.000638892	-0.000638892
1619011977	583441075	-0.000647811	-0.000647811	-0.000647811
1619011977	593316639	-0.000656787	-0.000656787	-0.000656787
1619011977	603470905	-0.000665821	-0.000665821	-0.000665821
1619011977	613247647	-0.000674911	-0.000674911	-0.000674911
1619011977	623244167	-0.000684058	-0.000684058	-0.000684058
1619011977	633343680	-0.000693263	-0.000693263	-0.000693263
1619011977	643290871	-0.000702524	-0.000702524	-0.000702524
1619011977	653573234	-0.000711842	-0.000711842	-0.000711842
1619011977	663512048	-0.000721217	-0.000721217	-0.000721217
1619011977	673296248	-0.000730648	-0.000730648	-0.000730648
1619011977	683461418	-0.000740136	-0.000740136	-0.000740136
1619011977	693302687	-0.00074968	-0.00074968	-0.00074968
1619011977	703518051	-0.000759281	-0.000759281	-0.000759281
1619011977	713593877	-0.000768938	-0.000768938	-0.000768938
1619011977	723300369	-0.000778651	-0.000778651	-0.000778651
1619011977	733322304	-0.000788419	-0.000788419	-0.000788419
1619011977	743307799	-0.000798244	-0.000798244	-0.000798244
1619011977	753422021	-0.000808125	-0.000808125	-0.000808125
1619011977	763308617	-0.000818061	-0.000818061	-0.000818061
1619011977	773371057	-0.000828053	-0.000828053	-0.000828053
1619011977	783493556	-0.000838101	-0.000838101	-0.000838101
1619011977	793530332	-0.000848204	-0.000848204	-0.000848204
1619011977	803468064	-0.000858362	-0.000858362	-0.000858362
1619011977	813533708	-0.000868575	-0.000868575	-0.000868575
1619011977	823507189	-0.000878844	-0.000878844	-0.000878844
1619011977	833353191	-0.000889168	-0.000889168	-0.000889168
1619011977	843417069	-0.000899547	-0.000899547	-0.000899547
1619011977	853332917	-0.00090998	-0.00090998	-0.00090998
1619011977	863340571	-0.000920469	-0.000920469	-0.000920469
1619011977	873370108	-0.000931012	-0.000931012	-0.000931012
1619011977	883336095	-0.00094161	-0.00094161	-0.00094161
1619011977	893322916	-0.000952262	-0.000952262	-0.000952262
1619011977	903316913	-0.000962969	-0.000962969	-0.000962969
1619011977	913267360	-0.00097373	-0.00097373	-0.00097373
1619011977	923297595	-0.000984545	-0.000984545	-0.000984545
1619011977	933358652	-0.000995415	-0.000995415	-0.000995415
1619011977	943278232	-0.00100634	-0.00100634	-0.00100634
1619011977	953296313	-0.00101732	-0.00101732	-0.00101732
1619011977	963336125	-0.00102835	-0.00102835	-0.00102835
1619011977	973296031	-0.00103943	-0.00103943	-0.00103943
1619011977	983426537	-0.00105057	-0.00105057	-0.00105057
1619011977	993383687	-0.00106176	-0.00106176	-0.00106176
1619011978	3292088	-0.00107301	-0.00107301	-0.00107301
1619011978	13464397	-0.00108431	-0.00108431	-0.00108431
1619011978	23249397	-0.00109566	-0.00109566	-0.00109566
1619011978	33493105	-0.00110707	-0.00110707	-0.00110707
1619011978	43488635	-0.00111852	-0.00111852	-0.00111852
1619011978	53361187	-0.00113004	-0.00113004	-0.00113004
1619011978	63512363	-0.0011416	-0.0011416	-0.0011416
1619011978	73462018	-0.00115322	-0.00115322	-0.00115322
1619011978	83433444	-0.00116489	-0.00116489	-0.00116489
1619011978	93242894	-0.00117661	-0.00117661	-0.00117661
1619011978	103290063	-0.00118839	-0.00118839	-0.00118839
1619011978	113490872	-0.00120021	-0.00120021	-0.00120021
1619011978	123450636	-0.00121209	-0.00121209	-0.00121209
1619011978	133299639	-0.00122403	-0.00122403	-0.00122403
1619011978	143516392	-0.00123601	-0.00123601	-0.00123601
1619011978	153349904	-0.00124805	-0.00124805	-0.00124805
1619011978	163311126	-0.00126014	-0.00126014	-0.00126014
1619011978	173402015	-0.00127228	-0.00127228	-0.00127228
1619011978	183312868	-0.00128447	-0.00128447	-0.00128447
1619011978	193411653	-0.00129671	-0.00129671	-0.00129671
1619011978	203420850	-0.00130901	-0.00130901	-0.00130901
1619011978	213474689	-0.00132136	-0.00132136	-0.00132136
1619011978	223315954	-0.00133375	-0.00133375	-0.00133375
1619011978	233349475	-0.0013462	-0.0013462	-0.0013462
1619011978	243315983	-0.00135871	-0.00135871	-0.00135871
1619011978	253551673	-0.00137126	-0.00137126	-0.00137126
1619011978	263326249	-0.00138386	-0.00138386	-0.00138386
1619011978	273384989	-0.00139651	-0.00139651	-0.00139651
1619011978	283584071	-0.00140922	-0.00140922	-0.00140922
1619011978	293321369	-0.00142198	-0.00142198	-0.00142198
1619011978	303304240	-0.00143478	-0.00143478	-0.00143478
1619011978	313442564	-0.00144764	-0.00144764	-0.00144764
1619011978	323401805	-0.00146055	-0.00146055	-0.00146055
1619011978	333559235	-0.0014735	-0.0014735	-0.0014735
1619011978	343330194	-0.00148651	-0.00148651	-0.00148651
1619011978	353326015	-0.00149957	-0.00149957	-0.00149957
1619011978	363311640	-0.00151268	-0.00151268	-0.00151268
1619011978	373497031	-0.00152584	-0.00152584	-0.00152584
1619011978	383565756	-0.00153904	-0.00153904	-0.00153904
1619011978	393403508	-0.0015523	-0.0015523	-0.0015523
1619011978	403315854	-0.00156561	-0.00156561	-0.00156561
1619011978	413379260	-0.00157897	-0.00157897	-0.00157897
1619011978	423557620	-0.00159237	-0.00159237	-0.00159237
1619011978	433439196	-0.00160583	-0.00160583	-0.00160583
1619011978	443481206	-0.00161934	-0.00161934	-0.00161934
1619011978	453346769	-0.00163289	-0.00163289	-0.00163289
1619011978	463398558	-0.0016465	-0.0016465	-0.0016465
1619011978	473398641	-0.00166015	-0.00166015	-0.00166015
1619011978	483359381	-0.00167385	-0.00167385	-0.00167385
1619011978	493340299	-0.0016876	-0.0016876	-0.0016876
1619011978	503555612	-0.0017014	-0.0017014	-0.0017014
1619011978	513344906	-0.00171525	-0.00171525	-0.00171525
1619011978	523332776	-0.00172915	-0.00172915	-0.00172915
1619011978	533363937	-0.00174309	-0.00174309	-0.00174309
1619011978	543378053	-0.00175709	-0.00175709	-0.00175709
1619011978	553331063	-0.00177113	-0.00177113	-0.00177113
1619011978	563465780	-0.00178522	-0.00178522	-0.00178522
1619011978	573383741	-0.00179936	-0.00179936	-0.00179936
1619011978	583511339	-0.00181355	-0.00181355	-0.00181355
1619011978	593472097	-0.00182778	-0.00182778	-0.00182778
1619011978	603423541	-0.00184206	-0.00184206	-0.00184206
1619011978	613482390	-0.00185639	-0.00185639	-0.00185639
1619011978	623426291	-0.00187077	-0.00187077	-0.00187077
1619011978	633544706	-0.0018852	-0.0018852	-0.0018852
1619011978	643529993	-0.00189967	-0.00189967	-0.00189967
1619011978	653264478	-0.00191419	-0.00191419	-0.00191419
1619011978	663392447	-0.00192876	-0.00192876	-0.00192876
1619011978	673462314	-0.00194337	-0.00194337	-0.00194337
1619011978	683310466	-0.00195803	-0.00195803	-0.00195803
1619011978	693290207	-0.00197274	-0.00197274	-0.00197274
1619011978	703254909	-0.0019875	-0.0019875	-0.0019875
1619011978	713332912	-0.0020023	-0.0020023	-0.0020023
1619011978	723422414	-0.00201715	-0.00201715	-0.00201715
1619011978	733334509	-0.00203204	-0.00203204	-0.00203204
1619011978	743310931	-0.00204699	-0.00204699	-0.00204699
1619011978	753427747	-0.00206198	-0.00206198	-0.00206198
1619011978	763325811	-0.00207701	-0.00207701	-0.00207701
1619011978	773570959	-0.00209209	-0.00209209	-0.00209209
1619011978	783487305	-0.00210722	-0.00210722	-0.00210722
1619011978	793370356	-0.00212239	-0.00212239	-0.00212239
1619011978	803480866	-0.00213761	-0.00213761	-0.00213761
1619011978	813348165	-0.00215288	-0.00215288	-0.00215288
1619011978	823455083	-0.00216819	-0.00216819	-0.00216819
1619011978	833455227	-0.00218354	-0.00218354	-0.00218354
1619011978	843343801	-0.00219895	-0.00219895	-0.00219895
1619011978	853484547	-0.0022144	-0.0022144	-0.0022144
1619011978	863464542	-0.00222989	-0.00222989	-0.00222989
1619011978	873525315	-0.00224543	-0.00224543	-0.00224543
1619011978	883469997	-0.00226101	-0.00226101	-0.00226101
1619011978	893383602	-0.00227664	-0.00227664	-0.00227664
1619011978	903482747	-0.00229231	-0.00229231	-0.00229231
1619011978	913564777	-0.00230803	-0.00230803	-0.00230803
1619011978	923383471	-0.0023238	-0.0023238	-0.0023238
1619011978	933477117	-0.0023396	-0.0023396	-0.0023396
1619011978	943315960	-0.00235546	-0.00235546	-0.00235546
1619011978	953325685	-0.00237135	-0.00237135	-0.00237135
1619011978	963360806	-0.0023873	-0.0023873	-0.0023873
1619011978	973579500	-0.00240328	-0.00240328	-0.00240328
1619011978	983319857	-0.00241931	-0.00241931	-0.00241931
1619011978	993307463	-0.00243539	-0.00243539	-0.00243539
1619011979	3343328	-0.00245151	-0.00245151	-0.00245151
1619011979	13339582	-0.00246767	-0.00246767	-0.00246767
1619011979	23317345	-0.00248388	-0.00248388	-0.00248388
1619011979	33359760	-0.00250013	-0.00250013	-0.00250013
1619011979	43497453	-0.00251642	-0.00251642	-0.00251642
1619011979	53380665	-0.00253276	-0.00253276	-0.00253276
1619011979	63420012	-0.00254914	-0.00254914	-0.00254914
1619011979	73424622	-0.00256557	-0.00256557	-0.00256557
1619011979	83305786	-0.00258203	-0.00258203	-0.00258203
1619011979	93285110	-0.00259855	-0.00259855	-0.00259855
1619011979	103294740	-0.0026151	-0.0026151	-0.0026151
1619011979	113531910	-0.0026317	-0.0026317	-0.0026317
1619011979	123563809	-0.00264834	-0.00264834	-0.00264834
1619011979	133537052	-0.00266502	-0.00266502	-0.00266502
1619011979	143335440	-0.00268175	-0.00268175	-0.00268175
1619011979	153378262	-0.00269852	-0.00269852	-0.00269852
1619011979	163514576	-0.00271533	-0.00271533	-0.00271533
1619011979	173403085	-0.00273218	-0.00273218	-0.00273218
1619011979	183298871	-0.00274908	-0.00274908	-0.00274908
1619011979	193332875	-0.00276602	-0.00276602	-0.00276602
1619011979	203574181	-0.002783	-0.002783	-0.002783
1619011979	213560059	-0.00280002	-0.00280002	-0.00280002
1619011979	223541559	-0.00281708	-0.00281708	-0.00281708
1619011979	233552654	-0.00283419	-0.00283419	-0.00283419
1619011979	243536385	-0.00285134	-0.00285134	-0.00285134
1619011979	253579920	-0.00286853	-0.00286853	-0.00286853
1619011979	263362097	-0.00288576	-0.00288576	-0.00288576
1619011979	273594372	-0.00290304	-0.00290304	-0.00290304
1619011979	283405627	-0.00292035	-0.00292035	-0.00292035
1619011979	293490358	-0.00293771	-0.00293771	-0.00293771
1619011979	303556568	-0.0029551	-0.0029551	-0.0029551
1619011979	313663088	-0.00297254	-0.00297254	-0.00297254
1619011979	323379612	-0.00299002	-0.00299002	-0.00299002
1619011979	333555340	-0.00300754	-0.00300754	-0.00300754
1619011979	343407052	-0.00302511	-0.00302511	-0.00302511
1619011979	353474843	-0.00304271	-0.00304271	-0.00304271
1619011979	363587015	-0.00306035	-0.00306035	-0.00306035
1619011979	373506096	-0.00307803	-0.00307803	-0.00307803
1619011979	383464734	-0.00309576	-0.00309576	-0.00309576
1619011979	393475838	-0.00311352	-0.00311352	-0.00311352
1619011979	403437319	-0.00313133	-0.00313133	-0.00313133
1619011979	413586938	-0.00314917	-0.00314917	-0.00314917
1619011979	423442710	-0.00316706	-0.00316706	-0.00316706
1619011979	433391248	-0.00318498	-0.00318498	-0.00318498
1619011979	443591076	-0.00320295	-0.00320295	-0.00320295
1619011979	453368304	-0.00322096	-0.00322096	-0.00322096
1619011979	463462546	-0.003239	-0.003239	-0.003239
1619011979	473449372	-0.00325708	-0.00325708	-0.00325708
1619011979	483334277	-0.00327521	-0.00327521	-0.00327521
1619011979	493540145	-0.00329337	-0.00329337	-0.00329337
1619011979	503407524	-0.00331158	-0.00331158	-0.00331158
1619011979	513382550	-0.00332982	-0.00332982	-0.00332982
1619011979	523310037	-0.0033481	-0.0033481	-0.0033481
1619011979	533333183	-0.00336642	-0.00336642	-0.00336642
1619011979	543325763	-0.00338478	-0.00338478	-0.00338478
1619011979	553437135	-0.00340318	-0.00340318	-0.00340318
1619011979	563503383	-0.00342162	-0.00342162	-0.00342162
1619011979	573590274	-0.00344009	-0.00344009	-0.00344009
1619011979	583261057	-0.00345861	-0.00345861	-0.00345861
1619011979	593377877	-0.00347716	-0.00347716	-0.00347716
1619011979	603252851	-0.00349575	-0.00349575	-0.00349575
1619011979	613483877	-0.00351438	-0.00351438	-0.00351438
1619011979	623427189	-0.00353305	-0.00353305	-0.00353305
1619011979	633459436	-0.00355176	-0.00355176	-0.00355176
1619011979	643600605	-0.0035705	-0.0035705	-0.0035705
1619011979	653471272	-0.00358928	-0.00358928	-0.00358928
1619011979	663382334	-0.0036081	-0.0036081	-0.0036081
1619011979	673500196	-0.00362696	-0.00362696	-0.00362696
1619011979	683270197	-0.00364586	-0.00364586	-0.00364586
1619011979	693386155	-0.00366479	-0.00366479	-0.00366479
1619011979	703337699	-0.00368376	-0.00368376	-0.00368376
1619011979	713365624	-0.00370277	-0.00370277	-0.00370277
1619011979	723362208	-0.00372181	-0.00372181	-0.00372181
1619011979	733344726	-0.0037409	-0.0037409	-0.0037409
1619011979	743559146	-0.00376002	-0.00376002	-0.00376002
1619011979	753488605	-0.00377917	-0.00377917	-0.00377917
1619011979	763357469	-0.00379837	-0.00379837	-0.00379837
1619011979	773372134	-0.0038176	-0.0038176	-0.0038176
1619011979	783361231	-0.00383687	-0.00383687	-0.00383687
1619011979	793342420	-0.00385617	-0.00385617	-0.00385617
1619011979	803338789	-0.00387551	-0.00387551	-0.00387551
1619011979	813259043	-0.00389489	-0.00389489	-0.00389489
1619011979	823356882	-0.0039143	-0.0039143	-0.0039143
1619011979	833291075	-0.00393375	-0.00393375	-0.00393375
1619011979	843507678	-0.00395324	-0.00395324	-0.00395324
1619011979	853503410	-0.00397276	-0.00397276	-0.00397276
1619011979	863359971	-0.00399232	-0.00399232	-0.00399232
1619011979	873317532	-0.00401191	-0.00401191	-0.00401191
1619011979	883501443	-0.00403154	-0.00403154	-0.00403154
1619011979	893367951	-0.00405121	-0.00405121	-0.00405121
1619011979	903499566	-0.00407091	-0.00407091	-0.00407091
1619011979	913523939	-0.00409065	-0.00409065	-0.00409065
1619011979	923368009	-0.00411042	-0.00411042	-0.00411042
1619011979	933434331	-0.00413022	-0.00413022	-0.00413022
1619011979	943558186	-0.00415007	-0.00415007	-0.00415007
1619011979	953349771	-0.00416995	-0.00416995	-0.00416995
1619011979	963500959	-0.00418986	-0.00418986	-0.00418986
1619011979	973534072	-0.00420981	-0.00420981	-0.00420981
1619011979	983351840	-0.00422979	-0.00422979	-0.00422979
1619011979	993450526	-0.00424981	-0.00424981	-0.00424981
1619011980	3504739	-0.00426986	-0.00426986	-0.00426986
1619011980	13377908	-0.00428995	-0.00428995	-0.00428995
1619011980	23328879	-0.00431007	-0.00431007	-0.00431007
1619011980	33551605	-0.00433022	-0.00433022	-0.00433022
1619011980	43357883	-0.00435041	-0.00435041	-0.00435041
1619011980	53409775	-0.00437064	-0.00437064	-0.00437064
1619011980	63551628	-0.00439089	-0.00439089	-0.00439089
1619011980	73380790	-0.00441119	-0.00441119	-0.00441119
1619011980	83478544	-0.00443151	-0.00443151	-0.00443151
1619011980	93368040	-0.00445187	-0.00445187	-0.00445187
1619011980	103440724	-0.00447227	-0.00447227	-0.00447227
1619011980	113529205	-0.00449269	-0.00449269	-0.00449269
1619011980	123366433	-0.00451316	-0.00451316	-0.00451316
1619011980	133530564	-0.00453365	-0.00453365	-0.00453365
1619011980	143358749	-0.00455418	-0.00455418	-0.00455418
1619011980	153517529	-0.00457474	-0.00457474	-0.00457474
1619011980	163225980	-0.00459533	-0.00459533	-0.00459533
1619011980	173199595	-0.00461596	-0.00461596	-0.00461596
1619011980	183276683	-0.00463662	-0.00463662	-0.00463662
1619011980	193213639	-0.00465731	-0.00465731	-0.00465731
1619011980	203180882	-0.00467804	-0.00467804	-0.00467804
1619011980	213202409	-0.0046988	-0.0046988	-0.0046988
1619011980	223268460	-0.00471959	-0.00471959	-0.00471959
1619011980	233524617	-0.00474041	-0.00474041	-0.00474041
1619011980	243323254	-0.00476127	-0.00476127	-0.00476127
1619011980	253359944	-0.00478216	-0.00478216	-0.00478216
1619011980	263456176	-0.00480308	-0.00480308	-0.00480308
1619011980	273511836	-0.00482403	-0.00482403	-0.00482403
1619011980	283540619	-0.00484502	-0.00484502	-0.00484502
1619011980	293544918	-0.00486604	-0.00486604	-0.00486604
1619011980	303324413	-0.00488708	-0.00488708	-0.00488708
1619011980	313382667	-0.00490816	-0.00490816	-0.00490816
1619011980	323474143	-0.00492928	-0.00492928	-0.00492928
1619011980	333547639	-0.00495042	-0.00495042	-0.00495042
1619011980	343448062	-0.0049716	-0.0049716	-0.0049716
1619011980	353493763	-0.0049928	-0.0049928	-0.0049928
1619011980	363406173	-0.00501404	-0.00501404	-0.00501404
1619011980	373399326	-0.00503531	-0.00503531	-0.00503531
1619011980	383461301	-0.00505661	-0.00505661	-0.00505661
1619011980	393431698	-0.00507794	-0.00507794	-0.00507794
1619011980	403471968	-0.0050993	-0.0050993	-0.0050993
1619011980	413437667	-0.0051207	-0.0051207	-0.0051207
1619011980	423446429	-0.00514212	-0.00514212	-0.00514212
1619011980	433573934	-0.00516358	-0.00516358	-0.00516358
1619011980	443385220	-0.00518506	-0.00518506	-0.00518506
1619011980	453343627	-0.00520658	-0.00520658	-0.00520658
1619011980	463356495	-0.00522812	-0.00522812	-0.00522812
1619011980	473340525	-0.0052497	-0.0052497	-0.0052497
1619011980	483356331	-0.00527131	-0.00527131	-0.00527131
1619011980	493397392	-0.00529294	-0.00529294	-0.00529294
1619011980	503342991	-0.00531461	-0.00531461	-0.00531461
1619011980	513443324	-0.0053363	-0.0053363	-0.0053363
1619011980	523387069	-0.00535803	-0.00535803	-0.00535803
1619011980	533584447	-0.00537979	-0.00537979	-0.00537979
1619011980	543324709	-0.00540157	-0.00540157	-0.00540157
1619011980	553359802	-0.00542339	-0.00542339	-0.00542339
1619011980	563485946	-0.00544523	-0.00544523	-0.00544523
1619011980	573495686	-0.0054671	-0.0054671	-0.0054671
1619011980	583427168	-0.00548901	-0.00548901	-0.00548901
1619011980	593546545	-0.00551094	-0.00551094	-0.00551094
1619011980	603376092	-0.0055329	-0.0055329	-0.0055329
1619011980	613408477	-0.00555489	-0.00555489	-0.00555489
1619011980	623356195	-0.00557691	-0.00557691	-0.00557691
1619011980	633532527	-0.00559896	-0.00559896	-0.00559896
1619011980	643309392	-0.00562103	-0.00562103	-0.00562103
1619011980	653307591	-0.00564314	-0.00564314	-0.00564314
1619011980	663457569	-0.00566527	-0.00566527	-0.00566527
1619011980	673439279	-0.00568743	-0.00568743	-0.00568743
1619011980	683525918	-0.00570962	-0.00570962	-0.00570962
1619011980	693579255	-0.00573184	-0.00573184	-0.00573184
1619011980	703438278	-0.00575409	-0.00575409	-0.00575409
1619011980	713457877	-0.00577636	-0.00577636	-0.00577636
1619011980	723323819	-0.00579866	-0.00579866	-0.00579866
1619011980	733341174	-0.00582099	-0.00582099	-0.00582099
1619011980	743364184	-0.00584335	-0.00584335	-0.00584335
1619011980	753411440	-0.00586574	-0.00586574	-0.00586574
1619011980	763492061	-0.00588815	-0.00588815	-0.00588815
1619011980	773529214	-0.00591059	-0.00591059	-0.00591059
1619011980	783364986	-0.00593306	-0.00593306	-0.00593306
1619011980	793427274	-0.00595555	-0.00595555	-0.00595555
1619011980	803372425	-0.00597807	-0.00597807	-0.00597807
1619011980	813482115	-0.00600062	-0.00600062	-0.00600062
1619011980	823328456	-0.0060232	-0.0060232	-0.0060232
1619011980	833333184	-0.0060458	-0.0060458	-0.0060458
1619011980	843405977	-0.00606843	-0.00606843	-0.00606843
1619011980	853605916	-0.00609109	-0.00609109	-0.00609109
1619011980	863356112	-0.00611377	-0.00611377	-0.00611377
1619011980	873529369	-0.00613648	-0.00613648	-0.00613648
1619011980	883406841	-0.00615922	-0.00615922	-0.00615922
1619011980	893576287	-0.00618198	-0.00618198	-0.00618198
1619011980	903393132	-0.00620477	-0.00620477	-0.00620477
1619011980	913418121	-0.00622758	-0.00622758	-0.00622758
1619011980	923416464	-0.00625042	-0.00625042	-0.00625042
1619011980	933506752	-0.00627329	-0.00627329	-0.00627329
1619011980	943345292	-0.00629618	-0.00629618	-0.00629618
1619011980	953404560	-0.0063191	-0.0063191	-0.0063191
1619011980	963611059	-0.00634205	-0.00634205	-0.00634205
1619011980	973398668	-0.00636502	-0.00636502	-0.00636502
1619011980	983401531	-0.00638801	-0.00638801	-0.00638801
1619011980	993579989	-0.00641103	-0.00641103	-0.00641103
1619011981	3489032	-0.00643408	-0.00643408	-0.00643408
1619011981	13370146	-0.00645715	-0.00645715	-0.00645715
1619011981	23273942	-0.00648024	-0.00648024	-0.00648024
1619011981	33456672	-0.00650336	-0.00650336	-0.00650336
1619011981	43385411	-0.00652651	-0.00652651	-0.00652651
1619011981	53374461	-0.00654968	-0.00654968	-0.00654968
1619011981	63361036	-0.00657288	-0.00657288	-0.00657288
1619011981	73350169	-0.0065961	-0.0065961	-0.0065961
1619011981	83366443	-0.00661934	-0.00661934	-0.00661934
1619011981	93411966	-0.00664261	-0.00664261	-0.00664261
1619011981	103525530	-0.0066659	-0.0066659	-0.0066659
1619011981	113487974	-0.00668922	-0.00668922	-0.00668922
1619011981	123562214	-0.00671256	-0.00671256	-0.00671256
1619011981	133675278	-0.00673593	-0.00673593	-0.00673593
1619011981	143471995	-0.00675932	-0.00675932	-0.00675932
1619011981	153518256	-0.00678273	-0.00678273	-0.00678273
1619011981	163290751	-0.00680617	-0.00680617	-0.00680617
1619011981	173474653	-0.00682963	-0.00682963	-0.00682963
1619011981	183387397	-0.00685311	-0.00685311	-0.00685311
1619011981	193551145	-0.00687662	-0.00687662	-0.00687662
1619011981	203481728	-0.00690015	-0.00690015	-0.00690015
1619011981	213568280	-0.00692371	-0.00692371	-0.00692371
1619011981	223524563	-0.00694729	-0.00694729	-0.00694729
1619011981	233527373	-0.00697089	-0.00697089	-0.00697089
1619011981	243516268	-0.00699451	-0.00699451	-0.00699451
1619011981	253342723	-0.00701816	-0.00701816	-0.00701816
1619011981	263391063	-0.00704183	-0.00704183	-0.00704183
1619011981	273390599	-0.00706552	-0.00706552	-0.00706552
1619011981	283567900	-0.00708924	-0.00708924	-0.00708924
1619011981	293398965	-0.00711297	-0.00711297	-0.00711297
1619011981	303394869	-0.00713673	-0.00713673	-0.00713673
1619011981	313527092	-0.00716052	-0.00716052	-0.00716052
1619011981	323625693	-0.00718432	-0.00718432	-0.00718432
1619011981	333399259	-0.00720815	-0.00720815	-0.00720815
1619011981	343319605	-0.007232	-0.007232	-0.007232
1619011981	353432833	-0.00725587	-0.00725587	-0.00725587
1619011981	363389510	-0.00727976	-0.00727976	-0.00727976
1619011981	373374600	-0.00730368	-0.00730368	-0.00730368
1619011981	383388014	-0.00732762	-0.00732762	-0.00732762
1619011981	393392849	-0.00735157	-0.00735157	-0.00735157
1619011981	403464377	-0.00737555	-0.00737555	-0.00737555
1619011981	413367806	-0.00739955	-0.00739955	-0.00739955
1619011981	423444487	-0.00742358	-0.00742358	-0.00742358
1619011981	433466929	-0.00744762	-0.00744762	-0.00744762
1619011981	443328724	-0.00747169	-0.00747169	-0.00747169
1619011981	453341983	-0.00749577	-0.00749577	-0.00749577
1619011981	463517594	-0.00751988	-0.00751988	-0.00751988
1619011981	473511299	-0.00754401	-0.00754401	-0.00754401
1619011981	483328379	-0.00756816	-0.00756816	-0.00756816
1619011981	493551080	-0.00759233	-0.00759233	-0.00759233
1619011981	503600402	-0.00761651	-0.00761651	-0.00761651
1619011981	513455412	-0.00764073	-0.00764073	-0.00764073
1619011981	523332877	-0.00766496	-0.00766496	-0.00766496
1619011981	533417075	-0.00768921	-0.00768921	-0.00768921
1619011981	543345933	-0.00771348	-0.00771348	-0.00771348
1619011981	553451440	-0.00773777	-0.00773777	-0.00773777
1619011981	563373624	-0.00776208	-0.00776208	-0.00776208
1619011981	573509050	-0.00778641	-0.00778641	-0.00778641
1619011981	583522500	-0.00781076	-0.00781076	-0.00781076
1619011981	593469497	-0.00783513	-0.00783513	-0.00783513
1619011981	603329842	-0.00785953	-0.00785953	-0.00785953
1619011981	613588513	-0.00788394	-0.00788394	-0.00788394
1619011981	623361702	-0.00790836	-0.00790836	-0.00790836
1619011981	633533690	-0.00793281	-0.00793281	-0.00793281
1619011981	643306413	-0.00795728	-0.00795728	-0.00795728
1619011981	653359316	-0.00798177	-0.00798177	-0.00798177
1619011981	663474290	-0.00800628	-0.00800628	-0.00800628
1619011981	673420385	-0.0080308	-0.0080308	-0.0080308
1619011981	683571624	-0.00805535	-0.00805535	-0.00805535
1619011981	693470311	-0.00807991	-0.00807991	-0.00807991
1619011981	703518995	-0.00810449	-0.00810449	-0.00810449
1619011981	713540972	-0.00812909	-0.00812909	-0.00812909
1619011981	723437787	-0.00815371	-0.00815371	-0.00815371
1619011981	733417954	-0.00817835	-0.00817835	-0.00817835
1619011981	743392002	-0.008203	-0.008203	-0.008203
1619011981	753490134	-0.00822768	-0.00822768	-0.00822768
1619011981	763495430	-0.00825237	-0.00825237	-0.00825237
1619011981	773507065	-0.00827708	-0.00827708	-0.00827708
1619011981	783499777	-0.00830181	-0.00830181	-0.00830181
1619011981	793368729	-0.00832655	-0.00832655	-0.00832655
1619011981	803553919	-0.00835132	-0.00835132	-0.00835132
1619011981	813369368	-0.0083761	-0.0083761	-0.0083761
1619011981	823388525	-0.0084009	-0.0084009	-0.0084009
1619011981	833581536	-0.00842571	-0.00842571	-0.00842571
1619011981	843537473	-0.00845055	-0.00845055	-0.00845055
1619011981	853454377	-0.0084754	-0.0084754	-0.0084754
1619011981	863601335	-0.00850027	-0.00850027	-0.00850027
1619011981	873214515	-0.00852515	-0.00852515	-0.00852515
1619011981	883185234	-0.00855005	-0.00855005	-0.00855005
1619011981	893152125	-0.00857497	-0.00857497	-0.00857497
1619011981	903166573	-0.00859991	-0.00859991	-0.00859991
1619011981	913126924	-0.00862486	-0.00862486	-0.00862486
1619011981	923115055	-0.00864983	-0.00864983	-0.00864983
1619011981	933135045	-0.00867482	-0.00867482	-0.00867482
1619011981	943156164	-0.00869982	-0.00869982	-0.00869982
1619011981	953168215	-0.00872484	-0.00872484	-0.00872484
1619011981	963168311	-0.00874987	-0.00874987	-0.00874987
1619011981	973170728	-0.00877493	-0.00877493	-0.00877493
1619011981	983111337	-0.00879999	-0.00879999	-0.00879999
1619011981	993168759	-0.00882508	-0.00882508	-0.00882508
1619011982	3097451	-0.00885018	-0.00885018	-0.00885018
1619011982	13088626	-0.00887529	-0.00887529	-0.00887529
1619011982	23113331	-0.00890042	-0.00890042	-0.00890042
1619011982	33171735	-0.00892557	-0.00892557	-0.00892557
1619011982	43132862	-0.00895073	-0.00895073	-0.00895073
1619011982	53103879	-0.00897591	-0.00897591	-0.00897591
1619011982	63151272	-0.0090011	-0.0090011	-0.0090011
1619011982	73142437	-0.00902631	-0.00902631	-0.00902631
1619011982	83175882	-0.00905153	-0.00905153	-0.00905153
1619011982	93129628	-0.00907677	-0.00907677	-0.00907677
1619011982	103125821	-0.00910202	-0.00910202	-0.00910202
1619011982	113083914	-0.00912729	-0.00912729	-0.00912729
1619011982	123113971	-0.00915257	-0.00915257	-0.00915257
1619011982	133174374	-0.00917787	-0.00917787	-0.00917787
1619011982	143262231	-0.00920318	-0.00920318	-0.00920318
1619011982	153230411	-0.00922851	-0.00922851	-0.00922851
1619011982	163232707	-0.00925385	-0.00925385	-0.00925385
1619011982	173190631	-0.0092792	-0.0092792	-0.0092792
1619011982	183178303	-0.00930457	-0.00930457	-0.00930457
1619011982	193218406	-0.00932995	-0.00932995	-0.00932995
1619011982	203211129	-0.00935535	-0.00935535	-0.00935535
1619011982	213085095	-0.00938076	-0.00938076	-0.00938076
1619011982	223049935	-0.00940619	-0.00940619	-0.00940619
1619011982	233189717	-0.00943162	-0.00943162	-0.00943162
1619011982	243089855	-0.00945708	-0.00945708	-0.00945708
1619011982	253052889	-0.00948254	-0.00948254	-0.00948254
1619011982	263076629	-0.00950802	-0.00950802	-0.00950802
1619011982	273119821	-0.00953351	-0.00953351	-0.00953351
1619011982	283114160	-0.00955902	-0.00955902	-0.00955902
1619011982	293235294	-0.00958454	-0.00958454	-0.00958454
1619011982	303231545	-0.00961007	-0.00961007	-0.00961007
1619011982	313295590	-0.00963562	-0.00963562	-0.00963562
1619011982	323159124	-0.00966117	-0.00966117	-0.00966117
1619011982	333266602	-0.00968674	-0.00968674	-0.00968674
1619011982	343123463	-0.00971233	-0.00971233	-0.00971233
1619011982	353084723	-0.00973792	-0.00973792	-0.00973792
1619011982	363098645	-0.00976353	-0.00976353	-0.00976353
1619011982	373118507	-0.00978915	-0.00978915	-0.00978915
1619011982	383089782	-0.00981479	-0.00981479	-0.00981479
1619011982	393087770	-0.00984043	-0.00984043	-0.00984043
1619011982	403074771	-0.00986609	-0.00986609	-0.00986609
1619011982	413233522	-0.00989176	-0.00989176	-0.00989176
1619011982	423083487	-0.00991744	-0.00991744	-0.00991744
1619011982	433116951	-0.00994313	-0.00994313	-0.00994313
1619011982	443077985	-0.00996884	-0.00996884	-0.00996884
1619011982	453162219	-0.00999456	-0.00999456	-0.00999456
1619011982	463067541	-0.0100203	-0.0100203	-0.0100203
1619011982	473183179	-0.010046	-0.010046	-0.010046
1619011982	483113746	-0.0100718	-0.0100718	-0.0100718
1619011982	493192943	-0.0100975	-0.0100975	-0.0100975
1619011982	503353395	-0.0101233	-0.0101233	-0.0101233
1619011982	513501073	-0.0101491	-0.0101491	-0.0101491
1619011982	523350371	-0.0101749	-0.0101749	-0.0101749
1619011982	533332702	-0.0102007	-0.0102007	-0.0102007
1619011982	543456130	-0.0102265	-0.0102265	-0.0102265
1619011982	553499557	-0.0102523	-0.0102523	-0.0102523
1619011982	563374701	-0.0102782	-0.0102782	-0.0102782
1619011982	573480187	-0.010304	-0.010304	-0.010304
1619011982	583324958	-0.0103299	-0.0103299	-0.0103299
1619011982	593327095	-0.0103558	-0.0103558	-0.0103558
1619011982	603637824	-0.0103816	-0.0103816	-0.0103816
1619011982	613250348	-0.0104075	-0.0104075	-0.0104075
1619011982	623521583	-0.0104334	-0.0104334	-0.0104334
1619011982	633361989	-0.0104593	-0.0104593	-0.0104593
1619011982	643405341	-0.0104853	-0.0104853	-0.0104853
1619011982	653472603	-0.0105112	-0.0105112	-0.0105112
1619011982	663521874	-0.0105371	-0.0105371	-0.0105371
1619011982	673367746	-0.0105631	-0.0105631	-0.0105631
1619011982	683333947	-0.010589	-0.010589	-0.010589
1619011982	693356857	-0.010615	-0.010615	-0.010615
1619011982	703507850	-0.010641	-0.010641	-0.010641
1619011982	713289758	-0.010667	-0.010667	-0.010667
1619011982	723319173	-0.010693	-0.010693	-0.010693
1619011982	733494957	-0.010719	-0.010719	-0.010719
1619011982	743459515	-0.010745	-0.010745	-0.010745
1619011982	753429733	-0.010771	-0.010771	-0.010771
1619011982	763560357	-0.010797	-0.010797	-0.010797
1619011982	773556506	-0.0108231	-0.0108231	-0.0108231
1619011982	783354387	-0.0108491	-0.0108491	-0.0108491
1619011982	793366923	-0.0108752	-0.0108752	-0.0108752
1619011982	803578135	-0.0109013	-0.0109013	-0.0109013
1619011982	813550915	-0.0109273	-0.0109273	-0.0109273
1619011982	823498291	-0.0109534	-0.0109534	-0.0109534
1619011982	833383837	-0.0109795	-0.0109795	-0.0109795
1619011982	843358118	-0.0110056	-0.0110056	-0.0110056
1619011982	853401612	-0.0110317	-0.0110317	-0.0110317
1619011982	863482876	-0.0110578	-0.0110578	-0.0110578
1619011982	873506657	-0.0110839	-0.0110839	-0.0110839
1619011982	883280184	-0.0111101	-0.0111101	-0.0111101
1619011982	893558075	-0.0111362	-0.0111362	-0.0111362
1619011982	903582536	-0.0111623	-0.0111623	-0.0111623
1619011982	913322722	-0.0111885	-0.0111885	-0.0111885
1619011982	923575206	-0.0112147	-0.0112147	-0.0112147
1619011982	933474245	-0.0112408	-0.0112408	-0.0112408
1619011982	943353893	-0.011267	-0.011267	-0.011267
1619011982	953193724	-0.0112932	-0.0112932	-0.0112932
1619011982	963234694	-0.0113194	-0.0113194	-0.0113194
1619011982	973168649	-0.0113456	-0.0113456	-0.0113456
1619011982	983153303	-0.0113718	-0.0113718	-0.0113718
1619011982	993159210	-0.011398	-0.011398	-0.011398
1619011983	3402483	-0.0114242	-0.0114242	-0.0114242
1619011983	13146407	-0.0114504	-0.0114504	-0.0114504
1619011983	23084244	-0.0114766	-0.0114766	-0.0114766
1619011983	33220837	-0.0115028	-0.0115028	-0.0115028
1619011983	43125084	-0.0115291	-0.0115291	-0.0115291
1619011983	53147574	-0.0115553	-0.0115553	-0.0115553
1619011983	63174440	-0.0115816	-0.0115816	-0.0115816
1619011983	73117947	-0.0116078	-0.0116078	-0.0116078
1619011983	83388847	-0.0116341	-0.0116341	-0.0116341
1619011983	93478042	-0.0116604	-0.0116604	-0.0116604
1619011983	103355621	-0.0116866	-0.0116866	-0.0116866
1619011983	113427643	-0.0117129	-0.0117129	-0.0117129
1619011983	123469810	-0.0117392	-0.0117392	-0.0117392
1619011983	133420851	-0.0117655	-0.0117655	-0.0117655
1619011983	143520218	-0.0117918	-0.0117918	-0.0117918
1619011983	153420409	-0.0118181	-0.0118181	-0.0118181
1619011983	163376140	-0.0118444	-0.0118444	-0.0118444
1619011983	173615166	-0.0118707	-0.0118707	-0.0118707
1619011983	183508519	-0.011897	-0.011897	-0.011897
1619011983	193296157	-0.0119233	-0.0119233	-0.0119233
1619011983	203348391	-0.0119496	-0.0119496	-0.0119496
1619011983	213321369	-0.011976	-0.011976	-0.011976
1619011983	223407718	-0.0120023	-0.0120023	-0.0120023
1619011983	233512021	-0.0120286	-0.0120286	-0.0120286
1619011983	243549843	-0.012055	-0.012055	-0.012055
1619011983	253614410	-0.0120813	-0.0120813	-0.0120813
1619011983	263571671	-0.0121077	-0.0121077	-0.0121077
1619011983	273392691	-0.012134	-0.012134	-0.012134
1619011983	283403151	-0.0121604	-0.0121604	-0.0121604
1619011983	293621784	-0.0121867	-0.0121867	-0.0121867
1619011983	303444275	-0.0122131	-0.0122131	-0.0122131
1619011983	313580846	-0.0122395	-0.0122395	-0.0122395
1619011983	323521140	-0.0122658	-0.0122658	-0.0122658
1619011983	333589839	-0.0122922	-0.0122922	-0.0122922
1619011983	343421259	-0.0123186	-0.0123186	-0.0123186
1619011983	353394478	-0.012345	-0.012345	-0.012345
1619011983	363501027	-0.0123714	-0.0123714	-0.0123714
1619011983	373514484	-0.0123977	-0.0123977	-0.0123977
1619011983	383473312	-0.0124241	-0.0124241	-0.0124241
1619011983	393418275	-0.0124505	-0.0124505	-0.0124505
1619011983	403560567	-0.0124769	-0.0124769	-0.0124769
1619011983	413511386	-0.0125033	-0.0125033	-0.0125033
1619011983	423461220	-0.0125297	-0.0125297	-0.0125297
1619011983	433559712	-0.0125561	-0.0125561	-0.0125561
1619011983	443468168	-0.0125825	-0.0125825	-0.0125825
1619011983	453537933	-0.0126089	-0.0126089	-0.0126089
1619011983	463509759	-0.0126354	-0.0126354	-0.0126354
1619011983	473438647	-0.0126618	-0.0126618	-0.0126618
1619011983	483464299	-0.0126882	-0.0126882	-0.0126882
1619011983	493512503	-0.0127146	-0.0127146	-0.0127146
1619011983	503410647	-0.012741	-0.012741	-0.012741
1619011983	513622383	-0.0127674	-0.0127674	-0.0127674
1619011983	523502439	-0.0127938	-0.0127938	-0.0127938
1619011983	533517382	-0.0128203	-0.0128203	-0.0128203
1619011983	543388701	-0.0128467	-0.0128467	-0.0128467
1619011983	553653032	-0.0128731	-0.0128731	-0.0128731
1619011983	563530258	-0.0128995	-0.0128995	-0.0128995
1619011983	573421862	-0.012926	-0.012926	-0.012926
1619011983	583557565	-0.0129524	-0.0129524	-0.0129524
1619011983	593405423	-0.0129788	-0.0129788	-0.0129788
1619011983	603344075	-0.0130053	-0.0130053	-0.0130053
1619011983	613396619	-0.0130317	-0.0130317	-0.0130317
1619011983	623547091	-0.0130581	-0.0130581	-0.0130581
1619011983	633568073	-0.0130846	-0.0130846	-0.0130846
1619011983	643397361	-0.013111	-0.013111	-0.013111
1619011983	653514052	-0.0131374	-0.0131374	-0.0131374
1619011983	663425321	-0.0131639	-0.0131639	-0.0131639
1619011983	673536889	-0.0131903	-0.0131903	-0.0131903
1619011983	683326988	-0.0132167	-0.0132167	-0.0132167
1619011983	693635500	-0.0132432	-0.0132432	-0.0132432
1619011983	703631564	-0.0132696	-0.0132696	-0.0132696
1619011983	713390212	-0.013296	-0.013296	-0.013296
1619011983	723393236	-0.0133225	-0.0133225	-0.0133225
1619011983	733487951	-0.0133489	-0.0133489	-0.0133489
1619011983	743570066	-0.0133753	-0.0133753	-0.0133753
1619011983	753357314	-0.0134017	-0.0134017	-0.0134017
1619011983	763396738	-0.0134282	-0.0134282	-0.0134282
1619011983	773421638	-0.0134546	-0.0134546	-0.0134546
1619011983	783487922	-0.013481	-0.013481	-0.013481
1619011983	793515687	-0.0135075	-0.0135075	-0.0135075
1619011983	803445698	-0.0135339	-0.0135339	-0.0135339
1619011983	813555430	-0.0135603	-0.0135603	-0.0135603
1619011983	823410288	-0.0135867	-0.0135867	-0.0135867
1619011983	833367533	-0.0136132	-0.0136132	-0.0136132
1619011983	843306825	-0.0136396	-0.0136396	-0.0136396
1619011983	853402743	-0.013666	-0.013666	-0.013666
1619011983	863439951	-0.0136924	-0.0136924	-0.0136924
1619011983	873720743	-0.0137188	-0.0137188	-0.0137188
1619011983	883371500	-0.0137453	-0.0137453	-0.0137453
1619011983	893402726	-0.0137717	-0.0137717	-0.0137717
1619011983	903459452	-0.0137981	-0.0137981	-0.0137981
1619011983	913414604	-0.0138245	-0.0138245	-0.0138245
1619011983	923379518	-0.0138509	-0.0138509	-0.0138509
1619011983	933505551	-0.0138773	-0.0138773	-0.0138773
1619011983	943388189	-0.0139037	-0.0139037	-0.0139037
1619011983	953413292	-0.0139301	-0.0139301	-0.0139301
1619011983	963514059	-0.0139565	-0.0139565	-0.0139565
1619011983	973327413	-0.0139829	-0.0139829	-0.0139829
1619011983	983401482	-0.0140093	-0.0140093	-0.0140093
1619011983	993421189	-0.0140357	-0.0140357	-0.0140357
1619011984	3557540	-0.0140621	-0.0140621	-0.0140621
1619011984	13438208	-0.0140885	-0.0140885	-0.0140885
1619011984	23437710	-0.0141148	-0.0141148	-0.0141148
1619011984	33331340	-0.0141412	-0.0141412	-0.0141412
1619011984	43590526	-0.0141676	-0.0141676	-0.0141676
1619011984	53406441	-0.014194	-0.014194	-0.014194
1619011984	63368602	-0.0142203	-0.0142203	-0.0142203
1619011984	73614554	-0.0142467	-0.0142467	-0.0142467
1619011984	83551536	-0.0142731	-0.0142731	-0.0142731
1619011984	93356073	-0.0142994	-0.0142994	-0.0142994
1619011984	103495158	-0.0143258	-0.0143258	-0.0143258
1619011984	113396728	-0.0143521	-0.0143521	-0.0143521
1619011984	123415230	-0.0143785	-0.0143785	-0.0143785
1619011984	133523008	-0.0144048	-0.0144048	-0.0144048
1619011984	143369635	-0.0144311	-0.0144311	-0.0144311
1619011984	153520746	-0.0144575	-0.0144575	-0.0144575
1619011984	163510058	-0.0144838	-0.0144838	-0.0144838
1619011984	173433762	-0.0145101	-0.0145101	-0.0145101
1619011984	183362932	-0.0145364	-0.0145364	-0.0145364
1619011984	193527301	-0.0145627	-0.0145627	-0.0145627
1619011984	203391940	-0.0145891	-0.0145891	-0.0145891
1619011984	213513172	-0.0146154	-0.0146154	-0.0146154
1619011984	223428616	-0.0146417	-0.0146417	-0.0146417
1619011984	233581748	-0.014668	-0.014668	-0.014668
1619011984	243380499	-0.0146942	-0.0146942	-0.0146942
1619011984	253510280	-0.0147205	-0.0147205	-0.0147205
1619011984	263395415	-0.0147468	-0.0147468	-0.0147468
1619011984	273515114	-0.0147731	-0.0147731	-0.0147731
1619011984	283445693	-0.0147993	-0.0147993	-0.0147993
1619011984	293411932	-0.0148256	-0.0148256	-0.0148256
1619011984	303448962	-0.0148519	-0.0148519	-0.0148519
1619011984	313394811	-0.0148781	-0.0148781	-0.0148781
1619011984	323594288	-0.0149044	-0.0149044	-0.0149044
1619011984	333389565	-0.0149306	-0.0149306	-0.0149306
1619011984	343435791	-0.0149568	-0.0149568	-0.0149568
1619011984	353624173	-0.014983	-0.014983	-0.014983
1619011984	363366822	-0.0150093	-0.0150093	-0.0150093
1619011984	373520830	-0.0150355	-0.0150355	-0.0150355
1619011984	383365311	-0.0150617	-0.0150617	-0.0150617
1619011984	393419729	-0.0150879	-0.0150879	-0.0150879
1619011984	403640406	-0.0151141	-0.0151141	-0.0151141
1619011984	413620234	-0.0151403	-0.0151403	-0.0151403
1619011984	423463877	-0.0151664	-0.0151664	-0.0151664
1619011984	433428676	-0.0151926	-0.0151926	-0.0151926
1619011984	443548663	-0.0152188	-0.0152188	-0.0152188
1619011984	453376153	-0.0152449	-0.0152449	-0.0152449
1619011984	463551909	-0.0152711	-0.0152711	-0.0152711
1619011984	473592443	-0.0152972	-0.0152972	-0.0152972
1619011984	483383174	-0.0153234	-0.0153234	-0.0153234
1619011984	493396215	-0.0153495	-0.0153495	-0.0153495
1619011984	503622272	-0.0153756	-0.0153756	-0.0153756
1619011984	513628542	-0.0154017	-0.0154017	-0.0154017
1619011984	523415175	-0.0154278	-0.0154278	-0.0154278
1619011984	533395703	-0.0154539	-0.0154539	-0.0154539
1619011984	543487427	-0.01548	-0.01548	-0.01548
1619011984	553708203	-0.0155061	-0.0155061	-0.0155061
1619011984	563493788	-0.0155322	-0.0155322	-0.0155322
1619011984	573385695	-0.0155583	-0.0155583	-0.0155583
1619011984	583392788	-0.0155843	-0.0155843	-0.0155843
1619011984	593506364	-0.0156104	-0.0156104	-0.0156104
1619011984	603686496	-0.0156364	-0.0156364	-0.0156364
1619011984	613413151	-0.0156624	-0.0156624	-0.0156624
1619011984	623564785	-0.0156885	-0.0156885	-0.0156885
1619011984	633544864	-0.0157145	-0.0157145	-0.0157145
1619011984	643474999	-0.0157405	-0.0157405	-0.0157405
1619011984	653453719	-0.0157665	-0.0157665	-0.0157665
1619011984	663405614	-0.0157925	-0.0157925	-0.0157925
1619011984	673675806	-0.0158184	-0.0158184	-0.0158184
1619011984	683476383	-0.0158444	-0.0158444	-0.0158444
1619011984	693566741	-0.0158704	-0.0158704	-0.0158704
1619011984	703434682	-0.0158963	-0.0158963	-0.0158963
1619011984	713524254	-0.0159222	-0.0159222	-0.0159222
1619011984	723553400	-0.0159482	-0.0159482	-0.0159482
1619011984	733423139	-0.0159741	-0.0159741	-0.0159741
1619011984	743427572	-0.016	-0.016	-0.016
1619011984	753455894	-0.0160259	-0.0160259	-0.0160259
1619011984	763405253	-0.0160518	-0.0160518	-0.0160518
1619011984	773549319	-0.0160777	-0.0160777	-0.0160777
1619011984	783645574	-0.0161035	-0.0161035	-0.0161035
1619011984	793487759	-0.0161294	-0.0161294	-0.0161294
1619011984	803405624	-0.0161553	-0.0161553	-0.0161553
1619011984	813388225	-0.0161811	-0.0161811	-0.0161811
1619011984	823450541	-0.0162069	-0.0162069	-0.0162069
1619011984	833574173	-0.0162327	-0.0162327	-0.0162327
1619011984	843505562	-0.0162585	-0.0162585	-0.0162585
1619011984	853627308	-0.0162843	-0.0162843	-0.0162843
1619011984	863533519	-0.0163101	-0.0163101	-0.0163101
1619011984	873376628	-0.0163359	-0.0163359	-0.0163359
1619011984	883455178	-0.0163617	-0.0163617	-0.0163617
1619011984	893589892	-0.0163874	-0.0163874	-0.0163874
1619011984	903564166	-0.0164132	-0.0164132	-0.0164132
1619011984	913386848	-0.0164389	-0.0164389	-0.0164389
1619011984	923406748	-0.0164646	-0.0164646	-0.0164646
1619011984	933406081	-0.0164903	-0.0164903	-0.0164903
1619011984	943384343	-0.016516	-0.016516	-0.016516
1619011984	953467226	-0.0165417	-0.0165417	-0.0165417
1619011984	963391804	-0.0165673	-0.0165673	-0.0165673
1619011984	973636306	-0.016593	-0.016593	-0.016593
1619011984	983457886	-0.0166187	-0.0166187	-0.0166187
1619011984	993451359	-0.0166443	-0.0166443	-0.0166443
1619011985	3470407	-0.0166699	-0.0166699	-0.0166699
1619011985	13425224	-0.0166955	-0.0166955	-0.0166955
1619011985	23512164	-0.0167211	-0.0167211	-0.0167211
1619011985	33612651	-0.0167467	-0.0167467	-0.0167467
1619011985	43611512	-0.0167723	-0.0167723	-0.0167723
1619011985	53636227	-0.0167978	-0.0167978	-0.0167978
1619011985	63617806	-0.0168234	-0.0168234	-0.0168234
1619011985	73622371	-0.0168489	-0.0168489	-0.0168489
1619011985	83649697	-0.0168744	-0.0168744	-0.0168744
1619011985	93458473	-0.0168999	-0.0168999	-0.0168999
1619011985	103682308	-0.0169254	-0.0169254	-0.0169254
1619011985	113624234	-0.0169509	-0.0169509	-0.0169509
1619011985	123402610	-0.0169764	-0.0169764	-0.0169764
1619011985	133417728	-0.0170018	-0.0170018	-0.0170018
1619011985	143520800	-0.0170273	-0.0170273	-0.0170273
1619011985	153378368	-0.0170527	-0.0170527	-0.0170527
1619011985	163571487	-0.0170781	-0.0170781	-0.0170781
1619011985	173448154	-0.0171035	-0.0171035	-0.0171035
1619011985	183500881	-0.0171289	-0.0171289	-0.0171289
1619011985	193439605	-0.0171542	-0.0171542	-0.0171542
1619011985	203646843	-0.0171796	-0.0171796	-0.0171796
1619011985	213548794	-0.0172049	-0.0172049	-0.0172049
1619011985	223413539	-0.0172303	-0.0172303	-0.0172303
1619011985	233650104	-0.0172556	-0.0172556	-0.0172556
1619011985	243632439	-0.0172809	-0.0172809	-0.0172809
1619011985	253355395	-0.0173061	-0.0173061	-0.0173061
1619011985	263577327	-0.0173314	-0.0173314	-0.0173314
1619011985	273685397	-0.0173567	-0.0173567	-0.0173567
1619011985	283514516	-0.0173819	-0.0173819	-0.0173819
1619011985	293420406	-0.0174071	-0.0174071	-0.0174071
1619011985	303455933	-0.0174323	-0.0174323	-0.0174323
1619011985	313535795	-0.0174575	-0.0174575	-0.0174575
1619011985	323564300	-0.0174827	-0.0174827	-0.0174827
1619011985	333621749	-0.0175079	-0.0175079	-0.0175079
1619011985	343568547	-0.017533	-0.017533	-0.017533
1619011985	353634105	-0.0175581	-0.0175581	-0.0175581
1619011985	363420324	-0.0175833	-0.0175833	-0.0175833
1619011985	373358735	-0.0176084	-0.0176084	-0.0176084
1619011985	383529128	-0.0176334	-0.0176334	-0.0176334
1619011985	393585732	-0.0176585	-0.0176585	-0.0176585
1619011985	403436109	-0.0176836	-0.0176836	-0.0176836
1619011985	413468269	-0.0177086	-0.0177086	-0.0177086
1619011985	423384522	-0.0177336	-0.0177336	-0.0177336
1619011985	433614340	-0.0177586	-0.0177586	-0.0177586
1619011985	443432184	-0.0177836	-0.0177836	-0.0177836
1619011985	453711820	-0.0178086	-0.0178086	-0.0178086
1619011985	463463119	-0.0178335	-0.0178335	-0.0178335
1619011985	473544603	-0.0178585	-0.0178585	-0.0178585
1619011985	483493939	-0.0178834	-0.0178834	-0.0178834
1619011985	493480863	-0.0179083	-0.0179083	-0.0179083
1619011985	503591108	-0.0179332	-0.0179332	-0.0179332
1619011985	513517643	-0.017958	-0.017958	-0.017958
1619011985	523485811	-0.0179829	-0.0179829	-0.0179829
1619011985	533384837	-0.0180077	-0.0180077	-0.0180077
1619011985	543493591	-0.0180325	-0.0180325	-0.0180325
1619011985	553428784	-0.0180573	-0.0180573	-0.0180573
1619011985	563609083	-0.0180821	-0.0180821	-0.0180821
1619011985	573399836	-0.0181069	-0.0181069	-0.0181069
1619011985	583457767	-0.0181316	-0.0181316	-0.0181316
1619011985	593623082	-0.0181564	-0.0181564	-0.0181564
1619011985	603520377	-0.0181811	-0.0181811	-0.0181811
1619011985	613646466	-0.0182058	-0.0182058	-0.0182058
1619011985	623404928	-0.0182304	-0.0182304	-0.0182304
1619011985	633539282	-0.0182551	-0.0182551	-0.0182551
1619011985	643528453	-0.0182797	-0.0182797	-0.0182797
1619011985	653567957	-0.0183043	-0.0183043	-0.0183043
1619011985	663425734	-0.0183289	-0.0183289	-0.0183289
1619011985	673594634	-0.0183535	-0.0183535	-0.0183535
1619011985	683582534	-0.0183781	-0.0183781	-0.0183781
1619011985	693520439	-0.0184026	-0.0184026	-0.0184026
1619011985	703521468	-0.0184272	-0.0184272	-0.0184272
1619011985	713514991	-0.0184517	-0.0184517	-0.0184517
1619011985	723482543	-0.0184762	-0.0184762	-0.0184762
1619011985	733617531	-0.0185006	-0.0185006	-0.0185006
1619011985	743391222	-0.0185251	-0.0185251	-0.0185251
1619011985	753586124	-0.0185495	-0.0185495	-0.0185495
1619011985	763462377	-0.0185739	-0.0185739	-0.0185739
1619011985	773538268	-0.0185983	-0.0185983	-0.0185983
1619011985	783569303	-0.0186227	-0.0186227	-0.0186227
1619011985	793589879	-0.018647	-0.018647	-0.018647
1619011985	803588021	-0.0186714	-0.0186714	-0.0186714
1619011985	813603811	-0.0186957	-0.0186957	-0.0186957
1619011985	823564135	-0.01872	-0.01872	-0.01872
1619011985	833382612	-0.0187442	-0.0187442	-0.0187442
1619011985	843553784	-0.0187685	-0.0187685	-0.0187685
1619011985	853561007	-0.0187927	-0.0187927	-0.0187927
1619011985	863604865	-0.0188169	-0.0188169	-0.0188169
1619011985	873444418	-0.0188411	-0.0188411	-0.0188411
1619011985	883578656	-0.0188653	-0.0188653	-0.0188653
1619011985	893512659	-0.0188894	-0.0188894	-0.0188894
1619011985	903342621	-0.0189136	-0.0189136	-0.0189136
1619011985	913379359	-0.0189377	-0.0189377	-0.0189377
1619011985	923584609	-0.0189618	-0.0189618	-0.0189618
1619011985	933373458	-0.0189858	-0.0189858	-0.0189858
1619011985	943563643	-0.0190099	-0.0190099	-0.0190099
1619011985	953550627	-0.0190339	-0.0190339	-0.0190339
1619011985	963462375	-0.0190579	-0.0190579	-0.0190579
1619011985	973383926	-0.0190819	-0.0190819	-0.0190819
1619011985	983630088	-0.0191058	-0.0191058	-0.0191058
1619011985	993594331	-0.0191298	-0.0191298	-0.0191298
1619011986	3529578	-0.0191537	-0.0191537	-0.0191537
1619011986	13728969	-0.0191776	-0.0191776	-0.0191776
1619011986	23384053	-0.0192014	-0.0192014	-0.0192014
1619011986	33652483	-0.0192253	-0.0192253	-0.0192253
1619011986	43499498	-0.0192491	-0.0192491	-0.0192491
1619011986	53378815	-0.0192729	-0.0192729	-0.0192729
1619011986	63485939	-0.0192967	-0.0192967	-0.0192967
1619011986	73588240	-0.0193205	-0.0193205	-0.0193205
1619011986	83463961	-0.0193442	-0.0193442	-0.0193442
1619011986	93525099	-0.0193679	-0.0193679	-0.0193679
1619011986	103630462	-0.0193916	-0.0193916	-0.0193916
1619011986	113394506	-0.0194153	-0.0194153	-0.0194153
1619011986	123542978	-0.0194389	-0.0194389	-0.0194389
1619011986	133477829	-0.0194626	-0.0194626	-0.0194626
1619011986	143408531	-0.0194862	-0.0194862	-0.0194862
1619011986	153539440	-0.0195097	-0.0195097	-0.0195097
1619011986	163405705	-0.0195333	-0.0195333	-0.0195333
1619011986	173634407	-0.0195568	-0.0195568	-0.0195568
1619011986	183550084	-0.0195803	-0.0195803	-0.0195803
1619011986	193416843	-0.0196038	-0.0196038	-0.0196038
1619011986	203416716	-0.0196273	-0.0196273	-0.0196273
1619011986	213596745	-0.0196507	-0.0196507	-0.0196507
1619011986	223567230	-0.0196741	-0.0196741	-0.0196741
1619011986	233457614	-0.0196975	-0.0196975	-0.0196975
1619011986	243471229	-0.0197209	-0.0197209	-0.0197209
1619011986	253688718	-0.0197442	-0.0197442	-0.0197442
1619011986	263517960	-0.0197675	-0.0197675	-0.0197675
1619011986	273439172	-0.0197908	-0.0197908	-0.0197908
1619011986	283643500	-0.0198141	-0.0198141	-0.0198141
1619011986	293584879	-0.0198373	-0.0198373	-0.0198373
1619011986	303526377	-0.0198606	-0.0198606	-0.0198606
1619011986	313438592	-0.0198838	-0.0198838	-0.0198838
1619011986	323569302	-0.0199069	-0.0199069	-0.0199069
1619011986	333545666	-0.0199301	-0.0199301	-0.0199301
1619011986	343457284	-0.0199532	-0.0199532	-0.0199532
1619011986	353399479	-0.0199763	-0.0199763	-0.0199763
1619011986	363612242	-0.0199994	-0.0199994	-0.0199994
1619011986	373453927	-0.0200224	-0.0200224	-0.0200224
1619011986	383455285	-0.0200454	-0.0200454	-0.0200454
1619011986	393476819	-0.0200684	-0.0200684	-0.0200684
1619011986	403517994	-0.0200914	-0.0200914	-0.0200914
1619011986	413392377	-0.0201143	-0.0201143	-0.0201143
1619011986	423427629	-0.0201373	-0.0201373	-0.0201373
1619011986	433679339	-0.0201601	-0.0201601	-0.0201601
1619011986	443446322	-0.020183	-0.020183	-0.020183
1619011986	453429124	-0.0202059	-0.0202059	-0.0202059
1619011986	463550047	-0.0202287	-0.0202287	-0.0202287
1619011986	473409223	-0.0202515	-0.0202515	-0.0202515
1619011986	483392160	-0.0202742	-0.0202742	-0.0202742
1619011986	493625880	-0.020297	-0.020297	-0.020297
1619011986	503425950	-0.0203197	-0.0203197	-0.0203197
1619011986	513516582	-0.0203423	-0.0203423	-0.0203423
1619011986	523501835	-0.020365	-0.020365	-0.020365
1619011986	533662749	-0.0203876	-0.0203876	-0.0203876
1619011986	543668592	-0.0204102	-0.0204102	-0.0204102
1619011986	553481589	-0.0204328	-0.0204328	-0.0204328
1619011986	563505200	-0.0204554	-0.0204554	-0.0204554
1619011986	573610705	-0.0204779	-0.0204779	-0.0204779
1619011986	583661648	-0.0205004	-0.0205004	-0.0205004
1619011986	593475311	-0.0205228	-0.0205228	-0.0205228
1619011986	603672626	-0.0205453	-0.0205453	-0.0205453
1619011986	613669452	-0.0205677	-0.0205677	-0.0205677
1619011986	623405762	-0.0205901	-0.0205901	-0.0205901
1619011986	633461459	-0.0206124	-0.0206124	-0.0206124
1619011986	643533696	-0.0206348	-0.0206348	-0.0206348
1619011986	653584497	-0.0206571	-0.0206571	-0.0206571
1619011986	663399922	-0.0206794	-0.0206794	-0.0206794
1619011986	673472830	-0.0207016	-0.0207016	-0.0207016
1619011986	683440627	-0.0207238	-0.0207238	-0.0207238
1619011986	693577152	-0.020746	-0.020746	-0.020746
1619011986	703504543	-0.0207682	-0.0207682	-0.0207682
1619011986	713394574	-0.0207903	-0.0207903	-0.0207903
1619011986	723658406	-0.0208124	-0.0208124	-0.0208124
1619011986	733403719	-0.0208345	-0.0208345	-0.0208345
1619011986	743480889	-0.0208565	-0.0208565	-0.0208565
1619011986	753680904	-0.0208785	-0.0208785	-0.0208785
1619011986	763574923	-0.0209005	-0.0209005	-0.0209005
1619011986	773666799	-0.0209225	-0.0209225	-0.0209225
1619011986	783434271	-0.0209444	-0.0209444	-0.0209444
1619011986	793616119	-0.0209663	-0.0209663	-0.0209663
1619011986	803515290	-0.0209882	-0.0209882	-0.0209882
1619011986	813626108	-0.0210101	-0.0210101	-0.0210101
1619011986	823540645	-0.0210319	-0.0210319	-0.0210319
1619011986	833420363	-0.0210537	-0.0210537	-0.0210537
1619011986	843482425	-0.0210754	-0.0210754	-0.0210754
1619011986	853656434	-0.0210971	-0.0210971	-0.0210971
1619011986	863504131	-0.0211188	-0.0211188	-0.0211188
1619011986	873532117	-0.0211405	-0.0211405	-0.0211405
1619011986	883666878	-0.0211621	-0.0211621	-0.0211621
1619011986	893475572	-0.0211837	-0.0211837	-0.0211837
1619011986	903420949	-0.0212053	-0.0212053	-0.0212053
1619011986	913548721	-0.0212269	-0.0212269	-0.0212269
1619011986	923438421	-0.0212484	-0.0212484	-0.0212484
1619011986	933672903	-0.0212699	-0.0212699	-0.0212699
1619011986	943393673	-0.0212913	-0.0212913	-0.0212913
1619011986	953484561	-0.0213127	-0.0213127	-0.0213127
1619011986	963450247	-0.0213341	-0.0213341	-0.0213341
1619011986	973532336	-0.0213555	-0.0213555	-0.0213555
1619011986	983599625	-0.0213768	-0.0213768	-0.0213768
1619011986	993403282	-0.0213981	-0.0213981	-0.0213981
1619011987	3700247	-0.0214194	-0.0214194	-0.0214194
1619011987	13716051	-0.0214406	-0.0214406	-0.0214406
1619011987	23520952	-0.0214618	-0.0214618	-0.0214618
1619011987	33592697	-0.021483	-0.021483	-0.021483
1619011987	43610265	-0.0215042	-0.0215042	-0.0215042
1619011987	53604073	-0.0215253	-0.0215253	-0.0215253
1619011987	63481610	-0.0215464	-0.0215464	-0.0215464
1619011987	73565397	-0.0215674	-0.0215674	-0.0215674
1619011987	83665419	-0.0215884	-0.0215884	-0.0215884
1619011987	93557513	-0.0216094	-0.0216094	-0.0216094
1619011987	103535700	-0.0216304	-0.0216304	-0.0216304
1619011987	113477044	-0.0216513	-0.0216513	-0.0216513
1619011987	123511348	-0.0216722	-0.0216722	-0.0216722
1619011987	133450895	-0.021693	-0.021693	-0.021693
1619011987	143417567	-0.0217138	-0.0217138	-0.0217138
1619011987	153551057	-0.0217346	-0.0217346	-0.0217346
1619011987	163355150	-0.0217554	-0.0217554	-0.0217554
1619011987	173520335	-0.0217761	-0.0217761	-0.0217761
1619011987	183517154	-0.0217968	-0.0217968	-0.0217968
1619011987	193546710	-0.0218175	-0.0218175	-0.0218175
1619011987	203418228	-0.0218381	-0.0218381	-0.0218381
1619011987	213464914	-0.0218587	-0.0218587	-0.0218587
1619011987	223446807	-0.0218793	-0.0218793	-0.0218793
1619011987	233412914	-0.0218998	-0.0218998	-0.0218998
1619011987	243387911	-0.0219203	-0.0219203	-0.0219203
1619011987	253671158	-0.0219407	-0.0219407	-0.0219407
1619011987	263440917	-0.0219612	-0.0219612	-0.0219612
1619011987	273448020	-0.0219816	-0.0219816	-0.0219816
1619011987	283464728	-0.0220019	-0.0220019	-0.0220019
1619011987	293443516	-0.0220223	-0.0220223	-0.0220223
1619011987	303525259	-0.0220425	-0.0220425	-0.0220425
1619011987	313525460	-0.0220628	-0.0220628	-0.0220628
1619011987	323533755	-0.022083	-0.022083	-0.022083
1619011987	333671298	-0.0221032	-0.0221032	-0.0221032
1619011987	343396725	-0.0221234	-0.0221234	-0.0221234
1619011987	353585769	-0.0221435	-0.0221435	-0.0221435
1619011987	363388249	-0.0221636	-0.0221636	-0.0221636
1619011987	373636854	-0.0221836	-0.0221836	-0.0221836
1619011987	383580429	-0.0222036	-0.0222036	-0.0222036
1619011987	393576170	-0.0222236	-0.0222236	-0.0222236
1619011987	403620999	-0.0222436	-0.0222436	-0.0222436
1619011987	413636957	-0.0222635	-0.0222635	-0.0222635
1619011987	423619688	-0.0222834	-0.0222834	-0.0222834
1619011987	433684568	-0.0223032	-0.0223032	-0.0223032
1619011987	443450169	-0.022323	-0.022323	-0.022323
1619011987	453678003	-0.0223428	-0.0223428	-0.0223428
1619011987	463575423	-0.0223625	-0.0223625	-0.0223625
1619011987	473625451	-0.0223822	-0.0223822	-0.0223822
1619011987	483547033	-0.0224019	-0.0224019	-0.0224019
1619011987	493619441	-0.0224215	-0.0224215	-0.0224215
1619011987	503433538	-0.0224411	-0.0224411	-0.0224411
1619011987	513421022	-0.0224607	-0.0224607	-0.0224607
1619011987	523704853	-0.0224802	-0.0224802	-0.0224802
1619011987	533683366	-0.0224997	-0.0224997	-0.0224997
1619011987	543469421	-0.0225191	-0.0225191	-0.0225191
1619011987	553621931	-0.0225385	-0.0225385	-0.0225385
1619011987	563460058	-0.0225579	-0.0225579	-0.0225579
1619011987	573430822	-0.0225773	-0.0225773	-0.0225773
1619011987	583602873	-0.0225966	-0.0225966	-0.0225966
1619011987	593653893	-0.0226158	-0.0226158	-0.0226158
1619011987	603625832	-0.0226351	-0.0226351	-0.0226351
1619011987	613494261	-0.0226543	-0.0226543	-0.0226543
1619011987	623552751	-0.0226734	-0.0226734	-0.0226734
1619011987	633459767	-0.0226925	-0.0226925	-0.0226925
1619011987	643433134	-0.0227116	-0.0227116	-0.0227116
1619011987	653652078	-0.0227307	-0.0227307	-0.0227307
1619011987	663487422	-0.0227497	-0.0227497	-0.0227497
1619011987	673695802	-0.0227686	-0.0227686	-0.0227686
1619011987	683567805	-0.0227876	-0.0227876	-0.0227876
1619011987	693593981	-0.0228065	-0.0228065	-0.0228065
1619011987	703440863	-0.0228253	-0.0228253	-0.0228253
1619011987	713560591	-0.0228442	-0.0228442	-0.0228442
1619011987	723427292	-0.0228629	-0.0228629	-0.0228629
1619011987	733448963	-0.0228817	-0.0228817	-0.0228817
1619011987	743389564	-0.0229004	-0.0229004	-0.0229004
1619011987	753453903	-0.0229191	-0.0229191	-0.0229191
1619011987	763557989	-0.0229377	-0.0229377	-0.0229377
1619011987	773613472	-0.0229563	-0.0229563	-0.0229563
1619011987	783518826	-0.0229748	-0.0229748	-0.0229748
1619011987	793481278	-0.0229933	-0.0229933	-0.0229933
1619011987	803394590	-0.0230118	-0.0230118	-0.0230118
1619011987	813482069	-0.0230303	-0.0230303	-0.0230303
1619011987	823457543	-0.0230487	-0.0230487	-0.0230487
1619011987	833446003	-0.023067	-0.023067	-0.023067
1619011987	843470942	-0.0230853	-0.0230853	-0.0230853
1619011987	853535354	-0.0231036	-0.0231036	-0.0231036
1619011987	863439172	-0.0231219	-0.0231219	-0.0231219
1619011987	873651222	-0.0231401	-0.0231401	-0.0231401
1619011987	883457576	-0.0231582	-0.0231582	-0.0231582
1619011987	893464578	-0.0231764	-0.0231764	-0.0231764
1619011987	903442425	-0.0231944	-0.0231944	-0.0231944
1619011987	913388120	-0.0232125	-0.0232125	-0.0232125
1619011987	923386800	-0.0232305	-0.0232305	-0.0232305
1619011987	933510673	-0.0232485	-0.0232485	-0.0232485
1619011987	943463229	-0.0232664	-0.0232664	-0.0232664
1619011987	953600964	-0.0232843	-0.0232843	-0.0232843
1619011987	963606715	-0.0233021	-0.0233021	-0.0233021
1619011987	973466967	-0.0233199	-0.0233199	-0.0233199
1619011987	983436904	-0.0233377	-0.0233377	-0.0233377
1619011987	993498208	-0.0233554	-0.0233554	-0.0233554
1619011988	3434586	-0.0233731	-0.0233731	-0.0233731
1619011988	13550348	-0.0233907	-0.0233907	-0.0233907
1619011988	23404969	-0.0234083	-0.0234083	-0.0234083
1619011988	33598287	-0.0234259	-0.0234259	-0.0234259
1619011988	43491691	-0.0234434	-0.0234434	-0.0234434
1619011988	53618102	-0.0234609	-0.0234609	-0.0234609
1619011988	63528427	-0.0234783	-0.0234783	-0.0234783
1619011988	73497989	-0.0234957	-0.0234957	-0.0234957
1619011988	83473667	-0.0235131	-0.0235131	-0.0235131
1619011988	93435642	-0.0235304	-0.0235304	-0.0235304
1619011988	103468341	-0.0235477	-0.0235477	-0.0235477
1619011988	113535261	-0.0235649	-0.0235649	-0.0235649
1619011988	123462465	-0.0235821	-0.0235821	-0.0235821
1619011988	133489244	-0.0235992	-0.0235992	-0.0235992
1619011988	143498898	-0.0236164	-0.0236164	-0.0236164
1619011988	153448489	-0.0236334	-0.0236334	-0.0236334
1619011988	163604474	-0.0236504	-0.0236504	-0.0236504
1619011988	173582305	-0.0236674	-0.0236674	-0.0236674
1619011988	183498966	-0.0236844	-0.0236844	-0.0236844
1619011988	194262171	-0.0237013	-0.0237013	-0.0237013
1619011988	203453128	-0.0237181	-0.0237181	-0.0237181
1619011988	213360467	-0.0237349	-0.0237349	-0.0237349
1619011988	223254657	-0.0237517	-0.0237517	-0.0237517
1619011988	233233713	-0.0237684	-0.0237684	-0.0237684
1619011988	243246873	-0.0237851	-0.0237851	-0.0237851
1619011988	253286328	-0.0238017	-0.0238017	-0.0238017
1619011988	263443358	-0.0238183	-0.0238183	-0.0238183
1619011988	273316113	-0.0238349	-0.0238349	-0.0238349
1619011988	283303499	-0.0238514	-0.0238514	-0.0238514
1619011988	293257838	-0.0238679	-0.0238679	-0.0238679
1619011988	303248225	-0.0238843	-0.0238843	-0.0238843
1619011988	313330021	-0.0239007	-0.0239007	-0.0239007
1619011988	323254638	-0.023917	-0.023917	-0.023917
1619011988	333176115	-0.0239333	-0.0239333	-0.0239333
1619011988	343304885	-0.0239496	-0.0239496	-0.0239496
1619011988	353309573	-0.0239658	-0.0239658	-0.0239658
1619011988	363364765	-0.0239819	-0.0239819	-0.0239819
1619011988	373472543	-0.023998	-0.023998	-0.023998
1619011988	383527027	-0.0240141	-0.0240141	-0.0240141
1619011988	393545909	-0.0240302	-0.0240302	-0.0240302
1619011988	403519150	-0.0240461	-0.0240461	-0.0240461
1619011988	413526715	-0.0240621	-0.0240621	-0.0240621
1619011988	423606971	-0.024078	-0.024078	-0.024078
1619011988	433443421	-0.0240938	-0.0240938	-0.0240938
1619011988	443458417	-0.0241096	-0.0241096	-0.0241096
1619011988	453554786	-0.0241254	-0.0241254	-0.0241254
1619011988	463562262	-0.0241411	-0.0241411	-0.0241411
1619011988	473648833	-0.0241568	-0.0241568	-0.0241568
1619011988	483654706	-0.0241724	-0.0241724	-0.0241724
1619011988	493549018	-0.024188	-0.024188	-0.024188
1619011988	503534468	-0.0242035	-0.0242035	-0.0242035
1619011988	513673563	-0.024219	-0.024219	-0.024219
1619011988	523584758	-0.0242345	-0.0242345	-0.0242345
1619011988	533626183	-0.0242499	-0.0242499	-0.0242499
1619011988	543546423	-0.0242652	-0.0242652	-0.0242652
1619011988	553545011	-0.0242806	-0.0242806	-0.0242806
1619011988	563357402	-0.0242958	-0.0242958	-0.0242958
1619011988	573321212	-0.024311	-0.024311	-0.024311
1619011988	583362792	-0.0243262	-0.0243262	-0.0243262
1619011988	593526049	-0.0243413	-0.0243413	-0.0243413
1619011988	603524426	-0.0243564	-0.0243564	-0.0243564
1619011988	613481160	-0.0243715	-0.0243715	-0.0243715
1619011988	623268577	-0.0243865	-0.0243865	-0.0243865
1619011988	633307756	-0.0244014	-0.0244014	-0.0244014
1619011988	643345320	-0.0244163	-0.0244163	-0.0244163
1619011988	653172068	-0.0244311	-0.0244311	-0.0244311
1619011988	663265495	-0.0244459	-0.0244459	-0.0244459
1619011988	673232806	-0.0244607	-0.0244607	-0.0244607
1619011988	683240505	-0.0244754	-0.0244754	-0.0244754
1619011988	693253265	-0.0244901	-0.0244901	-0.0244901
1619011988	703253151	-0.0245047	-0.0245047	-0.0245047
1619011988	713324057	-0.0245192	-0.0245192	-0.0245192
1619011988	723326870	-0.0245338	-0.0245338	-0.0245338
1619011988	733238930	-0.0245482	-0.0245482	-0.0245482
1619011988	743249191	-0.0245627	-0.0245627	-0.0245627
1619011988	753253259	-0.024577	-0.024577	-0.024577
1619011988	763266507	-0.0245914	-0.0245914	-0.0245914
1619011988	773248572	-0.0246057	-0.0246057	-0.0246057
1619011988	783222331	-0.0246199	-0.0246199	-0.0246199
1619011988	793312202	-0.0246341	-0.0246341	-0.0246341
1619011988	803240881	-0.0246482	-0.0246482	-0.0246482
1619011988	813263234	-0.0246623	-0.0246623	-0.0246623
1619011988	823234003	-0.0246764	-0.0246764	-0.0246764
1619011988	833191285	-0.0246903	-0.0246903	-0.0246903
1619011988	843244424	-0.0247043	-0.0247043	-0.0247043
1619011988	853266617	-0.0247182	-0.0247182	-0.0247182
1619011988	863278270	-0.024732	-0.024732	-0.024732
1619011988	873237235	-0.0247458	-0.0247458	-0.0247458
1619011988	883225370	-0.0247596	-0.0247596	-0.0247596
1619011988	893297016	-0.0247733	-0.0247733	-0.0247733
1619011988	903280559	-0.0247869	-0.0247869	-0.0247869
1619011988	913393387	-0.0248005	-0.0248005	-0.0248005
1619011988	923177773	-0.0248141	-0.0248141	-0.0248141
1619011988	933237195	-0.0248276	-0.0248276	-0.0248276
1619011988	943775235	-0.0248411	-0.0248411	-0.0248411
1619011988	953661853	-0.0248545	-0.0248545	-0.0248545
1619011988	963617714	-0.0248678	-0.0248678	-0.0248678
1619011988	973397794	-0.0248811	-0.0248811	-0.0248811
1619011988	983684769	-0.0248944	-0.0248944	-0.0248944
1619011988	993328596	-0.0249076	-0.0249076	-0.0249076
1619011989	3391203	-0.0249208	-0.0249208	-0.0249208
1619011989	13359601	-0.0249339	-0.0249339	-0.0249339
1619011989	23304632	-0.0249469	-0.0249469	-0.0249469
1619011989	33263269	-0.0249599	-0.0249599	-0.0249599
1619011989	43208956	-0.0249729	-0.0249729	-0.0249729
1619011989	53314928	-0.0249858	-0.0249858	-0.0249858
1619011989	63268282	-0.0249987	-0.0249987	-0.0249987
1619011989	73284754	-0.0250115	-0.0250115	-0.0250115
1619011989	83317599	-0.0250242	-0.0250242	-0.0250242
1619011989	93435882	-0.0250369	-0.0250369	-0.0250369
1619011989	103499877	-0.0250496	-0.0250496	-0.0250496
1619011989	113696207	-0.0250622	-0.0250622	-0.0250622
1619011989	123424607	-0.0250747	-0.0250747	-0.0250747
1619011989	133614323	-0.0250872	-0.0250872	-0.0250872
1619011989	143727341	-0.0250997	-0.0250997	-0.0250997
1619011989	153540301	-0.0251121	-0.0251121	-0.0251121
1619011989	163614487	-0.0251244	-0.0251244	-0.0251244
1619011989	173426740	-0.0251367	-0.0251367	-0.0251367
1619011989	183643320	-0.025149	-0.025149	-0.025149
1619011989	193453002	-0.0251612	-0.0251612	-0.0251612
1619011989	203708528	-0.0251733	-0.0251733	-0.0251733
1619011989	213590554	-0.0251854	-0.0251854	-0.0251854
1619011989	223415857	-0.0251974	-0.0251974	-0.0251974
1619011989	233691481	-0.0252094	-0.0252094	-0.0252094
1619011989	243472379	-0.0252213	-0.0252213	-0.0252213
1619011989	253532207	-0.0252332	-0.0252332	-0.0252332
