time_sec	time_nanosec	joint_velocity_0	joint_velocity_1	joint_velocity_2	joint_velocity_3
1608051072	585651231	0	0	0	0
1608051072	595725817	0	0	0	0
1608051072	605939605	0	0	0	0
1608051072	615925586	0	0	0	0
1608051072	625935093	0	0	0	0
1608051072	635764018	0	0	0	0
1608051072	645768490	0	0	0	0
1608051072	655730556	0	0	0	0
1608051072	665713060	0	0	0	0
1608051072	675738326	0	0	0	0
1608051072	685774473	0	0	0	0
1608051072	695902030	0	0	0	0
1608051072	705790684	0	0	0	0
1608051072	715713628	0	0	0	0
1608051072	725805669	0	0	0	0
1608051072	735990400	0	0	0	0
1608051072	745801629	0	0	0	0
1608051072	755645080	0	0	0	0
1608051072	765854792	0	0	0	0
1608051072	775793225	0	0	0	0
1608051072	785806734	0	0	0	0
1608051072	795770651	0	0	0	0
1608051072	805831351	0	0	0	0
1608051072	815831200	0	0	0	0
1608051072	825844095	0	0	0	0
1608051072	835810279	0	0	0	0
1608051072	845855146	0	0	0	0
1608051072	855711583	0	0	0	0
1608051072	865837350	0	0	0	0
1608051072	875833556	0	0	0	0
1608051072	885868290	0	0	0	0
1608051072	895870853	0	0	0	0
1608051072	905936705	0	0	0	0
1608051072	915795525	0	0	0	0
1608051072	925755410	0	0	0	0
1608051072	935838921	0	0	0	0
1608051072	945928413	0	0	0	0
1608051072	955477416	0	0	0	0
1608051072	965837385	0	0	0	0
1608051072	975792203	0	0	0	0
1608051072	985844956	0	0	0	0
1608051072	995891516	0	0	0	0
1608051073	5765207	0	0	0	0
1608051073	15780987	0	0	0	0
1608051073	25838686	0	0	0	0
1608051073	35760761	0	0	0	0
1608051073	45762148	0	0	0	0
1608051073	55890557	0	0	0	0
1608051073	65693127	0	0	0	0
1608051073	75860718	0	0	0	0
1608051073	85995841	0	0	0	0
1608051073	95890240	0	0	0	0
1608051073	105846802	0	0	0	0
1608051073	115758854	0	0	0	0
1608051073	125490190	0	0	0	0
1608051073	135775138	0	0	0	0
1608051073	145864118	0	0	0	0
1608051073	155471242	0	0	0	0
1608051073	165781189	0	0	0	0
1608051073	175690225	0	0	0	0
1608051073	185851223	0	0	0	0
1608051073	195902269	0	0	0	0
1608051073	205809971	0	0	0	0
1608051073	215716836	0	0	0	0
1608051073	225893051	0	0	0	0
1608051073	235719443	0	0	0	0
1608051073	245843349	0	0	0	0
1608051073	255681744	0	0	0	0
1608051073	265740861	0	0	0	0
1608051073	275803527	0	0	0	0
1608051073	285843534	0	0	0	0
1608051073	295880297	0	0	0	0
1608051073	305950191	0	0	0	0
1608051073	315727291	0	0	0	0
1608051073	325563583	0	0	0	0
1608051073	335989440	0	0	0	0
1608051073	345728318	0	0	0	0
1608051073	355777328	0	0	0	0
1608051073	365932445	0	0	0	0
1608051073	375906633	0	0	0	0
1608051073	385791521	0	0	0	0
1608051073	395701216	0	0	0	0
1608051073	405802285	0	0	0	0
1608051073	415827019	0	0	0	0
1608051073	425762864	0	0	0	0
1608051073	435843921	0	0	0	0
1608051073	445665034	0	0	0	0
1608051073	455825196	0	0	0	0
1608051073	465848816	0	0	0	0
1608051073	475809432	0	0	0	0
1608051073	485825594	0	0	0	0
1608051073	496162024	0	0	0	0
1608051073	505790497	0	0	0	0
1608051073	515797013	0	0	0	0
1608051073	525865135	0	0	0	0
1608051073	535805198	0	0	0	0
1608051073	545727688	0	0	0	0
1608051073	555865444	0	0	0	0
1608051073	565555616	0	0	0	0
1608051073	575871647	0	0	0	0
1608051073	585826657	0	0	0	0
1608051073	595943003	0	0	0	0
1608051073	605800495	0	0	0	0
1608051073	615774519	0	0	0	0
1608051073	625789748	0	0	0	0
1608051073	635956816	0	0	0	0
1608051073	645845121	0	0	0	0
1608051073	655950114	0	0	0	0
1608051073	665811321	0	0	0	0
1608051073	675816402	0	0	0	0
1608051073	685486432	0	0	0	0
1608051073	695552714	0	0	0	0
1608051073	705781486	0	0	0	0
1608051073	715531283	0	0	0	0
1608051073	725762920	0	0	0	0
1608051073	735736114	0	0	0	0
1608051073	745884514	0	0	0	0
1608051073	755902535	0	0	0	0
1608051073	765841882	0	0	0	0
1608051073	775858464	0	0	0	0
1608051073	785806690	0	0	0	0
1608051073	795668916	0	0	0	0
1608051073	806010575	0	0	0	0
1608051073	815927741	0	0	0	0
1608051073	825796643	0	0	0	0
1608051073	835745175	0	0	0	0
1608051073	845884892	0	0	0	0
1608051073	855858127	0	0	0	0
1608051073	865763207	0	0	0	0
1608051073	875901503	0	0	0	0
1608051073	885780010	0	0	0	0
1608051073	895831069	0	0	0	0
1608051073	906071632	0	0	0	0
1608051073	915961314	0	0	0	0
1608051073	925522159	0	0	0	0
1608051073	935922038	0	0	0	0
1608051073	945829993	0	0	0	0
1608051073	955836728	0	0	0	0
1608051073	965925752	0	0	0	0
1608051073	975974605	0	0	0	0
1608051073	985969947	0	0	0	0
1608051073	995781352	0	0	0	0
1608051074	5874281	0	0	0	0
1608051074	15834586	0	0	0	0
1608051074	25786776	0	0	0	0
1608051074	35785890	0	0	0	0
1608051074	45878705	0	0	0	0
1608051074	55835053	0	0	0	0
1608051074	65796814	0	0	0	0
1608051074	75805194	0	0	0	0
1608051074	86211804	0	0	0	0
1608051074	95788525	0	0	0	0
1608051074	105819794	0	0	0	0
1608051074	115872320	0	0	0	0
1608051074	125785696	0	0	0	0
1608051074	135804775	0	0	0	0
1608051074	145869353	0	0	0	0
1608051074	155800646	0	0	0	0
1608051074	165850926	0	0	0	0
1608051074	175806024	0	0	0	0
1608051074	185801406	0	0	0	0
1608051074	195787468	0	0	0	0
1608051074	205794617	0	0	0	0
1608051074	215877806	0	0	0	0
1608051074	225480768	0	0	0	0
1608051074	235804639	0	0	0	0
1608051074	245838817	0	0	0	0
1608051074	255739748	0	0	0	0
1608051074	265840157	0	0	0	0
1608051074	275822011	0	0	0	0
1608051074	285818662	0	0	0	0
1608051074	295819141	0	0	0	0
1608051074	305827645	0	0	0	0
1608051074	315795640	0	0	0	0
1608051074	325765087	0	0	0	0
1608051074	335722764	0	0	0	0
1608051074	345864225	0	0	0	0
1608051074	355892556	0	0	0	0
1608051074	366166321	0	0	0	0
1608051074	375886504	0	0	0	0
1608051074	385911342	0	0	0	0
1608051074	395793100	0	0	0	0
1608051074	405857570	0	0	0	0
1608051074	415840074	0	0	0	0
1608051074	425690253	0	0	0	0
1608051074	435522321	0	0	0	0
1608051074	446136113	0	0	0	0
1608051074	455964424	0	0	0	0
1608051074	465818236	0	0	0	0
1608051074	476085541	0	0	0	0
1608051074	485840933	0	0	0	0
1608051074	495835691	0	0	0	0
1608051074	505594216	0	0	0	0
1608051074	515724710	0	0	0	0
1608051074	525753493	0	0	0	0
1608051074	535910592	0	0	0	0
1608051074	545871846	0	0	0	0
1608051074	555847484	0	0	0	0
1608051074	565864742	0	0	0	0
1608051074	575837350	0	0	0	0
1608051074	585721177	0	0	0	0
1608051074	595840841	0	0	0	0
1608051074	605851991	0	0	0	0
1608051074	615853070	0	0	0	0
1608051074	625801504	0	0	0	0
1608051074	635887918	0	0	0	0
1608051074	645814083	0	0	0	0
1608051074	655879608	0	0	0	0
1608051074	665835742	0	0	0	0
1608051074	675807183	0	0	0	0
1608051074	685843227	0	0	0	0
1608051074	695847641	0	0	0	0
1608051074	705788032	0	0	0	0
1608051074	715805379	0	0	0	0
1608051074	725898339	0	0	0	0
1608051074	735868044	0	0	0	0
1608051074	746258647	0	0	0	0
1608051074	755920063	0	0	0	0
1608051074	765719149	0	0	0	0
1608051074	775673956	0	0	0	0
1608051074	785779681	0	0	0	0
1608051074	795874266	0	0	0	0
1608051074	805869040	0	0	0	0
1608051074	815932195	0	0	0	0
1608051074	825855973	0	0	0	0
1608051074	835862354	0	0	0	0
1608051074	845834348	0	0	0	0
1608051074	855828239	0	0	0	0
1608051074	865830926	0	0	0	0
1608051074	875603038	0	0	0	0
1608051074	885834263	0	0	0	0
1608051074	895836780	0	0	0	0
1608051074	905723768	0	0	0	0
1608051074	915890120	0	0	0	0
1608051074	925900730	0	0	0	0
1608051074	935903504	0	0	0	0
1608051074	945823327	0	0	0	0
1608051074	955817948	0	0	0	0
1608051074	965822004	0	0	0	0
1608051074	975971067	0	0	0	0
1608051074	985835987	0	0	0	0
1608051074	995824603	0	0	0	0
1608051075	5923175	0	0	0	0
1608051075	15805770	0	0	0	0
1608051075	25827018	0	0	0	0
1608051075	35875695	0	0	0	0
1608051075	45900221	0	0	0	0
1608051075	55832979	0	0	0	0
1608051075	65898760	0	0	0	0
1608051075	75850424	0	0	0	0
1608051075	85821418	0	0	0	0
1608051075	95835515	0	0	0	0
1608051075	105983076	0	0	0	0
1608051075	115827454	0	0	0	0
1608051075	125814395	0	0	0	0
1608051075	135867919	0	0	0	0
1608051075	145812072	0	0	0	0
1608051075	155776736	0	0	0	0
1608051075	165819035	0	0	0	0
1608051075	175873808	0	0	0	0
1608051075	185788311	0	0	0	0
1608051075	195873291	0	0	0	0
1608051075	205760495	0	0	0	0
1608051075	215897026	0	0	0	0
1608051075	225791136	0	0	0	0
1608051075	235886335	0	0	0	0
1608051075	245834449	0	0	0	0
1608051075	255832787	0	0	0	0
1608051075	265886722	0	0	0	0
1608051075	275872681	0	0	0	0
1608051075	285810494	0	0	0	0
1608051075	295995575	0	0	0	0
1608051075	305831103	0	0	0	0
1608051075	315835139	0	0	0	0
1608051075	325770278	0	0	0	0
1608051075	335922027	0	0	0	0
1608051075	345738921	0	0	0	0
1608051075	355851971	0	0	0	0
1608051075	365816327	0	0	0	0
1608051075	375542031	0	0	0	0
1608051075	385984231	0	0	0	0
1608051075	395937542	0	0	0	0
1608051075	405740061	0	0	0	0
1608051075	415900499	0	0	0	0
1608051075	425858582	0	0	0	0
1608051075	435925441	0	0	0	0
1608051075	445543427	0	0	0	0
1608051075	455808010	0	0	0	0
1608051075	465850226	0	0	0	0
1608051075	475844644	0	0	0	0
1608051075	485858741	0	0	0	0
1608051075	495820581	0	0	0	0
1608051075	505796328	0	0	0	0
1608051075	515860930	0	0	0	0
1608051075	525807570	0	0	0	0
1608051075	535873029	0	0	0	0
1608051075	545851393	0	0	0	0
1608051075	555710659	0	0	0	0
1608051075	565742684	0	0	0	0
1608051075	575901671	0	0	0	0
1608051075	585892415	0	0	0	0
1608051075	595511693	0	0	0	0
1608051075	605947002	0	0	0	0
1608051075	615834220	0	0	0	0
1608051075	625883068	0	0	0	0
1608051075	635874797	0	0	0	0
1608051075	645967926	0	0	0	0
1608051075	655551852	0	0	0	0
1608051075	666246673	0	0	0	0
1608051075	675927833	0	0	0	0
1608051075	685995773	0	0	0	0
1608051075	695874316	0	0	0	0
1608051075	705798882	0	0	0	0
1608051075	715895426	0	0	0	0
1608051075	725874242	0	0	0	0
1608051075	735876551	0	0	0	0
1608051075	745856261	0	0	0	0
1608051075	755785933	0	0	0	0
1608051075	765835041	0	0	0	0
1608051075	775921016	0	0	0	0
1608051075	785948560	0	0	0	0
1608051075	796026407	0	0	0	0
1608051075	805901839	0	0	0	0
1608051075	815871912	0	0	0	0
1608051075	825496946	0	0	0	0
1608051075	835869469	0	0	0	0
1608051075	845581568	0	0	0	0
1608051075	855796027	0	0	0	0
1608051075	865779418	0	0	0	0
1608051075	875850546	0	0	0	0
1608051075	885776398	0	0	0	0
1608051075	895874967	0	0	0	0
1608051075	905904042	0	0	0	0
1608051075	915854359	0	0	0	0
1608051075	925835322	0	0	0	0
1608051075	935966434	0	0	0	0
1608051075	945828885	0	0	0	0
1608051075	955853378	0	0	0	0
1608051075	965835813	0	0	0	0
1608051075	975881307	0	0	0	0
1608051075	985756791	0	0	0	0
1608051075	995866514	0	0	0	0
1608051076	5867259	0	0	0	0
1608051076	16004800	0	0	0	0
1608051076	25868064	0	0	0	0
1608051076	36110903	0	0	0	0
1608051076	45863663	0	0	0	0
1608051076	55569214	0	0	0	0
1608051076	65821222	0	0	0	0
1608051076	75730612	0	0	0	0
1608051076	85785257	0	0	0	0
1608051076	95895739	0	0	0	0
1608051076	105883074	0	0	0	0
1608051076	115854258	0	0	0	0
1608051076	125723722	0	0	0	0
1608051076	135758551	0	0	0	0
1608051076	145847964	0	0	0	0
1608051076	155781862	0	0	0	0
1608051076	165717120	0	0	0	0
1608051076	175716469	0	0	0	0
1608051076	185873680	0	0	0	0
1608051076	195910742	0	0	0	0
1608051076	205708269	0	0	0	0
1608051076	215966005	0	0	0	0
1608051076	225745037	0	0	0	0
1608051076	235934674	0	0	0	0
1608051076	245900292	0	0	0	0
1608051076	255959379	0	0	0	0
1608051076	265851942	0	0	0	0
1608051076	275501798	0	0	0	0
1608051076	285809925	0	0	0	0
1608051076	295859936	0	0	0	0
1608051076	305788402	0	0	0	0
1608051076	315903385	0	0	0	0
1608051076	325872463	0	0	0	0
1608051076	335850282	0	0	0	0
1608051076	345831474	0	0	0	0
1608051076	355825956	0	0	0	0
1608051076	365853401	0	0	0	0
1608051076	375722628	0	0	0	0
1608051076	385790840	0	0	0	0
1608051076	395656061	0	0	0	0
1608051076	405828762	0	0	0	0
1608051076	415895423	0	0	0	0
1608051076	425897882	0	0	0	0
1608051076	435785469	0	0	0	0
1608051076	445464897	0	0	0	0
1608051076	455816961	0	0	0	0
1608051076	465819247	0	0	0	0
1608051076	475849800	0	0	0	0
1608051076	485915344	0	0	0	0
1608051076	495880467	0	0	0	0
1608051076	505855588	0	0	0	0
1608051076	515819010	0	0	0	0
1608051076	525782645	0	0	0	0
1608051076	535482621	0	0	0	0
1608051076	545702838	0	0	0	0
1608051076	555478501	0	0	0	0
1608051076	565547961	0	0	0	0
1608051076	575766214	0	0	0	0
1608051076	585801266	0	0	0	0
1608051076	596232201	0	0	0	0
1608051076	605841252	0	0	0	0
1608051076	615831713	0	0	0	0
1608051076	625862117	0	0	0	0
1608051076	635919677	0	0	0	0
1608051076	645972974	0	0	0	0
1608051076	656065740	0	0	0	0
1608051076	665981814	0	0	0	0
1608051076	675736534	0	0	0	0
1608051076	685913818	0	0	0	0
1608051076	695878148	0	0	0	0
1608051076	705894394	0	0	0	0
1608051076	715918519	0	0	0	0
1608051076	726001556	0	0	0	0
1608051076	735789196	0	0	0	0
1608051076	745827347	0	0	0	0
1608051076	755790232	0	0	0	0
1608051076	765765741	0	0	0	0
1608051076	775853816	0	0	0	0
1608051076	785800979	0	0	0	0
1608051076	795827795	0	0	0	0
1608051076	805749558	0	0	0	0
1608051076	815908949	0	0	0	0
1608051076	825856062	0	0	0	0
1608051076	835963674	0	0	0	0
1608051076	845812501	0	0	0	0
1608051076	856099474	0	0	0	0
1608051076	865873667	0	0	0	0
1608051076	875973358	0	0	0	0
1608051076	885837607	0	0	0	0
1608051076	895872462	0	0	0	0
1608051076	905770591	0	0	0	0
1608051076	915731047	0	0	0	0
1608051076	925711152	0	0	0	0
1608051076	935885470	0	0	0	0
1608051076	945862807	0	0	0	0
1608051076	955819844	0	0	0	0
1608051076	965575402	0	0	0	0
1608051076	975863630	0	0	0	0
1608051076	985892878	0	0	0	0
1608051076	995840131	0	0	0	0
1608051077	5873710	0	0	0	0
1608051077	15885915	0	0	0	0
1608051077	25570902	0	0	0	0
1608051077	35856072	0	0	0	0
1608051077	45570510	0	0	0	0
1608051077	55752000	0	0	0	0
1608051077	65501889	0	0	0	0
1608051077	75906030	0	0	0	0
1608051077	85856532	0	0	0	0
1608051077	95872412	0	0	0	0
1608051077	105861774	0	0	0	0
1608051077	115856635	0	0	0	0
1608051077	125784924	0	0	0	0
1608051077	136078084	0	0	0	0
1608051077	145852039	0	0	0	0
1608051077	155744726	0	0	0	0
1608051077	165838142	0	0	0	0
1608051077	175981109	0	0	0	0
1608051077	185950255	0	0	0	0
1608051077	195883874	0	0	0	0
1608051077	205854432	0	0	0	0
1608051077	215575643	0	0	0	0
1608051077	225577360	0	0	0	0
1608051077	235795953	0	0	0	0
1608051077	245505747	0	0	0	0
1608051077	255899601	0	0	0	0
1608051077	265944391	0	0	0	0
1608051077	276180675	0	0	0	0
1608051077	285928433	0	0	0	0
1608051077	295871936	0	0	0	0
1608051077	305834861	0	0	0	0
1608051077	315812795	0	0	0	0
1608051077	325965767	0	0	0	0
1608051077	335852829	0	0	0	0
1608051077	345515326	0	0	0	0
1608051077	355829274	0	0	0	0
1608051077	365933796	0	0	0	0
1608051077	375875948	0	0	0	0
1608051077	385891007	0	0	0	0
1608051077	395895876	0	0	0	0
1608051077	405863416	0	0	0	0
1608051077	415881329	0	0	0	0
1608051077	425864677	0	0	0	0
1608051077	435988281	0	0	0	0
1608051077	445936742	0	0	0	0
1608051077	455888703	0	0	0	0
1608051077	466417896	0	0	0	0
1608051077	475843278	0	0	0	0
1608051077	486019780	0	0	0	0
1608051077	495989774	0	0	0	0
1608051077	505848148	0	0	0	0
1608051077	515665186	0	0	0	0
1608051077	525631576	0	0	0	0
1608051077	535542251	0	0	0	0
1608051077	545542756	0	0	0	0
1608051077	555402443	0	0	0	0
1608051077	565606266	0	0	0	0
1608051077	575457088	0	0	0	0
1608051077	585653409	0	0	0	0
1608051077	595716463	0	0	0	0
1608051077	605854345	0	0	0	0
1608051077	615881916	0	0	0	0
1608051077	625842007	0	0	0	0
1608051077	635543170	0	0	0	0
1608051077	645885219	0	0	0	0
1608051077	655864420	0	0	0	0
1608051077	665890559	0	0	0	0
1608051077	675938283	0	0	0	0
1608051077	686110370	0	0	0	0
1608051077	695935886	0	0	0	0
1608051077	705798718	0	0	0	0
1608051077	715933408	0	0	0	0
1608051077	725997417	0	0	0	0
1608051077	735941291	0	0	0	0
1608051077	745930492	0	0	0	0
1608051077	755866076	0	0	0	0
1608051077	765880664	0	0	0	0
1608051077	775861973	0	0	0	0
1608051077	785864093	0	0	0	0
1608051077	795884465	0	0	0	0
1608051077	805784349	0	0	0	0
1608051077	815860366	0	0	0	0
1608051077	826082094	0	0	0	0
1608051077	835515466	0	0	0	0
1608051077	846128665	0	0	0	0
1608051077	856000592	0	0	0	0
1608051077	866126255	0	0	0	0
1608051077	875799805	0	0	0	0
1608051077	885871909	0	0	0	0
1608051077	895893015	0	0	0	0
1608051077	905792700	0	0	0	0
1608051077	915880465	0	0	0	0
1608051077	926149600	0	0	0	0
1608051077	935808392	0	0	0	0
1608051077	946349622	0	0	0	0
1608051077	956232152	0	0	0	0
1608051077	965875532	0	0	0	0
1608051077	975850210	0	0	0	0
1608051077	985997620	0	0	0	0
1608051077	995843956	0	0	0	0
1608051078	5910297	0	0	0	0
1608051078	15848646	0	0	0	0
1608051078	25536982	0	0	0	0
1608051078	36008482	0	0	0	0
1608051078	45917564	0	0	0	0
1608051078	55960808	0	0	0	0
1608051078	65784269	0	0	0	0
1608051078	75953490	0	0	0	0
1608051078	85565434	0	0	0	0
1608051078	95872765	0	0	0	0
1608051078	105850803	0	0	0	0
1608051078	115894786	0	0	0	0
1608051078	125820290	0	0	0	0
1608051078	135819701	0	0	0	0
1608051078	145930065	0	0	0	0
1608051078	155782242	0	0	0	0
1608051078	165907761	0	0	0	0
1608051078	175877745	0	0	0	0
1608051078	185889161	0	0	0	0
1608051078	195903770	0	0	0	0
1608051078	205815666	0	0	0	0
1608051078	216018524	0	0	0	0
1608051078	225805229	0	0	0	0
1608051078	235910676	0	0	0	0
1608051078	245913523	0	0	0	0
1608051078	255897759	0	0	0	0
1608051078	265889270	0	0	0	0
1608051078	275911807	0	0	0	0
1608051078	285893302	0	0	0	0
1608051078	295857879	0	0	0	0
1608051078	305936391	0	0	0	0
1608051078	315939650	0	0	0	0
1608051078	325765342	0	0	0	0
1608051078	336024189	0	0	0	0
1608051078	345875444	0	0	0	0
1608051078	355886022	0	0	0	0
1608051078	365806062	0	0	0	0
1608051078	375767490	0	0	0	0
1608051078	385945148	0	0	0	0
1608051078	395821694	0	0	0	0
1608051078	405801887	0	0	0	0
1608051078	415936162	0	0	0	0
1608051078	425843602	0	0	0	0
1608051078	435929526	0	0	0	0
1608051078	445933663	0	0	0	0
1608051078	455863546	0	0	0	0
1608051078	465794251	0	0	0	0
1608051078	475925018	0	0	0	0
1608051078	485880634	0	0	0	0
1608051078	495998780	0	0	0	0
1608051078	505834227	0	0	0	0
1608051078	515776912	0	0	0	0
1608051078	525866797	0	0	0	0
1608051078	535871480	0	0	0	0
1608051078	545845074	0	0	0	0
1608051078	555830878	0	0	0	0
1608051078	566000250	0	0	0	0
1608051078	575877908	0	0	0	0
1608051078	585865186	0	0	0	0
1608051078	595904493	0	0	0	0
1608051078	605846526	0	0	0	0
1608051078	615527905	0	0	0	0
1608051078	625835274	0	0	0	0
1608051078	635921466	0	0	0	0
1608051078	645851920	0	0	0	0
1608051078	656015638	0	0	0	0
1608051078	665759106	0	0	0	0
1608051078	675744686	0	0	0	0
1608051078	685864967	0	0	0	0
1608051078	695836129	0	0	0	0
1608051078	705850471	0	0	0	0
1608051078	715755188	0	0	0	0
1608051078	725847287	0	0	0	0
1608051078	735853912	0	0	0	0
1608051078	745844484	0	0	0	0
1608051078	755850182	0	0	0	0
1608051078	765796861	0	0	0	0
1608051078	775581272	0	0	0	0
1608051078	785893305	0	0	0	0
1608051078	795851653	0	0	0	0
1608051078	806215730	0	0	0	0
1608051078	815930251	0	0	0	0
1608051078	825950324	0	0	0	0
1608051078	835832109	0	0	0	0
1608051078	845935146	0	0	0	0
1608051078	855900334	0	0	0	0
1608051078	865844701	0	0	0	0
1608051078	875900917	0	0	0	0
1608051078	885802874	0	0	0	0
1608051078	895835213	0	0	0	0
1608051078	905817944	0	0	0	0
1608051078	915809403	0	0	0	0
1608051078	925999451	0	0	0	0
1608051078	935900761	0	0	0	0
1608051078	945977044	0	0	0	0
1608051078	955908795	0	0	0	0
1608051078	965996066	0	0	0	0
1608051078	975930349	0	0	0	0
1608051078	985912522	0	0	0	0
1608051078	995924402	0	0	0	0
1608051079	5785580	0	0	0	0
1608051079	15933194	0	0	0	0
1608051079	25915268	0	0	0	0
1608051079	35905123	0	0	0	0
1608051079	45969108	0	0	0	0
1608051079	55980205	0	0	0	0
1608051079	65999968	0	0	0	0
1608051079	75875980	0	0	0	0
1608051079	85903109	0	0	0	0
1608051079	95808036	0	0	0	0
1608051079	105817567	0	0	0	0
1608051079	115895744	0	0	0	0
1608051079	125883596	0	0	0	0
1608051079	135922794	0	0	0	0
1608051079	145872147	0	0	0	0
1608051079	155925912	0	0	0	0
1608051079	165780576	0	0	0	0
1608051079	175895465	0	0	0	0
1608051079	185982009	0	0	0	0
1608051079	195775419	0	0	0	0
1608051079	205735629	0	0	0	0
1608051079	215886502	0	0	0	0
1608051079	225990692	0	0	0	0
1608051079	235865986	0	0	0	0
1608051079	245899335	0	0	0	0
1608051079	255883246	0	0	0	0
1608051079	265896533	0	0	0	0
1608051079	275979791	0	0	0	0
1608051079	285905050	0	0	0	0
1608051079	295757955	0	0	0	0
1608051079	305898598	0	0	0	0
1608051079	316246923	0	0	0	0
1608051079	325984747	0	0	0	0
1608051079	336043859	0	0	0	0
1608051079	346015442	0	0	0	0
1608051079	355925610	0	0	0	0
1608051079	365920953	0	0	0	0
1608051079	375902002	0	0	0	0
1608051079	385859685	0	0	0	0
1608051079	395803837	0	0	0	0
1608051079	406019900	0	0	0	0
1608051079	415981997	0	0	0	0
1608051079	426051452	0	0	0	0
1608051079	435946534	0	0	0	0
1608051079	445879592	0	0	0	0
1608051079	456012027	0	0	0	0
1608051079	465949785	0	0	0	0
1608051079	476128557	0	0	0	0
1608051079	486050995	0	0	0	0
1608051079	495815262	0	0	0	0
1608051079	505876686	0	0	0	0
1608051079	515920179	0	0	0	0
1608051079	525888626	0	0	0	0
1608051079	535907049	0	0	0	0
1608051079	545914687	0	0	0	0
1608051079	555895537	0	0	0	0
1608051079	565961211	0	0	0	0
1608051079	575862167	0	0	0	0
1608051079	585578709	0	0	0	0
1608051079	595615970	0	0	0	0
1608051079	605852937	0	0	0	0
1608051079	615890628	0	0	0	0
1608051079	625997930	0	0	0	0
1608051079	635899191	0	0	0	0
1608051079	645922385	0	0	0	0
1608051079	655915044	0	0	0	0
1608051079	665931154	0	0	0	0
1608051079	675931360	0	0	0	0
1608051079	685855478	0	0	0	0
1608051079	695927733	0	0	0	0
1608051079	705891033	0	0	0	0
1608051079	715949661	0	0	0	0
1608051079	725829031	0	0	0	0
1608051079	735911796	0	0	0	0
1608051079	745842923	0	0	0	0
1608051079	755737215	0	0	0	0
1608051079	765875141	0	0	0	0
1608051079	775587864	0	0	0	0
1608051079	785833917	0	0	0	0
1608051079	795914445	0	0	0	0
1608051079	805882190	0	0	0	0
1608051079	815928706	0	0	0	0
1608051079	825873062	0	0	0	0
1608051079	835949582	0	0	0	0
1608051079	845883054	0	0	0	0
1608051079	855831179	0	0	0	0
1608051079	865884683	0	0	0	0
1608051079	875881236	0	0	0	0
1608051079	885787069	0	0	0	0
1608051079	895895667	0	0	0	0
1608051079	906076474	0	0	0	0
1608051079	915966607	0	0	0	0
1608051079	925864128	0	0	0	0
1608051079	935842479	0	0	0	0
1608051079	945957582	0	0	0	0
1608051079	955840592	0	0	0	0
1608051079	965893133	0	0	0	0
1608051079	975824016	0	0	0	0
1608051079	985887824	0	0	0	0
1608051079	996094774	0	0	0	0
1608051080	5915300	0	0	0	0
1608051080	15907479	0	0	0	0
1608051080	25907824	0	0	0	0
1608051080	35895128	0	0	0	0
1608051080	45848179	0	0	0	0
1608051080	55892165	0	0	0	0
1608051080	66002106	0	0	0	0
1608051080	75898007	0	0	0	0
1608051080	85770942	0	0	0	0
1608051080	95950750	0	0	0	0
1608051080	105844198	0	0	0	0
1608051080	115912622	0	0	0	0
1608051080	126040462	0	0	0	0
1608051080	135901830	0	0	0	0
1608051080	145842419	0	0	0	0
1608051080	155909551	0	0	0	0
1608051080	165929106	0	0	0	0
1608051080	175791376	0	0	0	0
1608051080	185858513	0	0	0	0
1608051080	195963727	0	0	0	0
1608051080	205929069	0	0	0	0
1608051080	215933893	0	0	0	0
1608051080	225627461	0	0	0	0
1608051080	235866502	0	0	0	0
1608051080	245808498	0	0	0	0
1608051080	255917888	0	0	0	0
1608051080	265790798	0	0	0	0
1608051080	276084635	0	0	0	0
1608051080	285939849	0	0	0	0
1608051080	295942645	0	0	0	0
1608051080	305916723	0	0	0	0
1608051080	315888695	0	0	0	0
1608051080	325872016	0	0	0	0
1608051080	335953701	0	0	0	0
1608051080	345900210	0	0	0	0
1608051080	355891739	0	0	0	0
1608051080	365789769	0	0	0	0
1608051080	375934527	0	0	0	0
1608051080	385889349	0	0	0	0
1608051080	395841579	0	0	0	0
1608051080	405656493	0	0	0	0
1608051080	415881255	0	0	0	0
1608051080	425801090	0	0	0	0
1608051080	435842960	0	0	0	0
1608051080	445887683	0	0	0	0
1608051080	456026717	0	0	0	0
1608051080	466078847	0	0	0	0
1608051080	475875155	0	0	0	0
1608051080	485921935	0	0	0	0
1608051080	496007817	0	0	0	0
1608051080	505876360	0	0	0	0
1608051080	515906135	0	0	0	0
1608051080	525877815	0	0	0	0
1608051080	536031636	0	0	0	0
1608051080	545868257	0	0	0	0
1608051080	555558552	0	0	0	0
1608051080	565979227	0	0	0	0
1608051080	575979735	0	0	0	0
1608051080	585929209	0	0	0	0
1608051080	595984153	0	0	0	0
1608051080	605904720	0	0	0	0
1608051080	615931681	0	0	0	0
1608051080	625585870	0	0	0	0
1608051080	635946050	0	0	0	0
1608051080	645916074	0	0	0	0
1608051080	655815034	0	0	0	0
1608051080	665899190	0	0	0	0
1608051080	675789310	0	0	0	0
1608051080	685914015	0	0	0	0
1608051080	695600556	0	0	0	0
1608051080	705873485	0	0	0	0
1608051080	715858244	0	0	0	0
1608051080	725786205	0	0	0	0
1608051080	735899086	0	0	0	0
1608051080	745860182	0	0	0	0
1608051080	756032080	0	0	0	0
1608051080	765858209	0	0	0	0
1608051080	775968992	0	0	0	0
1608051080	785886657	0	0	0	0
1608051080	795964069	0	0	0	0
1608051080	805984324	0	0	0	0
1608051080	815905897	0	0	0	0
1608051080	825558324	0	0	0	0
1608051080	835917070	0	0	0	0
1608051080	845809991	0	0	0	0
1608051080	855936260	0	0	0	0
1608051080	865880451	0	0	0	0
1608051080	875754666	0	0	0	0
1608051080	885815518	0	0	0	0
1608051080	895804427	0	0	0	0
1608051080	905872080	0	0	0	0
1608051080	915939146	0	0	0	0
1608051080	925913861	0	0	0	0
1608051080	936051703	0	0	0	0
1608051080	945812468	0	0	0	0
1608051080	955819966	0	0	0	0
1608051080	966078279	0	0	0	0
1608051080	976106959	0	0	0	0
1608051080	985854983	0	0	0	0
1608051080	995626459	0	0	0	0
1608051081	5883024	0	0	0	0
1608051081	16069872	0	0	0	0
1608051081	25881011	0	0	0	0
1608051081	35893889	0	0	0	0
1608051081	45795390	0	0	0	0
1608051081	55913077	0	0	0	0
1608051081	65934786	0	0	0	0
1608051081	75937972	0	0	0	0
1608051081	85941895	0	0	0	0
1608051081	95871672	0	0	0	0
1608051081	105862887	0	0	0	0
1608051081	115961338	0	0	0	0
1608051081	125949965	0	0	0	0
1608051081	135819340	0	0	0	0
1608051081	145887420	0	0	0	0
1608051081	155864435	0	0	0	0
1608051081	165985108	0	0	0	0
1608051081	175903533	0	0	0	0
1608051081	186062701	0	0	0	0
1608051081	195857608	0	0	0	0
1608051081	205974151	0	0	0	0
1608051081	216013807	0	0	0	0
1608051081	225888880	0	0	0	0
1608051081	235896617	0	0	0	0
1608051081	245926298	0	0	0	0
1608051081	255914647	0	0	0	0
1608051081	266011723	0	0	0	0
1608051081	275948840	0	0	0	0
1608051081	286203898	0	0	0	0
1608051081	295900523	0	0	0	0
1608051081	305986670	0	0	0	0
1608051081	315828820	0	0	0	0
1608051081	325907436	0	0	0	0
1608051081	335841636	0	0	0	0
1608051081	345912899	0	0	0	0
1608051081	355837575	0	0	0	0
1608051081	365994654	0	0	0	0
1608051081	375895179	0	0	0	0
1608051081	385865198	0	0	0	0
1608051081	395922148	0	0	0	0
1608051081	405909326	0	0	0	0
1608051081	416034866	0	0	0	0
1608051081	425787861	0	0	0	0
1608051081	435931451	0	0	0	0
1608051081	446025851	0	0	0	0
1608051081	455905587	0	0	0	0
1608051081	465568081	0	0	0	0
1608051081	475564128	0	0	0	0
1608051081	485826882	0	0	0	0
1608051081	495874291	0	0	0	0
1608051081	506062404	0	0	0	0
1608051081	515903839	0	0	0	0
1608051081	525804001	0	0	0	0
1608051081	535943849	0	0	0	0
1608051081	545970801	0	0	0	0
1608051081	556389975	0	0	0	0
1608051081	565986544	0	0	0	0
1608051081	575895236	0	0	0	0
1608051081	586072830	0	0	0	0
1608051081	596068436	0	0	0	0
1608051081	605916322	0	0	0	0
1608051081	615909276	0	0	0	0
1608051081	625829880	0	0	0	0
1608051081	636039740	0	0	0	0
1608051081	645956089	0	0	0	0
1608051081	655938799	0	0	0	0
1608051081	665955746	0	0	0	0
1608051081	675881170	0	0	0	0
1608051081	685884819	0	0	0	0
1608051081	695949058	0	0	0	0
1608051081	705909046	0	0	0	0
1608051081	715819523	0	0	0	0
1608051081	725975372	0	0	0	0
1608051081	735756167	0	0	0	0
1608051081	745781590	0	0	0	0
1608051081	755717637	0	0	0	0
1608051081	765491552	0	0	0	0
1608051081	775886600	0	0	0	0
1608051081	785912001	0	0	0	0
1608051081	795919206	0	0	0	0
1608051081	805922578	0	0	0	0
1608051081	815845971	0	0	0	0
1608051081	826080754	0	0	0	0
1608051081	835961438	0	0	0	0
1608051081	845912253	0	0	0	0
1608051081	856059852	0	0	0	0
1608051081	865837057	0	0	0	0
1608051081	875821903	0	0	0	0
1608051081	885899773	0	0	0	0
1608051081	895925736	0	0	0	0
1608051081	905937693	0	0	0	0
1608051081	915878544	0	0	0	0
1608051081	926189844	0	0	0	0
1608051081	935947819	0	0	0	0
1608051081	946005237	0	0	0	0
1608051081	955893684	0	0	0	0
1608051081	966296766	0	0	0	0
1608051081	976005348	0	0	0	0
1608051081	985952247	0	0	0	0
1608051081	995901505	0	0	0	0
1608051082	6035708	0	0	0	0
1608051082	15908590	0	0	0	0
1608051082	26020072	0	0	0	0
1608051082	35661152	0	0	0	0
1608051082	45983625	0	0	0	0
1608051082	55908805	0	0	0	0
1608051082	65921577	0	0	0	0
1608051082	75820475	0	0	0	0
1608051082	85960776	0	0	0	0
1608051082	95926773	0	0	0	0
1608051082	105821782	0	0	0	0
1608051082	116075205	0	0	0	0
1608051082	126051589	0	0	0	0
1608051082	135971229	0	0	0	0
1608051082	146002595	0	0	0	0
1608051082	155851537	0	0	0	0
1608051082	165908096	0	0	0	0
1608051082	175929673	0	0	0	0
1608051082	185539674	0	0	0	0
1608051082	195641656	0	0	0	0
1608051082	206024473	0	0	0	0
1608051082	215849882	0	0	0	0
1608051082	226003675	0	0	0	0
1608051082	235934966	0	0	0	0
1608051082	246061182	0	0	0	0
1608051082	255981942	0	0	0	0
1608051082	265992881	0	0	0	0
1608051082	276003637	0	0	0	0
1608051082	285982242	0	0	0	0
1608051082	296030995	0	0	0	0
1608051082	306053036	0	0	0	0
1608051082	316021991	0	0	0	0
1608051082	325968733	0	0	0	0
1608051082	336029425	0	0	0	0
1608051082	345976397	0	0	0	0
1608051082	355979495	0	0	0	0
1608051082	365944699	0	0	0	0
1608051082	375654954	0	0	0	0
1608051082	385887936	0	0	0	0
1608051082	396047298	0	0	0	0
1608051082	405983642	0	0	0	0
1608051082	416039219	0	0	0	0
1608051082	425932697	0	0	0	0
1608051082	435992376	0	0	0	0
1608051082	445979356	0	0	0	0
1608051082	455953450	0	0	0	0
1608051082	465931414	0	0	0	0
1608051082	476081427	0	0	0	0
1608051082	485952515	0	0	0	0
1608051082	495854906	0	0	0	0
1608051082	505898791	0	0	0	0
1608051082	516024786	0	0	0	0
1608051082	525951458	0	0	0	0
1608051082	535929065	0	0	0	0
1608051082	546067826	0	0	0	0
1608051082	555929089	0	0	0	0
1608051082	566346851	0	0	0	0
1608051082	575991178	0	0	0	0
1608051082	585912257	0	0	0	0
1608051082	595992821	0	0	0	0
1608051082	605929313	0	0	0	0
1608051082	616033701	0	0	0	0
1608051082	626064774	0	0	0	0
1608051082	635942209	0	0	0	0
1608051082	645861411	0	0	0	0
1608051082	655790196	0	0	0	0
1608051082	665996335	0	0	0	0
1608051082	675843406	0	0	0	0
1608051082	686051257	0	0	0	0
1608051082	695855704	0	0	0	0
1608051082	706054500	0	0	0	0
1608051082	715919868	0	0	0	0
1608051082	725916385	0	0	0	0
1608051082	735981629	0	0	0	0
1608051082	745965864	0	0	0	0
1608051082	755906581	0	0	0	0
1608051082	765859701	0	0	0	0
1608051082	775836175	0	0	0	0
1608051082	785625791	0	0	0	0
1608051082	795961776	0	0	0	0
1608051082	805979097	0	0	0	0
1608051082	816113879	0	0	0	0
1608051082	825938389	0	0	0	0
1608051082	835897725	0	0	0	0
1608051082	845928811	0	0	0	0
1608051082	855963332	0	0	0	0
1608051082	865957625	0	0	0	0
1608051082	876252166	0	0	0	0
1608051082	885818669	0	0	0	0
1608051082	895930461	0	0	0	0
1608051082	906169015	0	0	0	0
1608051082	915609003	0	0	0	0
1608051082	925958362	0	0	0	0
1608051082	935909953	0	0	0	0
1608051082	945620651	0	0	0	0
1608051082	955930848	0	0	0	0
1608051082	965962524	0	0	0	0
1608051082	975798603	0	0	0	0
1608051082	986007612	0	0	0	0
1608051082	995911608	0	0	0	0
1608051083	5960339	0	0	0	0
1608051083	15920701	0	0	0	0
1608051083	26027753	0	0	0	0
1608051083	35810339	0	0	0	0
1608051083	46012421	0	0	0	0
1608051083	55922872	0	0	0	0
1608051083	65847041	0	0	0	0
1608051083	76009833	0	0	0	0
1608051083	85996391	0	0	0	0
1608051083	95936747	0	0	0	0
1608051083	105974684	0	0	0	0
1608051083	115966109	0	0	0	0
1608051083	125975998	0	0	0	0
1608051083	136071442	0	0	0	0
1608051083	145646276	0	0	0	0
1608051083	155655853	0	0	0	0
1608051083	165676320	0	0	0	0
1608051083	175946710	0	0	0	0
1608051083	185979172	0	0	0	0
1608051083	196015679	0	0	0	0
1608051083	206022361	0	0	0	0
1608051083	216120992	0	0	0	0
1608051083	225918203	0	0	0	0
1608051083	235943719	0	0	0	0
1608051083	245969465	0	0	0	0
1608051083	255938546	0	0	0	0
1608051083	266033220	0	0	0	0
1608051083	276005628	0	0	0	0
1608051083	285953699	0	0	0	0
1608051083	295987153	0	0	0	0
1608051083	305913767	0	0	0	0
1608051083	315868942	0	0	0	0
1608051083	326066733	0	0	0	0
1608051083	335943438	0	0	0	0
1608051083	345938415	0	0	0	0
1608051083	355852816	0	0	0	0
1608051083	365994785	0	0	0	0
1608051083	375950223	0	0	0	0
1608051083	385972504	0	0	0	0
1608051083	395996048	0	0	0	0
1608051083	405993608	0	0	0	0
1608051083	416054380	0	0	0	0
1608051083	425809727	0	0	0	0
1608051083	435907496	0	0	0	0
1608051083	445902987	0	0	0	0
1608051083	456094311	0	0	0	0
1608051083	465976104	0	0	0	0
1608051083	475954910	0	0	0	0
1608051083	485686526	0	0	0	0
1608051083	495976300	0	0	0	0
1608051083	505946820	0	0	0	0
1608051083	515979833	0	0	0	0
1608051083	526209702	0	0	0	0
1608051083	535664695	0	0	0	0
1608051083	545619952	0	0	0	0
1608051083	555888228	0	0	0	0
1608051083	566373935	0	0	0	0
1608051083	576135718	0	0	0	0
1608051083	586102182	0	0	0	0
1608051083	595993493	0	0	0	0
1608051083	605932725	0	0	0	0
1608051083	615989561	0	0	0	0
1608051083	625975102	0	0	0	0
1608051083	635982248	0	0	0	0
1608051083	645702500	0	0	0	0
1608051083	656330853	0	0	0	0
1608051083	665990190	0	0	0	0
1608051083	676208858	0	0	0	0
1608051083	686092145	0	0	0	0
1608051083	695944385	0	0	0	0
1608051083	705854398	0	0	0	0
1608051083	715880207	0	0	0	0
1608051083	725971648	0	0	0	0
1608051083	735957103	0	0	0	0
1608051083	745863395	0	0	0	0
1608051083	755931114	0	0	0	0
1608051083	766015794	0	0	0	0
1608051083	775998687	0	0	0	0
1608051083	786001065	0	0	0	0
1608051083	796075678	0	0	0	0
1608051083	805858910	0	0	0	0
1608051083	815939299	0	0	0	0
1608051083	826058246	0	0	0	0
1608051083	835946371	0	0	0	0
1608051083	845878319	0	0	0	0
1608051083	856078026	0	0	0	0
1608051083	866025030	0	0	0	0
1608051083	876102094	0	0	0	0
1608051083	885957200	0	0	0	0
1608051083	895990586	0	0	0	0
1608051083	905969451	0	0	0	0
1608051083	915902720	0	0	0	0
1608051083	926073338	0	0	0	0
1608051083	935847755	0	0	0	0
1608051083	945953783	0	0	0	0
1608051083	955948258	0	0	0	0
1608051083	965958724	0	0	0	0
1608051083	975952525	0	0	0	0
1608051083	985975841	0	0	0	0
1608051083	996113709	0	0	0	0
1608051084	5856869	0	0	0	0
1608051084	15915306	0	0	0	0
1608051084	25903621	0	0	0	0
1608051084	35857890	0	0	0	0
1608051084	45987721	0	0	0	0
1608051084	55987820	0	0	0	0
1608051084	66022489	0	0	0	0
1608051084	76079292	0	0	0	0
1608051084	85897662	0	0	0	0
1608051084	95947928	0	0	0	0
1608051084	105658320	0	0	0	0
1608051084	115901986	0	0	0	0
1608051084	125922504	0	0	0	0
1608051084	135870448	0	0	0	0
1608051084	145968045	0	0	0	0
1608051084	155993958	0	0	0	0
1608051084	166050171	0	0	0	0
1608051084	175922415	0	0	0	0
1608051084	185975231	0	0	0	0
1608051084	195932367	0	0	0	0
1608051084	205578651	0	0	0	0
1608051084	215975562	0	0	0	0
1608051084	225905267	0	0	0	0
1608051084	235997753	0	0	0	0
1608051084	245982480	0	0	0	0
1608051084	255776045	0	0	0	0
1608051084	265858810	0	0	0	0
1608051084	275798648	0	0	0	0
1608051084	285708952	0	0	0	0
1608051084	296377381	0	0	0	0
1608051084	306051686	0	0	0	0
1608051084	315930035	0	0	0	0
1608051084	326104361	0	0	0	0
1608051084	335937688	0	0	0	0
1608051084	346023583	0	0	0	0
1608051084	355957567	0	0	0	0
1608051084	366003165	0	0	0	0
1608051084	375956423	0	0	0	0
1608051084	385964905	0	0	0	0
1608051084	395723574	0	0	0	0
1608051084	405954748	0	0	0	0
1608051084	415916302	0	0	0	0
1608051084	425828047	0	0	0	0
1608051084	435959192	0	0	0	0
1608051084	445984180	0	0	0	0
1608051084	455964642	0	0	0	0
1608051084	465970846	0	0	0	0
1608051084	475888359	0	0	0	0
1608051084	486072520	0	0	0	0
1608051084	495875828	0	0	0	0
1608051084	505962211	0	0	0	0
1608051084	515907760	0	0	0	0
1608051084	525839777	0	0	0	0
1608051084	536021178	0	0	0	0
1608051084	546012657	0	0	0	0
1608051084	555900289	0	0	0	0
1608051084	565978111	0	0	0	0
1608051084	576070968	0	0	0	0
1608051084	586096301	0	0	0	0
1608051084	596085775	0	0	0	0
1608051084	605992674	0	0	0	0
1608051084	616054298	0	0	0	0
1608051084	625684874	0	0	0	0
1608051084	636005345	0	0	0	0
1608051084	645971097	0	0	0	0
1608051084	655987831	0	0	0	0
1608051084	665870488	0	0	0	0
1608051084	675973094	0	0	0	0
1608051084	685976232	0	0	0	0
1608051084	696040805	0	0	0	0
1608051084	705993492	0	0	0	0
1608051084	715864739	0	0	0	0
1608051084	726003996	0	0	0	0
1608051084	736083397	0	0	0	0
1608051084	745962763	0	0	0	0
1608051084	755974701	0	0	0	0
1608051084	766045775	0	0	0	0
1608051084	775991717	0	0	0	0
1608051084	785953891	0	0	0	0
1608051084	795993367	0	0	0	0
1608051084	805868785	0	0	0	0
1608051084	815977638	0	0	0	0
1608051084	826035993	0	0	0	0
1608051084	836034594	0	0	0	0
1608051084	846013433	0	0	0	0
1608051084	855958583	0	0	0	0
1608051084	865997487	0	0	0	0
1608051084	875991261	0	0	0	0
1608051084	886012060	0	0	0	0
1608051084	895990331	0	0	0	0
1608051084	905860989	0	0	0	0
1608051084	915941496	0	0	0	0
1608051084	926087012	0	0	0	0
1608051084	936276875	0	0	0	0
1608051084	946029377	0	0	0	0
1608051084	955631165	0	0	0	0
1608051084	966100906	0	0	0	0
1608051084	975974485	0	0	0	0
1608051084	985883088	0	0	0	0
1608051084	996027421	0	0	0	0
1608051085	6006574	0	0	0	0
1608051085	15967661	0	0	0	0
1608051085	25992117	0	0	0	0
1608051085	35831203	0	0	0	0
1608051085	45977898	0	0	0	0
1608051085	56026013	0	0	0	0
1608051085	65904543	0	0	0	0
1608051085	75981368	0	0	0	0
1608051085	86044175	0	0	0	0
1608051085	96084319	0	0	0	0
1608051085	106055851	0	0	0	0
1608051085	116029564	0	0	0	0
1608051085	125907671	0	0	0	0
1608051085	136011519	0	0	0	0
1608051085	145930628	0	0	0	0
1608051085	156100607	0	0	0	0
1608051085	165998823	0	0	0	0
1608051085	175949638	0	0	0	0
1608051085	186044117	0	0	0	0
1608051085	195903756	0	0	0	0
1608051085	205992971	0	0	0	0
1608051085	216064711	0	0	0	0
1608051085	226006044	0	0	0	0
1608051085	236064087	0	0	0	0
1608051085	246009287	0	0	0	0
1608051085	256114680	0	0	0	0
1608051085	265961528	0	0	0	0
1608051085	275984607	0	0	0	0
1608051085	285957179	0	0	0	0
1608051085	295654744	0	0	0	0
1608051085	305927007	0	0	0	0
1608051085	316016103	0	0	0	0
1608051085	325943094	0	0	0	0
1608051085	335952048	0	0	0	0
1608051085	345929229	0	0	0	0
1608051085	355983525	0	0	0	0
1608051085	365941724	0	0	0	0
1608051085	376030331	0	0	0	0
1608051085	386072336	0	0	0	0
1608051085	395966118	0	0	0	0
1608051085	405931521	0	0	0	0
1608051085	416002235	0	0	0	0
1608051085	426009896	0	0	0	0
1608051085	435931212	0	0	0	0
1608051085	445972700	0	0	0	0
1608051085	455955642	0	0	0	0
1608051085	465967457	0	0	0	0
1608051085	476212043	0	0	0	0
1608051085	485849427	0	0	0	0
1608051085	496071105	0	0	0	0
1608051085	505947663	0	0	0	0
1608051085	515982046	0	0	0	0
1608051085	525938549	0	0	0	0
1608051085	535961357	0	0	0	0
1608051085	545966308	0	0	0	0
1608051085	555841622	0	0	0	0
1608051085	565939510	0	0	0	0
1608051085	575948271	0	0	0	0
1608051085	585879778	0	0	0	0
1608051085	595998337	0	0	0	0
1608051085	606068904	0	0	0	0
1608051085	616061449	0	0	0	0
1608051085	625934137	0	0	0	0
1608051085	636001322	0	0	0	0
1608051085	645944922	0	0	0	0
1608051085	656026789	0	0	0	0
1608051085	666118240	0	0	0	0
1608051085	675830232	0	0	0	0
1608051085	685955092	0	0	0	0
1608051085	696049696	0	0	0	0
1608051085	705989687	0	0	0	0
1608051085	716047345	0	0	0	0
1608051085	725927326	0	0	0	0
1608051085	735896625	0	0	0	0
1608051085	746004012	0	0	0	0
1608051085	755955505	0	0	0	0
1608051085	765967504	0	0	0	0
1608051085	775719353	0	0	0	0
1608051085	785772109	0	0	0	0
1608051085	795950670	0	0	0	0
1608051085	805814770	0	0	0	0
1608051085	815939817	0	0	0	0
1608051085	825929143	0	0	0	0
1608051085	835985584	0	0	0	0
1608051085	845647580	0	0	0	0
1608051085	855950465	0	0	0	0
1608051085	865991816	0	0	0	0
1608051085	875988579	0	0	0	0
1608051085	886088272	0	0	0	0
1608051085	895992636	0	0	0	0
1608051085	906325083	0	0	0	0
1608051085	916122142	0	0	0	0
1608051085	926166585	0	0	0	0
1608051085	936563092	0	0	0	0
1608051085	945869294	0	0	0	0
1608051085	955991639	0	0	0	0
1608051085	965899682	0	0	0	0
1608051085	976160865	0	0	0	0
1608051085	986018610	0	0	0	0
1608051085	996016257	0	0	0	0
1608051086	6041975	0	0	0	0
1608051086	15882472	0	0	0	0
1608051086	25989977	0	0	0	0
1608051086	35691602	0	0	0	0
1608051086	45962420	0	0	0	0
1608051086	55986426	0	0	0	0
1608051086	65958954	0	0	0	0
1608051086	76053428	0	0	0	0
1608051086	86001669	0	0	0	0
1608051086	96005176	0	0	0	0
1608051086	105925755	0	0	0	0
1608051086	115919385	0	0	0	0
1608051086	126067202	0	0	0	0
1608051086	135968569	0	0	0	0
1608051086	145896150	0	0	0	0
1608051086	155990581	0	0	0	0
1608051086	166001204	0	0	0	0
1608051086	176078985	0	0	0	0
1608051086	186019410	0	0	0	0
1608051086	196030622	0	0	0	0
1608051086	205992108	0	0	0	0
1608051086	215938489	0	0	0	0
1608051086	226021834	0	0	0	0
1608051086	235918237	0	0	0	0
1608051086	245935131	0	0	0	0
1608051086	255936264	0	0	0	0
1608051086	266013960	0	0	0	0
1608051086	276050726	0	0	0	0
1608051086	285881765	0	0	0	0
1608051086	296038896	0	0	0	0
1608051086	306055299	0	0	0	0
1608051086	315991522	0	0	0	0
1608051086	325906549	0	0	0	0
1608051086	335983317	0	0	0	0
1608051086	345883903	0	0	0	0
1608051086	356315378	0	0	0	0
1608051086	365915125	0	0	0	0
1608051086	376042560	0	0	0	0
1608051086	385992801	0	0	0	0
1608051086	395948041	0	0	0	0
1608051086	405987885	0	0	0	0
1608051086	415953479	0	0	0	0
1608051086	426059526	0	0	0	0
1608051086	436058754	0	0	0	0
1608051086	446300262	0	0	0	0
1608051086	455933309	0	0	0	0
1608051086	465963850	0	0	0	0
1608051086	475983104	0	0	0	0
1608051086	486258617	0	0	0	0
1608051086	495984839	0	0	0	0
1608051086	505948086	0	0	0	0
1608051086	515996580	0	0	0	0
1608051086	526006744	0	0	0	0
1608051086	535895629	0	0	0	0
1608051086	545942964	0	0	0	0
1608051086	555934360	0	0	0	0
1608051086	565989421	0	0	0	0
1608051086	576436941	0	0	0	0
1608051086	585929299	0	0	0	0
1608051086	596053891	0	0	0	0
1608051086	605954665	0	0	0	0
1608051086	615999483	0	0	0	0
1608051086	625908324	0	0	0	0
1608051086	635947835	0	0	0	0
1608051086	646085586	0	0	0	0
1608051086	656285049	0	0	0	0
1608051086	665934224	0	0	0	0
1608051086	676193168	0	0	0	0
1608051086	686001428	0	0	0	0
1608051086	696202146	0	0	0	0
1608051086	706027805	0	0	0	0
1608051086	716136449	0	0	0	0
1608051086	726013430	0	0	0	0
1608051086	735908101	0	0	0	0
1608051086	745985880	0	0	0	0
1608051086	755912160	0	0	0	0
1608051086	766019925	0	0	0	0
1608051086	776046953	0	0	0	0
1608051086	785968866	0	0	0	0
1608051086	795925871	0	0	0	0
1608051086	805651585	0	0	0	0
1608051086	815988750	0	0	0	0
1608051086	825969733	0	0	0	0
1608051086	835994235	0	0	0	0
1608051086	845975748	0	0	0	0
1608051086	856035856	0	0	0	0
1608051086	865911201	0	0	0	0
1608051086	876138306	0	0	0	0
1608051086	885979800	0	0	0	0
1608051086	896051270	0	0	0	0
1608051086	906031554	0	0	0	0
1608051086	916038905	0	0	0	0
1608051086	926179485	0	0	0	0
1608051086	935977782	0	0	0	0
1608051086	946086964	0	0	0	0
1608051086	956009302	0	0	0	0
1608051086	965973858	0	0	0	0
1608051086	976061437	0	0	0	0
1608051086	985987808	0	0	0	0
1608051086	995961815	0	0	0	0
1608051087	5903936	0	0	0	0
1608051087	15909014	0	0	0	0
1608051087	25936920	0	0	0	0
1608051087	35984651	0	0	0	0
1608051087	46073870	0	0	0	0
1608051087	56051510	0	0	0	0
1608051087	66022397	0	0	0	0
1608051087	75990910	0	0	0	0
1608051087	86128745	0	0	0	0
1608051087	95926031	0	0	0	0
1608051087	105838725	0	0	0	0
1608051087	115983653	0	0	0	0
1608051087	125659950	0	0	0	0
1608051087	135947728	0	0	0	0
1608051087	145986685	0	0	0	0
1608051087	155924096	0	0	0	0
1608051087	165995101	0	0	0	0
1608051087	175889185	0	0	0	0
1608051087	185995427	0	0	0	0
1608051087	196031013	0	0	0	0
1608051087	205919210	0	0	0	0
1608051087	216052824	0	0	0	0
1608051087	225962270	0	0	0	0
1608051087	235906931	0	0	0	0
1608051087	246129385	0	0	0	0
1608051087	255982468	0	0	0	0
1608051087	265938309	0	0	0	0
1608051087	276019683	0	0	0	0
1608051087	286411594	0	0	0	0
1608051087	295980654	0	0	0	0
1608051087	306043176	0	0	0	0
1608051087	315952924	0	0	0	0
1608051087	326031604	0	0	0	0
1608051087	335898300	0	0	0	0
1608051087	345942933	0	0	0	0
1608051087	355975897	0	0	0	0
1608051087	366044350	0	0	0	0
1608051087	375989695	0	0	0	0
1608051087	386036415	0	0	0	0
1608051087	395991017	0	0	0	0
1608051087	406036956	0	0	0	0
1608051087	416114838	0	0	0	0
1608051087	425969917	0	0	0	0
1608051087	436090539	0	0	0	0
1608051087	445982071	0	0	0	0
1608051087	456010544	0	0	0	0
1608051087	466030259	0	0	0	0
1608051087	476015737	0	0	0	0
1608051087	486097533	0	0	0	0
1608051087	496126642	0	0	0	0
1608051087	505826539	0	0	0	0
1608051087	515777203	0	0	0	0
1608051087	525853902	0	0	0	0
1608051087	535739328	0	0	0	0
1608051087	546031397	0	0	0	0
1608051087	555714368	0	0	0	0
1608051087	565631093	0	0	0	0
1608051087	575925624	0	0	0	0
1608051087	586038637	0	0	0	0
1608051087	596039124	0	0	0	0
1608051087	605829333	0	0	0	0
1608051087	616039473	0	0	0	0
1608051087	625873627	0	0	0	0
1608051087	635573987	0	0	0	0
1608051087	646024526	0	0	0	0
1608051087	656095292	0	0	0	0
1608051087	666036612	0	0	0	0
1608051087	675912635	0	0	0	0
1608051087	686010819	0	0	0	0
1608051087	695959141	0	0	0	0
1608051087	706265052	0	0	0	0
1608051087	716138239	0	0	0	0
1608051087	726020950	0	0	0	0
1608051087	735986376	0	0	0	0
1608051087	745945935	0	0	0	0
1608051087	756139444	0	0	0	0
1608051087	765968740	0	0	0	0
1608051087	775694313	0	0	0	0
1608051087	786015795	0	0	0	0
1608051087	795634034	0	0	0	0
1608051087	806009439	0	0	0	0
1608051087	815991870	0	0	0	0
1608051087	825855467	0	0	0	0
1608051087	836005512	0	0	0	0
1608051087	845971398	0	0	0	0
1608051087	856045661	0	0	0	0
1608051087	866066014	0	0	0	0
1608051087	875991509	0	0	0	0
1608051087	886024334	0	0	0	0
1608051087	896025296	0	0	0	0
1608051087	906006794	0	0	0	0
1608051087	915848194	0	0	0	0
1608051087	926003271	0	0	0	0
1608051087	936002092	0	0	0	0
1608051087	945979198	0	0	0	0
1608051087	955978574	0	0	0	0
1608051087	965959719	0	0	0	0
1608051087	976010083	0	0	0	0
1608051087	985764661	0	0	0	0
1608051087	995946841	0	0	0	0
1608051088	6139141	0	0	0	0
1608051088	15914490	0	0	0	0
1608051088	26050602	0	0	0	0
1608051088	36253189	0	0	0	0
1608051088	45943148	0	0	0	0
1608051088	56141584	0	0	0	0
1608051088	65881024	0	0	0	0
1608051088	76123679	0	0	0	0
1608051088	86060999	0	0	0	0
1608051088	96037119	0	0	0	0
1608051088	106097455	0	0	0	0
1608051088	115924204	0	0	0	0
1608051088	126051270	0	0	0	0
1608051088	136008738	0	0	0	0
1608051088	145758417	0	0	0	0
1608051088	156157039	0	0	0	0
1608051088	166002085	0	0	0	0
1608051088	176005515	0	0	0	0
1608051088	186018364	0	0	0	0
1608051088	195993998	0	0	0	0
1608051088	206006167	0	0	0	0
1608051088	215975376	0	0	0	0
1608051088	226032623	0	0	0	0
1608051088	236003878	0	0	0	0
1608051088	246040777	0	0	0	0
1608051088	255972480	0	0	0	0
1608051088	266042091	0	0	0	0
1608051088	275959561	0	0	0	0
1608051088	286140237	0	0	0	0
1608051088	296027609	0	0	0	0
1608051088	306157467	0	0	0	0
1608051088	316145905	0	0	0	0
1608051088	326089741	0	0	0	0
1608051088	336029279	0	0	0	0
1608051088	346036853	0	0	0	0
1608051088	356054816	0	0	0	0
1608051088	366017698	0	0	0	0
1608051088	375992178	0	0	0	0
1608051088	386013709	0	0	0	0
1608051088	396041238	0	0	0	0
1608051088	405878485	0	0	0	0
1608051088	415982289	0	0	0	0
1608051088	426004189	0	0	0	0
1608051088	435987148	0	0	0	0
1608051088	445966355	0	0	0	0
1608051088	456101116	0	0	0	0
1608051088	466027389	0	0	0	0
1608051088	475906977	0	0	0	0
1608051088	486145335	0	0	0	0
1608051088	495996596	0	0	0	0
1608051088	505673754	0	0	0	0
1608051088	516024611	0	0	0	0
1608051088	526075172	0	0	0	0
1608051088	536156092	0	0	0	0
1608051088	546016511	0	0	0	0
1608051088	555686713	0	0	0	0
1608051088	566041780	0	0	0	0
1608051088	575983886	0	0	0	0
1608051088	586034501	0	0	0	0
1608051088	596036890	0	0	0	0
1608051088	605912131	0	0	0	0
1608051088	616133285	0	0	0	0
1608051088	626109287	0	0	0	0
1608051088	636078470	0	0	0	0
1608051088	645940087	0	0	0	0
1608051088	655955362	0	0	0	0
1608051088	665998754	0	0	0	0
1608051088	676020710	0	0	0	0
1608051088	685805497	0	0	0	0
1608051088	696043943	0	0	0	0
1608051088	705942248	0	0	0	0
1608051088	716053874	0	0	0	0
1608051088	726101282	0	0	0	0
1608051088	736021450	0	0	0	0
1608051088	746139023	0	0	0	0
1608051088	756014133	0	0	0	0
1608051088	766022021	0	0	0	0
1608051088	775980905	0	0	0	0
1608051088	786021661	0	0	0	0
1608051088	795885056	0	0	0	0
1608051088	805996186	0	0	0	0
1608051088	815954598	0	0	0	0
1608051088	826029852	0	0	0	0
1608051088	836025023	0	0	0	0
1608051088	846047349	0	0	0	0
1608051088	856045948	0	0	0	0
1608051088	866019489	0	0	0	0
1608051088	876022289	0	0	0	0
1608051088	885936362	0	0	0	0
1608051088	896001351	0	0	0	0
1608051088	906327600	0	0	0	0
1608051088	915996697	0	0	0	0
1608051088	926036233	0	0	0	0
1608051088	935871978	0	0	0	0
1608051088	945998380	0	0	0	0
1608051088	956054635	0	0	0	0
1608051088	966038975	0	0	0	0
1608051088	976031781	0	0	0	0
1608051088	986010342	0	0	0	0
1608051088	995868135	0	0	0	0
1608051089	6453992	0	0	0	0
1608051089	16052252	0	0	0	0
1608051089	26060015	0	0	0	0
1608051089	36039286	0	0	0	0
1608051089	46030263	0	0	0	0
1608051089	55935396	0	0	0	0
1608051089	65956371	0	0	0	0
1608051089	75996171	0	0	0	0
1608051089	85952561	0	0	0	0
1608051089	95998325	0	0	0	0
1608051089	106477202	0	0	0	0
1608051089	116036925	0	0	0	0
1608051089	126012968	0	0	0	0
1608051089	136022463	0	0	0	0
1608051089	146014890	0	0	0	0
1608051089	156045042	0	0	0	0
1608051089	166133293	0	0	0	0
1608051089	175938426	0	0	0	0
1608051089	185936372	0	0	0	0
1608051089	195999371	0	0	0	0
1608051089	206158294	0	0	0	0
1608051089	216033656	0	0	0	0
1608051089	226445756	0	0	0	0
1608051089	236069487	0	0	0	0
1608051089	246152084	0	0	0	0
1608051089	255696464	0	0	0	0
1608051089	266028245	0	0	0	0
1608051089	275714055	0	0	0	0
1608051089	286334493	0	0	0	0
1608051089	296147207	0	0	0	0
1608051089	306134908	0	0	0	0
1608051089	316045497	0	0	0	0
1608051089	326013715	0	0	0	0
1608051089	336031124	0	0	0	0
1608051089	345655956	0	0	0	0
1608051089	355993839	0	0	0	0
1608051089	366137806	0	0	0	0
1608051089	376035692	0	0	0	0
1608051089	386218850	0	0	0	0
1608051089	395952117	0	0	0	0
1608051089	405984028	0	0	0	0
1608051089	416033413	0	0	0	0
1608051089	426025848	0	0	0	0
1608051089	435994054	0	0	0	0
1608051089	446006636	0	0	0	0
1608051089	455999487	0	0	0	0
1608051089	465999921	0	0	0	0
1608051089	475964738	0	0	0	0
1608051089	485946375	0	0	0	0
1608051089	496038302	0	0	0	0
1608051089	506075452	0	0	0	0
1608051089	515886300	0	0	0	0
1608051089	525978666	0	0	0	0
1608051089	536003591	0	0	0	0
1608051089	546014420	0	0	0	0
1608051089	555994004	0	0	0	0
1608051089	565987331	0	0	0	0
1608051089	575941750	0	0	0	0
1608051089	585984917	0	0	0	0
1608051089	596036578	0	0	0	0
1608051089	606065453	0	0	0	0
1608051089	615900176	0	0	0	0
1608051089	626042875	0	0	0	0
1608051089	636581106	0	0	0	0
1608051089	646075461	0	0	0	0
1608051089	656049745	0	0	0	0
1608051089	666016582	0	0	0	0
1608051089	675745330	0	0	0	0
1608051089	686023204	0	0	0	0
1608051089	696122107	0	0	0	0
1608051089	706025231	0	0	0	0
1608051089	716026402	0	0	0	0
1608051089	726114037	0	0	0	0
1608051089	735976548	0	0	0	0
1608051089	746056940	0	0	0	0
1608051089	756048908	0	0	0	0
1608051089	765973795	0	0	0	0
1608051089	776004869	0	0	0	0
1608051089	786080183	0	0	0	0
1608051089	796107267	0	0	0	0
1608051089	805992873	0	0	0	0
1608051089	816053487	0	0	0	0
1608051089	826430889	0	0	0	0
1608051089	836337992	0	0	0	0
1608051089	846025029	0	0	0	0
1608051089	855986143	0	0	0	0
1608051089	865922128	0	0	0	0
1608051089	876094842	0	0	0	0
1608051089	886166652	0	0	0	0
1608051089	896183597	0	0	0	0
1608051089	905904969	0	0	0	0
1608051089	916032150	0	0	0	0
1608051089	925958815	0	0	0	0
1608051089	936154811	0	0	0	0
1608051089	945947779	0	0	0	0
1608051089	956094747	0	0	0	0
1608051089	965892677	0	0	0	0
1608051089	975934694	0	0	0	0
1608051089	986040568	0	0	0	0
1608051089	996086275	0	0	0	0
1608051090	5881232	0	0	0	0
1608051090	16068381	0	0	0	0
1608051090	25981364	0	0	0	0
1608051090	35728110	0	0	0	0
1608051090	46057939	0	0	0	0
1608051090	56000134	0	0	0	0
1608051090	66137603	0	0	0	0
1608051090	75988242	0	0	0	0
1608051090	86126365	0	0	0	0
1608051090	96168377	0	0	0	0
1608051090	106010883	0	0	0	0
1608051090	116067748	0	0	0	0
1608051090	126059094	0	0	0	0
1608051090	136048621	0	0	0	0
1608051090	146039676	0	0	0	0
1608051090	156045661	0	0	0	0
1608051090	165941338	0	0	0	0
1608051090	176056350	0	0	0	0
1608051090	186080342	0	0	0	0
1608051090	195794632	0	0	0	0
1608051090	205975672	0	0	0	0
1608051090	216038752	0	0	0	0
1608051090	226034391	0	0	0	0
1608051090	236031078	0	0	0	0
1608051090	246029216	0	0	0	0
1608051090	256071325	0	0	0	0
1608051090	266157299	0	0	0	0
1608051090	276071033	0	0	0	0
1608051090	286073642	0	0	0	0
1608051090	296069591	0	0	0	0
1608051090	306000107	0	0	0	0
1608051090	316040515	0	0	0	0
1608051090	326006556	0	0	0	0
1608051090	336050080	0	0	0	0
1608051090	346034286	0	0	0	0
1608051090	355923785	0	0	0	0
1608051090	366055476	0	0	0	0
1608051090	376088992	0	0	0	0
1608051090	386042328	0	0	0	0
1608051090	396194891	0	0	0	0
1608051090	406011665	0	0	0	0
1608051090	415993767	0	0	0	0
1608051090	426034747	0	0	0	0
1608051090	436040284	0	0	0	0
1608051090	445985757	0	0	0	0
1608051090	456079533	0	0	0	0
1608051090	466026072	0	0	0	0
1608051090	476099527	0	0	0	0
1608051090	486177556	0	0	0	0
1608051090	495958510	0	0	0	0
1608051090	506060924	0	0	0	0
1608051090	516188888	0	0	0	0
1608051090	526190844	0	0	0	0
1608051090	536065896	0	0	0	0
1608051090	546057116	0	0	0	0
1608051090	556123849	0	0	0	0
1608051090	566062854	0	0	0	0
1608051090	576113310	0	0	0	0
1608051090	586072926	0	0	0	0
1608051090	596315077	0	0	0	0
1608051090	606274772	0	0	0	0
1608051090	616279897	0	0	0	0
1608051090	626189110	0	0	0	0
1608051090	636060695	0	0	0	0
1608051090	645920515	0	0	0	0
1608051090	656180178	0	0	0	0
1608051090	666075633	0	0	0	0
1608051090	676157717	0	0	0	0
1608051090	686180901	0	0	0	0
1608051090	696052925	0	0	0	0
1608051090	706099062	0	0	0	0
1608051090	716088159	0	0	0	0
1608051090	726167358	0	0	0	0
1608051090	736003475	0	0	0	0
1608051090	746077432	0	0	0	0
1608051090	756028341	0	0	0	0
1608051090	766455667	0	0	0	0
1608051090	776098146	0	0	0	0
1608051090	786030285	0	0	0	0
1608051090	796094382	0	0	0	0
1608051090	805961310	0	0	0	0
1608051090	816043607	0	0	0	0
1608051090	825956050	0	0	0	0
1608051090	835995081	0	0	0	0
1608051090	846144043	0	0	0	0
1608051090	856086733	0	0	0	0
1608051090	866077402	0	0	0	0
1608051090	876103124	0	0	0	0
1608051090	886044772	0	0	0	0
1608051090	896065614	0	0	0	0
1608051090	906045685	0	0	0	0
1608051090	916040830	0	0	0	0
1608051090	925818874	0	0	0	0
1608051090	936050241	0	0	0	0
1608051090	945909013	0	0	0	0
1608051090	956104648	0	0	0	0
1608051090	966073475	0	0	0	0
1608051090	976085645	0	0	0	0
1608051090	985988832	0	0	0	0
1608051090	996059192	0	0	0	0
1608051091	5970580	0	0	0	0
1608051091	16077522	0	0	0	0
1608051091	26010227	0	0	0	0
1608051091	35990753	0	0	0	0
1608051091	46008057	0	0	0	0
1608051091	56101155	0	0	0	0
1608051091	66076960	0	0	0	0
1608051091	76093853	0	0	0	0
1608051091	86040098	0	0	0	0
1608051091	96078528	0	0	0	0
1608051091	106115054	0	0	0	0
1608051091	116027232	0	0	0	0
1608051091	126031370	0	0	0	0
1608051091	136016642	0	0	0	0
1608051091	146044005	0	0	0	0
1608051091	156017664	0	0	0	0
1608051091	166063805	0	0	0	0
1608051091	176051341	0	0	0	0
1608051091	186066860	0	0	0	0
1608051091	196093001	0	0	0	0
1608051091	206038217	0	0	0	0
1608051091	216075008	0	0	0	0
1608051091	226074913	0	0	0	0
1608051091	235901101	0	0	0	0
1608051091	246071417	0	0	0	0
1608051091	256044276	0	0	0	0
1608051091	266053684	0	0	0	0
1608051091	275993948	0	0	0	0
1608051091	285980996	0	0	0	0
1608051091	296306658	0	0	0	0
1608051091	306064666	0	0	0	0
1608051091	316014755	0	0	0	0
1608051091	326193094	0	0	0	0
1608051091	336134154	0	0	0	0
1608051091	346069892	0	0	0	0
1608051091	356150691	0	0	0	0
1608051091	366072633	0	0	0	0
1608051091	376053998	0	0	0	0
1608051091	386045624	0	0	0	0
1608051091	396348717	0	0	0	0
1608051091	406022145	0	0	0	0
1608051091	415768201	0	0	0	0
1608051091	425964267	0	0	0	0
1608051091	435785419	0	0	0	0
1608051091	446197086	0	0	0	0
1608051091	456051287	0	0	0	0
1608051091	466082247	0	0	0	0
1608051091	476147176	0	0	0	0
1608051091	486060533	0	0	0	0
1608051091	496047736	0	0	0	0
1608051091	505927852	0	0	0	0
1608051091	516037300	0	0	0	0
1608051091	525970974	0	0	0	0
1608051091	536465199	0	0	0	0
1608051091	546097909	0	0	0	0
1608051091	555775332	0	0	0	0
1608051091	566081745	0	0	0	0
1608051091	576079461	0	0	0	0
1608051091	586027283	0	0	0	0
1608051091	596173032	0	0	0	0
1608051091	606091051	0	0	0	0
1608051091	615766353	0	0	0	0
1608051091	625956232	0	0	0	0
1608051091	636190638	0	0	0	0
1608051091	646079709	0	0	0	0
1608051091	656109483	0	0	0	0
1608051091	666059323	0	0	0	0
1608051091	675993763	0	0	0	0
1608051091	685987116	0	0	0	0
1608051091	696063989	0	0	0	0
1608051091	705919016	0	0	0	0
1608051091	716075031	0	0	0	0
1608051091	726165222	0	0	0	0
1608051091	736048452	0	0	0	0
1608051091	746042741	0	0	0	0
1608051091	756062305	0	0	0	0
1608051091	766051438	0	0	0	0
1608051091	776050804	0	0	0	0
1608051091	786043698	0	0	0	0
1608051091	795964388	0	0	0	0
1608051091	806060282	0	0	0	0
1608051091	816055219	0	0	0	0
1608051091	826040207	0	0	0	0
1608051091	836076563	0	0	0	0
1608051091	846041439	0	0	0	0
1608051091	855955840	0	0	0	0
1608051091	866319118	0	0	0	0
1608051091	876026143	0	0	0	0
1608051091	885970636	0	0	0	0
1608051091	895678164	0	0	0	0
1608051091	906363631	0	0	0	0
1608051091	916164431	0	0	0	0
1608051091	925969960	0	0	0	0
1608051091	936043672	0	0	0	0
1608051091	946007026	0	0	0	0
1608051091	956034541	0	0	0	0
1608051091	966056844	0	0	0	0
1608051091	976051045	0	0	0	0
1608051091	986028730	0	0	0	0
1608051091	996141709	0	0	0	0
1608051092	6131801	0	0	0	0
1608051092	15946581	0	0	0	0
1608051092	26087859	0	0	0	0
1608051092	36087389	0	0	0	0
1608051092	46129896	0	0	0	0
1608051092	56098130	0	0	0	0
1608051092	66015031	0	0	0	0
1608051092	76048066	0	0	0	0
1608051092	85993615	0	0	0	0
1608051092	96140751	0	0	0	0
1608051092	106032330	0	0	0	0
1608051092	115985932	0	0	0	0
1608051092	126001513	0	0	0	0
1608051092	136000020	0	0	0	0
1608051092	146120643	0	0	0	0
1608051092	156090791	0	0	0	0
1608051092	166075563	0	0	0	0
1608051092	176102227	0	0	0	0
1608051092	186075062	0	0	0	0
1608051092	196074900	0	0	0	0
1608051092	206041186	0	0	0	0
1608051092	216009270	0	0	0	0
1608051092	226014776	0	0	0	0
1608051092	235959936	0	0	0	0
1608051092	246099340	0	0	0	0
1608051092	256043473	0	0	0	0
1608051092	266069474	0	0	0	0
1608051092	276067091	0	0	0	0
1608051092	285799794	0	0	0	0
1608051092	296054670	0	0	0	0
1608051092	306122671	0	0	0	0
1608051092	315980813	0	0	0	0
1608051092	326094874	0	0	0	0
1608051092	336010700	0	0	0	0
1608051092	346118590	0	0	0	0
1608051092	356006902	0	0	0	0
1608051092	366076376	0	0	0	0
1608051092	376135260	0	0	0	0
1608051092	386160374	0	0	0	0
1608051092	396044848	0	0	0	0
1608051092	406079591	0	0	0	0
1608051092	415912189	0	0	0	0
1608051092	425972166	0	0	0	0
1608051092	435728416	0	0	0	0
1608051092	446072103	0	0	0	0
1608051092	456121815	0	0	0	0
1608051092	466085067	0	0	0	0
1608051092	475948494	0	0	0	0
1608051092	486075544	0	0	0	0
1608051092	496087400	0	0	0	0
1608051092	505884605	0	0	0	0
1608051092	515999130	0	0	0	0
1608051092	526080118	0	0	0	0
1608051092	536121710	0	0	0	0
1608051092	546091179	0	0	0	0
1608051092	556004830	0	0	0	0
1608051092	565917111	0	0	0	0
1608051092	576088781	0	0	0	0
1608051092	586270826	0	0	0	0
1608051092	596135084	0	0	0	0
1608051092	605942493	0	0	0	0
1608051092	616063313	0	0	0	0
1608051092	626083094	0	0	0	0
1608051092	636090387	0	0	0	0
1608051092	646583702	0	0	0	0
1608051092	655970271	0	0	0	0
1608051092	666082456	0	0	0	0
1608051092	676090699	0	0	0	0
1608051092	686089950	0	0	0	0
1608051092	695933206	0	0	0	0
1608051092	705995968	0	0	0	0
1608051092	716059126	0	0	0	0
1608051092	726108532	0	0	0	0
1608051092	736073572	0	0	0	0
1608051092	746127461	0	0	0	0
1608051092	756111366	0	0	0	0
1608051092	766059556	0	0	0	0
1608051092	776136234	0	0	0	0
1608051092	786104858	0	0	0	0
1608051092	796093772	0	0	0	0
1608051092	806148236	0	0	0	0
1608051092	816073442	0	0	0	0
1608051092	826136199	0	0	0	0
1608051092	836057378	0	0	0	0
1608051092	846084069	0	0	0	0
1608051092	856091775	0	0	0	0
1608051092	866073857	0	0	0	0
1608051092	875986564	0	0	0	0
1608051092	886062116	0	0	0	0
1608051092	895743458	0	0	0	0
1608051092	905988188	0	0	0	0
1608051092	916107308	0	0	0	0
1608051092	926117323	0	0	0	0
1608051092	936106704	0	0	0	0
1608051092	946082824	0	0	0	0
1608051092	956016266	0	0	0	0
1608051092	966088077	0	0	0	0
1608051092	976015144	0	0	0	0
1608051092	986008803	0	0	0	0
1608051092	996031216	0	0	0	0
1608051093	6078332	0	0	0	0
1608051093	15982830	0	0	0	0
1608051093	26181094	0	0	0	0
1608051093	35755400	0	0	0	0
1608051093	46002331	0	0	0	0
1608051093	55765024	0	0	0	0
1608051093	66084957	0	0	0	0
1608051093	76059336	0	0	0	0
1608051093	86093291	0	0	0	0
1608051093	96031025	0	0	0	0
1608051093	106008924	0	0	0	0
1608051093	116202065	0	0	0	0
1608051093	126075979	0	0	0	0
1608051093	136082029	0	0	0	0
1608051093	146087678	0	0	0	0
1608051093	156384746	0	0	0	0
1608051093	166078703	0	0	0	0
1608051093	176255208	0	0	0	0
1608051093	186064720	0	0	0	0
1608051093	196087437	0	0	0	0
1608051093	205952555	0	0	0	0
1608051093	216156090	0	0	0	0
1608051093	226051446	0	0	0	0
1608051093	236148779	0	0	0	0
1608051093	246033913	0	0	0	0
1608051093	256088112	0	0	0	0
1608051093	266087796	0	0	0	0
1608051093	275991174	0	0	0	0
1608051093	286109546	0	0	0	0
1608051093	295999808	0	0	0	0
1608051093	305703426	0	0	0	0
1608051093	315963271	0	0	0	0
1608051093	326133770	0	0	0	0
1608051093	336139880	0	0	0	0
1608051093	346042940	0	0	0	0
