time_sec	time_nanosec	joint_position_0	joint_position_1	joint_position_2	joint_position_3
1617789940	59151780	0	0	0
1617789940	69150596	0	0	0
1617789940	79706706	0	0	0
1617789940	89192591	0	0	0
1617789940	99105486	0	0	0
1617789940	109173663	0	0	0
1617789940	119108036	0	0	0
1617789940	129092166	0	0	0
1617789940	139136372	0	0	0
1617789940	149091093	0	0	0
1617789940	159133183	0	0	0
1617789940	169101412	0	0	0
1617789940	179128469	0	0	0
1617789940	189169327	0	0	0
1617789940	199123492	0	0	0
1617789940	209169620	0	0	0
1617789940	219170806	0	0	0
1617789940	229173407	0	0	0
1617789940	239143063	0	0	0
1617789940	249125792	0	0	0
1617789940	259133174	0	0	0
1617789940	269142036	0	0	0
1617789940	279121876	0	0	0
1617789940	289149837	0	0	0
1617789940	299141618	0	0	0
1617789940	309138394	0	0	0
1617789940	319126534	0	0	0
1617789940	329125888	0	0	0
1617789940	339127430	0	0	0
1617789940	349136052	0	0	0
1617789940	359148070	0	0	0
1617789940	369154695	0	0	0
1617789940	379127052	0	0	0
1617789940	389128041	0	0	0
1617789940	399094518	0	0	0
1617789940	409151396	0	0	0
1617789940	419127744	0	0	0
1617789940	429178922	0	0	0
1617789940	439169394	0	0	0
1617789940	449138324	0	0	0
1617789940	459152271	0	0	0
1617789940	469143816	0	0	0
1617789940	479138957	0	0	0
1617789940	489173914	0	0	0
1617789940	499175623	0	0	0
1617789940	509141340	0	0	0
1617789940	519137550	0	0	0
1617789940	529129841	0	0	0
1617789940	539173997	0	0	0
1617789940	549140664	0	0	0
1617789940	559140379	0	0	0
1617789940	569194057	0	0	0
1617789940	579187932	0	0	0
1617789940	589175007	0	0	0
1617789940	599093055	0	0	0
1617789940	609141374	0	0	0
1617789940	619091216	0	0	0
1617789940	629090222	0	0	0
1617789940	639091396	0	0	0
1617789940	649084762	0	0	0
1617789940	659083069	0	0	0
1617789940	669096260	0	0	0
1617789940	679082521	0	0	0
1617789940	689086039	0	0	0
1617789940	699082673	0	0	0
1617789940	709080895	0	0	0
1617789940	719096316	0	0	0
1617789940	729102581	0	0	0
1617789940	739111970	0	0	0
1617789940	749099534	0	0	0
1617789940	759095973	0	0	0
1617789940	769098260	0	0	0
1617789940	779116532	0	0	0
1617789940	789123207	0	0	0
1617789940	799120496	0	0	0
1617789940	809163397	0	0	0
1617789940	819079160	0	0	0
1617789940	829090256	0	0	0
1617789940	839086709	0	0	0
1617789940	849093728	0	0	0
1617789940	859089840	0	0	0
1617789940	869113151	0	0	0
1617789940	879091630	0	0	0
1617789940	889101900	0	0	0
1617789940	899107872	0	0	0
1617789940	909126436	0	0	0
1617789940	919093738	0	0	0
1617789940	929104298	0	0	0
1617789940	939086977	0	0	0
1617789940	949109597	0	0	0
1617789940	959100379	0	0	0
1617789940	969104757	0	0	0
1617789940	979089256	0	0	0
1617789940	989074226	0	0	0
1617789940	999094512	0	0	0
1617789941	9093018	0	0	0
1617789941	19200313	0	0	0
1617789941	29122314	0	0	0
1617789941	39116854	0	0	0
1617789941	49087367	0	0	0
1617789941	59145576	0	0	0
1617789941	69107335	0	0	0
1617789941	79115570	0	0	0
1617789941	89104753	0	0	0
1617789941	99100404	0	0	0
1617789941	109129987	0	0	0
1617789941	119113325	0	0	0
1617789941	129106438	0	0	0
1617789941	139092342	0	0	0
1617789941	149138727	0	0	0
1617789941	159092331	0	0	0
1617789941	169141136	0	0	0
1617789941	179182011	0	0	0
1617789941	189178260	0	0	0
1617789941	199148132	0	0	0
1617789941	209175581	0	0	0
1617789941	219179296	0	0	0
1617789941	229188553	0	0	0
1617789941	239143714	0	0	0
1617789941	249178151	0	0	0
1617789941	259140633	0	0	0
1617789941	269167599	0	0	0
1617789941	279146856	0	0	0
1617789941	289113027	0	0	0
1617789941	299179719	0	0	0
1617789941	309185213	0	0	0
1617789941	319170619	0	0	0
1617789941	329143047	0	0	0
1617789941	339149250	0	0	0
1617789941	349184076	0	0	0
1617789941	359148424	0	0	0
1617789941	369161119	0	0	0
1617789941	379184183	0	0	0
1617789941	389166241	0	0	0
1617789941	399179954	0	0	0
1617789941	409141958	0	0	0
1617789941	419148627	0	0	0
1617789941	429148194	0	0	0
1617789941	439183598	0	0	0
1617789941	449186174	0	0	0
1617789941	459149201	0	0	0
1617789941	469156952	0	0	0
1617789941	479190792	0	0	0
1617789941	489142770	0	0	0
1617789941	499198424	0	0	0
1617789941	509164744	0	0	0
1617789941	519146155	0	0	0
1617789941	529181559	0	0	0
1617789941	539164670	0	0	0
1617789941	549186159	0	0	0
1617789941	559191125	0	0	0
1617789941	569149015	0	0	0
1617789941	579165478	0	0	0
1617789941	589150166	0	0	0
1617789941	599147392	0	0	0
1617789941	609185464	0	0	0
1617789941	619210331	0	0	0
1617789941	629101878	0	0	0
1617789941	639153888	0	0	0
1617789941	649168754	0	0	0
1617789941	659202226	0	0	0
1617789941	669127495	0	0	0
1617789941	679111339	0	0	0
1617789941	689129191	0	0	0
1617789941	699142208	0	0	0
1617789941	709121243	0	0	0
1617789941	719127917	0	0	0
1617789941	729132030	0	0	0
1617789941	739140683	0	0	0
1617789941	749098090	0	0	0
1617789941	759121257	0	0	0
1617789941	769173769	0	0	0
1617789941	779200496	0	0	0
1617789941	789171162	0	0	0
1617789941	799189443	0	0	0
1617789941	809194984	0	0	0
1617789941	819204645	0	0	0
1617789941	829175383	0	0	0
1617789941	839202501	0	0	0
1617789941	849189370	0	0	0
1617789941	859215100	0	0	0
1617789941	869199583	0	0	0
1617789941	879163937	0	0	0
1617789941	889209772	0	0	0
1617789941	899193094	0	0	0
1617789941	909187570	0	0	0
1617789941	919180433	0	0	0
1617789941	929196361	0	0	0
1617789941	939184715	0	0	0
1617789941	949216441	0	0	0
1617789941	959215804	0	0	0
1617789941	969191776	0	0	0
1617789941	979158279	0	0	0
1617789941	989170476	0	0	0
1617789941	999204536	0	0	0
1617789942	9155010	0	0	0
1617789942	19218881	0	0	0
1617789942	29169662	0	0	0
1617789942	39180929	0	0	0
1617789942	49207841	0	0	0
1617789942	59212330	0	0	0
1617789942	69158777	0	0	0
1617789942	79169894	0	0	0
1617789942	89213478	0	0	0
1617789942	99170433	0	0	0
1617789942	109161854	0	0	0
1617789942	119150033	0	0	0
1617789942	129162841	0	0	0
1617789942	139186651	0	0	0
1617789942	149175838	0	0	0
1617789942	159184987	0	0	0
1617789942	169177990	0	0	0
1617789942	179166081	0	0	0
1617789942	189160536	0	0	0
1617789942	199164621	0	0	0
1617789942	209177920	0	0	0
1617789942	219153134	0	0	0
1617789942	229176035	0	0	0
1617789942	239173441	0	0	0
1617789942	249184289	0	0	0
1617789942	259194587	0	0	0
1617789942	269177021	0	0	0
1617789942	279243578	0	0	0
1617789942	289201137	0	0	0
1617789942	299161223	0	0	0
1617789942	309178602	0	0	0
1617789942	319164347	0	0	0
1617789942	329211277	0	0	0
1617789942	339175878	0	0	0
1617789942	349161044	0	0	0
1617789942	359221373	0	0	0
1617789942	369185467	0	0	0
1617789942	379171604	0	0	0
1617789942	389170547	0	0	0
1617789942	399162708	0	0	0
1617789942	409167037	0	0	0
1617789942	419181230	0	0	0
1617789942	429179015	0	0	0
1617789942	439195798	0	0	0
1617789942	449207446	0	0	0
1617789942	459231964	0	0	0
1617789942	469162057	0	0	0
1617789942	479176427	0	0	0
1617789942	489216736	0	0	0
1617789942	499203939	0	0	0
1617789942	509135213	0	0	0
1617789942	519161829	0	0	0
1617789942	529167456	0	0	0
1617789942	539158091	0	0	0
1617789942	549188601	0	0	0
1617789942	559209556	0	0	0
1617789942	569171681	0	0	0
1617789942	579159910	0	0	0
1617789942	589176757	0	0	0
1617789942	599159370	0	0	0
1617789942	609218537	0	0	0
1617789942	619154570	0	0	0
1617789942	629203391	0	0	0
1617789942	639197411	0	0	0
1617789942	649203371	0	0	0
1617789942	659179952	0	0	0
1617789942	669160985	0	0	0
1617789942	679147154	0	0	0
1617789942	689149215	0	0	0
1617789942	699151464	0	0	0
1617789942	709150183	0	0	0
1617789942	719144160	0	0	0
1617789942	729173553	0	0	0
1617789942	739116396	0	0	0
1617789942	749123943	0	0	0
1617789942	759114711	0	0	0
1617789942	769112815	0	0	0
1617789942	779158374	0	0	0
1617789942	789203139	0	0	0
1617789942	799207856	0	0	0
1617789942	809200617	0	0	0
1617789942	819165943	0	0	0
1617789942	829207091	0	0	0
1617789942	839164687	0	0	0
1617789942	849193473	0	0	0
1617789942	859157886	0	0	0
1617789942	869201229	0	0	0
1617789942	879179456	0	0	0
1617789942	889167025	0	0	0
1617789942	899168088	0	0	0
1617789942	909184606	0	0	0
1617789942	919181726	0	0	0
1617789942	929201059	0	0	0
1617789942	939200726	0	0	0
1617789942	949212975	0	0	0
1617789942	959174185	0	0	0
1617789942	969184058	0	0	0
1617789942	979173527	0	0	0
1617789942	989205299	0	0	0
1617789942	999163784	0	0	0
1617789943	9167938	0	0	0
1617789943	19161624	0	0	0
1617789943	29163409	0	0	0
1617789943	39202215	0	0	0
1617789943	49175358	0	0	0
1617789943	59203517	0	0	0
1617789943	69219652	0	0	0
1617789943	79162734	0	0	0
1617789943	89160255	0	0	0
1617789943	99178650	0	0	0
1617789943	109171617	0	0	0
1617789943	119206603	0	0	0
1617789943	129170832	0	0	0
1617789943	139174801	0	0	0
1617789943	149192551	0	0	0
1617789943	159172329	0	0	0
1617789943	169161101	0	0	0
1617789943	179170204	0	0	0
1617789943	189174280	0	0	0
1617789943	199144373	0	0	0
1617789943	209189614	0	0	0
1617789943	219219840	0	0	0
1617789943	229216076	0	0	0
1617789943	239171797	0	0	0
1617789943	249228440	0	0	0
1617789943	259171310	0	0	0
1617789943	269171840	0	0	0
1617789943	279186932	0	0	0
1617789943	289207504	0	0	0
1617789943	299161799	0	0	0
1617789943	309206153	0	0	0
1617789943	319208479	0	0	0
1617789943	329214783	0	0	0
1617789943	339179479	0	0	0
1617789943	349176727	0	0	0
1617789943	359174661	0	0	0
1617789943	369169477	0	0	0
1617789943	379208689	0	0	0
1617789943	389234443	0	0	0
1617789943	399169567	0	0	0
1617789943	409208480	0	0	0
1617789943	419175714	0	0	0
1617789943	429208014	0	0	0
1617789943	439180437	0	0	0
1617789943	449213163	0	0	0
1617789943	459181100	0	0	0
1617789943	469175664	0	0	0
1617789943	479170517	0	0	0
1617789943	489167568	0	0	0
1617789943	499172776	0	0	0
1617789943	509176120	0	0	0
1617789943	519173671	0	0	0
1617789943	529207616	0	0	0
1617789943	539180191	0	0	0
1617789943	549174380	0	0	0
1617789943	559197788	0	0	0
1617789943	569206766	0	0	0
1617789943	579208039	0	0	0
1617789943	589222674	0	0	0
1617789943	599222811	0	0	0
1617789943	609210048	0	0	0
1617789943	619177699	0	0	0
1617789943	629176615	0	0	0
1617789943	639173115	0	0	0
1617789943	649168661	0	0	0
1617789943	659221782	0	0	0
1617789943	669176158	0	0	0
1617789943	679233235	0	0	0
1617789943	689195149	0	0	0
1617789943	699174314	0	0	0
1617789943	709218348	0	0	0
1617789943	719176803	0	0	0
1617789943	729218040	0	0	0
1617789943	739216903	0	0	0
1617789943	749172182	0	0	0
1617789943	759170661	0	0	0
1617789943	769171672	0	0	0
1617789943	779215226	0	0	0
1617789943	789177056	0	0	0
1617789943	799178105	0	0	0
1617789943	809177594	0	0	0
1617789943	819206043	0	0	0
1617789943	829168716	0	0	0
1617789943	839194946	0	0	0
1617789943	849184177	0	0	0
1617789943	859173028	0	0	0
1617789943	869198543	0	0	0
1617789943	879171386	0	0	0
1617789943	889217979	0	0	0
1617789943	899202921	0	0	0
1617789943	909197349	0	0	0
1617789943	919215398	0	0	0
1617789943	929217666	0	0	0
1617789943	939214317	0	0	0
1617789943	949172686	0	0	0
1617789943	959199831	0	0	0
1617789943	969205958	0	0	0
1617789943	979174947	0	0	0
1617789943	989172924	0	0	0
1617789943	999176250	0	0	0
1617789944	9180959	0	0	0
1617789944	19216400	0	0	0
1617789944	29181875	0	0	0
1617789944	39215787	0	0	0
1617789944	49222757	0	0	0
1617789944	59218337	0	0	0
1617789944	69194921	0	0	0
1617789944	79181063	0	0	0
1617789944	89217789	0	0	0
1617789944	99179992	0	0	0
1617789944	109185713	0	0	0
1617789944	119197117	0	0	0
1617789944	129175610	0	0	0
1617789944	139177902	0	0	0
1617789944	149217534	0	0	0
1617789944	159182285	0	0	0
1617789944	169193785	0	0	0
1617789944	179181590	0	0	0
1617789944	189219666	0	0	0
1617789944	199232582	0	0	0
1617789944	209202361	0	0	0
1617789944	219196653	0	0	0
1617789944	229174771	0	0	0
1617789944	239182383	0	0	0
1617789944	249216017	0	0	0
1617789944	259176257	0	0	0
1617789944	269192715	0	0	0
1617789944	279224295	0	0	0
1617789944	289219772	0	0	0
1617789944	299203961	0	0	0
1617789944	309202138	0	0	0
1617789944	319174322	0	0	0
1617789944	329175530	0	0	0
1617789944	339194081	0	0	0
1617789944	349172784	0	0	0
1617789944	359196616	0	0	0
1617789944	369181603	0	0	0
1617789944	379185862	0	0	0
1617789944	389177957	0	0	0
1617789944	399202233	0	0	0
1617789944	409178381	0	0	0
1617789944	419221558	0	0	0
1617789944	429232835	0	0	0
1617789944	439175908	0	0	0
1617789944	449200000	0	0	0
1617789944	459194366	0	0	0
1617789944	469207090	0	0	0
1617789944	479226916	0	0	0
1617789944	489208734	0	0	0
1617789944	499191148	0	0	0
1617789944	509187239	0	0	0
1617789944	519202144	0	0	0
1617789944	529222831	0	0	0
1617789944	539208416	0	0	0
1617789944	549220563	0	0	0
1617789944	559234870	0	0	0
1617789944	569186000	0	0	0
1617789944	579177668	0	0	0
1617789944	589225257	0	0	0
1617789944	599221607	0	0	0
1617789944	609180538	0	0	0
1617789944	619187496	0	0	0
1617789944	629184868	0	0	0
1617789944	639196398	0	0	0
1617789944	649184060	0	0	0
1617789944	659241539	0	0	0
1617789944	669186741	0	0	0
1617789944	679179412	0	0	0
1617789944	689205881	0	0	0
1617789944	699193311	0	0	0
1617789944	709186323	0	0	0
1617789944	719191061	0	0	0
1617789944	729227744	0	0	0
1617789944	739205998	0	0	0
1617789944	749189030	0	0	0
1617789944	759193435	0	0	0
1617789944	769231988	0	0	0
1617789944	779181085	0	0	0
1617789944	789228031	0	0	0
1617789944	799188472	0	0	0
1617789944	809239197	0	0	0
1617789944	819189128	0	0	0
1617789944	829209372	0	0	0
1617789944	839248282	0	0	0
1617789944	849227390	0	0	0
1617789944	859231256	0	0	0
1617789944	869186179	0	0	0
1617789944	879223016	0	0	0
1617789944	889226971	0	0	0
1617789944	899228081	0	0	0
1617789944	909190512	0	0	0
1617789944	919191298	0	0	0
1617789944	929182593	0	0	0
1617789944	939227637	0	0	0
1617789944	949239064	0	0	0
1617789944	959197092	0	0	0
1617789944	969190289	0	0	0
1617789944	979228507	0	0	0
1617789944	989185877	0	0	0
1617789944	999228215	0	0	0
1617789945	9189696	0	0	0
1617789945	19187992	0	0	0
1617789945	29209686	0	0	0
1617789945	39191437	0	0	0
1617789945	49193494	0	0	0
1617789945	59236643	0	0	0
1617789945	69190464	0	0	0
1617789945	79229351	0	0	0
1617789945	89256425	0	0	0
1617789945	99201752	0	0	0
1617789945	109233174	0	0	0
1617789945	119232182	0	0	0
1617789945	129186228	0	0	0
1617789945	139186063	0	0	0
1617789945	149228512	0	0	0
1617789945	159200989	0	0	0
1617789945	169188221	0	0	0
1617789945	179194848	0	0	0
1617789945	189186069	0	0	0
1617789945	199185951	0	0	0
1617789945	209229155	0	0	0
1617789945	219238866	0	0	0
1617789945	229196635	0	0	0
1617789945	239264076	0	0	0
1617789945	249191343	0	0	0
1617789945	259231346	0	0	0
1617789945	269190542	0	0	0
1617789945	279234771	0	0	0
1617789945	289211150	0	0	0
1617789945	299195730	0	0	0
1617789945	309191355	0	0	0
1617789945	319232841	0	0	0
1617789945	329212562	0	0	0
1617789945	339242787	0	0	0
1617789945	349196982	0	0	0
1617789945	359198383	0	0	0
1617789945	369217773	0	0	0
1617789945	379236218	0	0	0
1617789945	389190644	0	0	0
1617789945	399191782	0	0	0
1617789945	409231414	0	0	0
1617789945	419194111	0	0	0
1617789945	429192531	0	0	0
1617789945	439188757	0	0	0
1617789945	449191204	0	0	0
1617789945	459204316	0	0	0
1617789945	469190795	0	0	0
1617789945	479234758	0	0	0
1617789945	489213431	0	0	0
1617789945	499244307	0	0	0
1617789945	509191249	0	0	0
1617789945	519244511	0	0	0
1617789945	529251376	0	0	0
1617789945	539197189	0	0	0
1617789945	549196406	0	0	0
1617789945	559243524	0	0	0
1617789945	569256790	0	0	0
1617789945	579190552	0	0	0
1617789945	589194240	0	0	0
1617789945	599260970	0	0	0
1617789945	609249893	0	0	0
1617789945	619203291	0	0	0
1617789945	629193530	0	0	0
1617789945	639233968	0	0	0
1617789945	649229396	0	0	0
1617789945	659230413	0	0	0
1617789945	669223628	0	0	0
1617789945	679201936	0	0	0
1617789945	689236178	0	0	0
1617789945	699237516	0	0	0
1617789945	709201915	0	0	0
1617789945	719193348	0	0	0
1617789945	729197745	0	0	0
1617789945	739201674	0	0	0
1617789945	749241673	0	0	0
1617789945	759196259	0	0	0
1617789945	769195709	0	0	0
1617789945	779227759	0	0	0
1617789945	789195049	0	0	0
1617789945	799193139	0	0	0
1617789945	809194499	0	0	0
1617789945	819246293	0	0	0
1617789945	829202371	0	0	0
1617789945	839203798	0	0	0
1617789945	849228503	0	0	0
1617789945	859195386	0	0	0
1617789945	869194416	0	0	0
1617789945	879201568	0	0	0
1617789945	889195748	0	0	0
1617789945	899202905	0	0	0
1617789945	909237326	0	0	0
1617789945	919245611	0	0	0
1617789945	929206110	0	0	0
1617789945	939212156	0	0	0
1617789945	949252156	0	0	0
1617789945	959243658	0	0	0
1617789945	969243122	0	0	0
1617789945	979240847	0	0	0
1617789945	989197364	0	0	0
1617789945	999196938	0	0	0
1617789946	9200624	0	0	0
1617789946	19221048	0	0	0
1617789946	29198819	0	0	0
1617789946	39219875	0	0	0
1617789946	49203117	0	0	0
1617789946	59227526	0	0	0
1617789946	69244506	0	0	0
1617789946	79245868	0	0	0
1617789946	89243421	0	0	0
1617789946	99211219	0	0	0
1617789946	109241840	0	0	0
1617789946	119209241	0	0	0
1617789946	129198953	0	0	0
1617789946	139243670	0	0	0
1617789946	149212673	0	0	0
1617789946	159245212	0	0	0
1617789946	169246877	0	0	0
1617789946	179194609	0	0	0
1617789946	189211869	0	0	0
1617789946	199248961	0	0	0
1617789946	209204030	0	0	0
1617789946	219247140	0	0	0
1617789946	229207216	0	0	0
1617789946	239205862	0	0	0
1617789946	249282845	0	0	0
1617789946	259200361	0	0	0
1617789946	269210302	0	0	0
1617789946	279244927	0	0	0
1617789946	289246626	0	0	0
1617789946	299256259	0	0	0
1617789946	309249111	0	0	0
1617789946	319209416	0	0	0
1617789946	329223868	0	0	0
1617789946	339208811	0	0	0
1617789946	349246703	0	0	0
1617789946	359211073	0	0	0
1617789946	369224761	0	0	0
1617789946	379225550	0	0	0
1617789946	389210558	0	0	0
1617789946	399219478	0	0	0
1617789946	409238720	0	0	0
1617789946	419255902	0	0	0
1617789946	429212072	0	0	0
1617789946	439215892	0	0	0
1617789946	449211607	0	0	0
1617789946	459208335	0	0	0
1617789946	469250868	0	0	0
1617789946	479248180	0	0	0
1617789946	489231701	0	0	0
1617789946	499267782	0	0	0
1617789946	509248876	0	0	0
1617789946	519246239	0	0	0
1617789946	529257500	0	0	0
1617789946	539223644	0	0	0
1617789946	549230874	0	0	0
1617789946	559215114	0	0	0
1617789946	569206590	0	0	0
1617789946	579250860	0	0	0
1617789946	589216219	0	0	0
1617789946	599260500	0	0	0
1617789946	609248962	0	0	0
1617789946	619218093	0	0	0
1617789946	629248369	0	0	0
1617789946	639206816	0	0	0
1617789946	649205717	0	0	0
1617789946	659251694	0	0	0
1617789946	669209558	0	0	0
1617789946	679228849	0	0	0
1617789946	689214088	0	0	0
1617789946	699206679	0	0	0
1617789946	709252343	0	0	0
1617789946	719204077	0	0	0
1617789946	729230575	0	0	0
1617789946	739213024	0	0	0
1617789946	749250298	0	0	0
1617789946	759249845	0	0	0
1617789946	769215687	0	0	0
1617789946	779227683	0	0	0
1617789946	789206822	0	0	0
1617789946	799224123	0	0	0
1617789946	809222898	0	0	0
1617789946	819209924	0	0	0
1617789946	829206803	0	0	0
1617789946	839256297	0	0	0
1617789946	849208081	0	0	0
1617789946	859201271	0	0	0
1617789946	869234563	0	0	0
1617789946	879255255	0	0	0
1617789946	889209063	0	0	0
1617789946	899257094	0	0	0
1617789946	909233871	0	0	0
1617789946	919253121	0	0	0
1617789946	929251525	0	0	0
1617789946	939261905	0	0	0
1617789946	949258718	0	0	0
1617789946	959240467	0	0	0
1617789946	969207895	0	0	0
1617789946	979184278	0	0	0
1617789946	989159938	0	0	0
1617789946	999163238	0	0	0
1617789947	9215872	0	0	0
1617789947	19225017	0	0	0
1617789947	29177403	0	0	0
1617789947	39193263	0	0	0
1617789947	49253219	0	0	0
1617789947	59255103	0	0	0
1617789947	69260793	0	0	0
1617789947	79254503	0	0	0
1617789947	89208900	0	0	0
1617789947	99211397	0	0	0
1617789947	109300396	0	0	0
1617789947	119209740	0	0	0
1617789947	129209854	0	0	0
1617789947	139230424	0	0	0
1617789947	149268998	0	0	0
1617789947	159217348	0	0	0
1617789947	169212420	0	0	0
1617789947	179210626	0	0	0
1617789947	189219698	0	0	0
1617789947	199214995	0	0	0
1617789947	209212096	0	0	0
1617789947	219267079	0	0	0
1617789947	229212274	0	0	0
1617789947	239235806	0	0	0
1617789947	249257003	0	0	0
1617789947	259213499	0	0	0
1617789947	269263430	0	0	0
1617789947	279226753	0	0	0
1617789947	289258567	0	0	0
1617789947	299218217	0	0	0
1617789947	309221050	0	0	0
1617789947	319260259	0	0	0
1617789947	329238263	0	0	0
1617789947	339258278	0	0	0
1617789947	349258209	0	0	0
1617789947	359221923	0	0	0
1617789947	369223581	0	0	0
1617789947	379228063	0	0	0
1617789947	389258367	0	0	0
1617789947	399214167	0	0	0
1617789947	409229738	0	0	0
1617789947	419257423	0	0	0
1617789947	429222404	0	0	0
1617789947	439265849	0	0	0
1617789947	449274258	0	0	0
1617789947	459234324	0	0	0
1617789947	469257275	0	0	0
1617789947	479258068	0	0	0
1617789947	489215959	0	0	0
1617789947	499220736	0	0	0
1617789947	509266350	0	0	0
1617789947	519271834	0	0	0
1617789947	529265035	0	0	0
1617789947	539226006	0	0	0
1617789947	549261893	0	0	0
1617789947	559225736	0	0	0
1617789947	569224504	0	0	0
1617789947	579260250	0	0	0
1617789947	589247173	0	0	0
1617789947	599229133	0	0	0
1617789947	609227589	0	0	0
1617789947	619225919	0	0	0
1617789947	629224669	0	0	0
1617789947	639220212	0	0	0
1617789947	649257619	0	0	0
1617789947	659274280	0	0	0
1617789947	669228633	0	0	0
1617789947	679264092	0	0	0
1617789947	689217463	0	0	0
1617789947	699263515	0	0	0
1617789947	709263046	0	0	0
1617789947	719233257	0	0	0
1617789947	729270309	0	0	0
1617789947	739220260	0	0	0
1617789947	749259958	0	0	0
1617789947	759228909	0	0	0
1617789947	769252869	0	0	0
1617789947	779267697	0	0	0
1617789947	789262822	0	0	0
1617789947	799232988	0	0	0
1617789947	809265128	0	0	0
1617789947	819228544	0	0	0
1617789947	829263640	0	0	0
1617789947	839253517	0	0	0
1617789947	849228840	0	0	0
1617789947	859271329	0	0	0
1617789947	869265979	0	0	0
1617789947	879229467	0	0	0
1617789947	889222287	0	0	0
1617789947	899228736	0	0	0
1617789947	909213816	0	0	0
1617789947	919245375	0	0	0
1617789947	929266919	0	0	0
1617789947	939242109	0	0	0
1617789947	949299686	0	0	0
1617789947	959228091	0	0	0
1617789947	969252597	0	0	0
1617789947	979219575	0	0	0
1617789947	989282326	0	0	0
1617789947	999222651	0	0	0
1617789948	9245746	0	0	0
1617789948	19266961	0	0	0
1617789948	29273416	0	0	0
1617789948	39229590	0	0	0
1617789948	49229368	0	0	0
1617789948	59272103	0	0	0
1617789948	69270778	0	0	0
1617789948	79227562	0	0	0
1617789948	89240649	0	0	0
1617789948	99235638	0	0	0
1617789948	109279631	0	0	0
1617789948	119234073	0	0	0
1617789948	129222926	0	0	0
1617789948	139227733	0	0	0
1617789948	149248350	0	0	0
1617789948	159233310	0	0	0
1617789948	169227580	0	0	0
1617789948	179268210	0	0	0
1617789948	189222978	0	0	0
1617789948	199242999	0	0	0
1617789948	209268570	0	0	0
1617789948	219272683	0	0	0
1617789948	229242948	0	0	0
1617789948	239298475	0	0	0
1617789948	249268526	0	0	0
1617789948	259252915	0	0	0
1617789948	269271439	0	0	0
1617789948	279224525	0	0	0
1617789948	289270945	0	0	0
1617789948	299277539	0	0	0
1617789948	309232278	0	0	0
1617789948	319269444	0	0	0
1617789948	329228742	0	0	0
1617789948	339231396	0	0	0
1617789948	349227027	0	0	0
1617789948	359278677	0	0	0
1617789948	369271229	0	0	0
1617789948	379243641	0	0	0
1617789948	389270171	0	0	0
1617789948	399227673	0	0	0
1617789948	409276430	0	0	0
1617789948	419281628	0	0	0
1617789948	429226169	0	0	0
1617789948	439234296	0	0	0
1617789948	449232923	0	0	0
1617789948	459275904	0	0	0
1617789948	469258867	0	0	0
1617789948	479276534	0	0	0
1617789948	489253088	0	0	0
1617789948	499228796	0	0	0
1617789948	509230657	0	0	0
1617789948	519233435	0	0	0
1617789948	529227226	0	0	0
1617789948	539227431	0	0	0
1617789948	549254498	0	0	0
1617789948	559250381	0	0	0
1617789948	569279122	0	0	0
1617789948	579232187	0	0	0
1617789948	589275696	0	0	0
1617789948	599239391	0	0	0
1617789948	609273770	0	0	0
1617789948	619270301	0	0	0
1617789948	629238852	0	0	0
1617789948	639274621	0	0	0
1617789948	649280424	0	0	0
1617789948	659230986	0	0	0
1617789948	669234159	0	0	0
1617789948	679269754	0	0	0
1617789948	689272353	0	0	0
1617789948	699238638	0	0	0
1617789948	709275789	0	0	0
1617789948	719288565	0	0	0
1617789948	729238825	0	0	0
1617789948	739262488	0	0	0
1617789948	749238996	0	0	0
1617789948	759278292	0	0	0
1617789948	769232667	0	0	0
1617789948	779276488	0	0	0
1617789948	789273305	0	0	0
1617789948	799275051	0	0	0
1617789948	809238410	0	0	0
1617789948	819288248	0	0	0
1617789948	829276730	0	0	0
1617789948	839204616	0	0	0
1617789948	849235582	0	0	0
1617789948	859280241	0	0	0
1617789948	869232883	0	0	0
1617789948	879244227	0	0	0
1617789948	889287032	0	0	0
1617789948	899258735	0	0	0
1617789948	909291157	0	0	0
1617789948	919231907	0	0	0
1617789948	929231860	0	0	0
1617789948	939282957	0	0	0
1617789948	949281196	0	0	0
1617789948	959279837	0	0	0
1617789948	969263396	0	0	0
1617789948	979236187	0	0	0
1617789948	989236912	0	0	0
1617789948	999242140	0	0	0
1617789949	9281656	0	0	0
1617789949	19242322	0	0	0
1617789949	29226984	0	0	0
1617789949	39282793	0	0	0
1617789949	49278189	0	0	0
1617789949	59237177	0	0	0
1617789949	69281124	0	0	0
1617789949	79278642	0	0	0
1617789949	89283940	0	0	0
1617789949	99244053	0	0	0
1617789949	109298530	0	0	0
1617789949	119244697	0	0	0
1617789949	129258773	0	0	0
1617789949	139233757	0	0	0
1617789949	149295025	0	0	0
1617789949	159241733	0	0	0
1617789949	169236756	0	0	0
1617789949	179261484	0	0	0
1617789949	189234423	0	0	0
1617789949	199235011	0	0	0
1617789949	209235574	0	0	0
1617789949	219274471	0	0	0
1617789949	229239482	0	0	0
1617789949	239258279	0	0	0
1617789949	249245914	0	0	0
1617789949	259291411	0	0	0
1617789949	269282152	0	0	0
1617789949	279290004	0	0	0
1617789949	289247108	0	0	0
1617789949	299283084	0	0	0
1617789949	309286097	0	0	0
1617789949	319283513	0	0	0
1617789949	329276244	0	0	0
1617789949	339241537	0	0	0
1617789949	349251180	0	0	0
1617789949	359279720	0	0	0
1617789949	369242352	0	0	0
1617789949	379247288	0	0	0
1617789949	389238252	0	0	0
1617789949	399251222	0	0	0
1617789949	409251337	0	0	0
1617789949	419279235	0	0	0
1617789949	429247793	0	0	0
1617789949	439238075	0	0	0
1617789949	449301768	0	0	0
1617789949	459267780	0	0	0
1617789949	469288629	0	0	0
1617789949	479285317	0	0	0
1617789949	489282221	0	0	0
1617789949	499287277	0	0	0
1617789949	509244282	0	0	0
1617789949	519249136	0	0	0
1617789949	529242536	0	0	0
1617789949	539287983	0	0	0
1617789949	549253146	0	0	0
1617789949	559248205	0	0	0
1617789949	569241545	0	0	0
1617789949	579245261	0	0	0
1617789949	589303286	0	0	0
1617789949	599342383	0	0	0
1617789949	609287035	0	0	0
1617789949	619286653	0	0	0
1617789949	629241997	0	0	0
1617789949	639297865	0	0	0
1617789949	649285501	0	0	0
1617789949	659250299	0	0	0
1617789949	669244782	0	0	0
1617789949	679243490	0	0	0
1617789949	689279936	0	0	0
1617789949	699270855	0	0	0
1617789949	709253451	0	0	0
1617789949	719244990	0	0	0
1617789949	729316089	0	0	0
1617789949	739258624	0	0	0
1617789949	749245329	0	0	0
1617789949	759246174	0	0	0
1617789949	769300561	0	0	0
1617789949	779252270	0	0	0
1617789949	789257534	0	0	0
1617789949	799245864	0	0	0
1617789949	809237642	0	0	0
1617789949	819254021	0	0	0
1617789949	829259224	0	0	0
1617789949	839256262	0	0	0
1617789949	849266970	0	0	0
1617789949	859244042	0	0	0
1617789949	869253817	0	0	0
1617789949	879275275	0	0	0
1617789949	889300538	0	0	0
1617789949	899249734	0	0	0
1617789949	909244934	0	0	0
1617789949	919327380	0	0	0
1617789949	929289876	0	0	0
1617789949	939255162	0	0	0
1617789949	949251713	0	0	0
1617789949	959253723	0	0	0
1617789949	969255525	0	0	0
1617789949	979247683	0	0	0
1617789949	989254981	0	0	0
1617789949	999251605	0	0	0
1617789950	9255075	0	0	0
1617789950	19293463	0	0	0
1617789950	29267198	0	0	0
1617789950	39255626	0	0	0
1617789950	49249625	0	0	0
1617789950	59242750	0	0	0
1617789950	69289265	0	0	0
1617789950	79264330	0	0	0
1617789950	89248647	0	0	0
1617789950	99291444	0	0	0
1617789950	109274295	0	0	0
1617789950	119250208	0	0	0
1617789950	129294324	0	0	0
1617789950	139250781	0	0	0
1617789950	149289187	0	0	0
1617789950	159302531	0	0	0
1617789950	169258863	0	0	0
1617789950	179247659	0	0	0
1617789950	189252413	0	0	0
1617789950	199254601	0	0	0
1617789950	209257995	0	0	0
1617789950	219250648	0	0	0
1617789950	229260049	0	0	0
1617789950	239250055	0	0	0
1617789950	249280893	0	0	0
1617789950	259291702	0	0	0
1617789950	269252674	0	0	0
1617789950	279333594	0	0	0
1617789950	289297218	0	0	0
1617789950	299298355	0	0	0
1617789950	309293881	0	0	0
1617789950	319298101	0	0	0
1617789950	329260972	0	0	0
1617789950	339258990	0	0	0
1617789950	349258268	0	0	0
1617789950	359302642	0	0	0
1617789950	369262400	0	0	0
1617789950	379295714	0	0	0
1617789950	389232306	0	0	0
1617789950	399276298	0	0	0
1617789950	409296576	0	0	0
1617789950	419262288	0	0	0
1617789950	429259338	0	0	0
1617789950	439289715	0	0	0
1617789950	449251379	0	0	0
1617789950	459301194	0	0	0
1617789950	469286898	0	0	0
1617789950	479252106	0	0	0
1617789950	489256056	0	0	0
1617789950	499262028	0	0	0
1617789950	509278725	0	0	0
1617789950	519276810	0	0	0
1617789950	529320101	0	0	0
1617789950	539307014	0	0	0
1617789950	549300109	0	0	0
1617789950	559318375	0	0	0
1617789950	569278426	0	0	0
1617789950	579252035	0	0	0
1617789950	589304857	0	0	0
1617789950	599314640	0	0	0
1617789950	609276091	0	0	0
1617789950	619259587	0	0	0
1617789950	629299834	0	0	0
1617789950	639304332	0	0	0
1617789950	649263359	0	0	0
1617789950	659299454	0	0	0
1617789950	669271128	0	0	0
1617789950	679299174	0	0	0
1617789950	689300204	0	0	0
1617789950	699304646	0	0	0
1617789950	709255981	0	0	0
1617789950	719266733	0	0	0
1617789950	729282005	0	0	0
1617789950	739261598	0	0	0
1617789950	749279087	0	0	0
1617789950	759342315	0	0	0
1617789950	769321409	0	0	0
1617789950	779269286	0	0	0
1617789950	789267619	0	0	0
1617789950	799309331	0	0	0
1617789950	809263483	0	0	0
1617789950	819265612	0	0	0
1617789950	829259823	0	0	0
1617789950	839254521	0	0	0
1617789950	849258822	0	0	0
1617789950	859286317	0	0	0
1617789950	869265733	0	0	0
1617789950	879303397	0	0	0
1617789950	889257716	0	0	0
1617789950	899266244	0	0	0
1617789950	909313885	0	0	0
1617789950	919267331	0	0	0
1617789950	929259513	0	0	0
1617789950	939258448	0	0	0
1617789950	949267041	0	0	0
1617789950	959278505	0	0	0
1617789950	969276011	0	0	0
1617789950	979261045	0	0	0
1617789950	989285871	0	0	0
1617789950	999267979	0	0	0
1617789951	9304543	0	0	0
1617789951	19306305	0	0	0
1617789951	29258814	0	0	0
1617789951	39283587	0	0	0
1617789951	49270281	0	0	0
1617789951	59267844	0	0	0
1617789951	69285638	0	0	0
1617789951	79306985	0	0	0
1617789951	89305022	0	0	0
1617789951	99287441	0	0	0
1617789951	109261291	0	0	0
1617789951	119261627	0	0	0
1617789951	129279300	0	0	0
1617789951	139259995	0	0	0
1617789951	149266435	0	0	0
1617789951	159288188	0	0	0
1617789951	169325764	0	0	0
1617789951	179270660	0	0	0
1617789951	189308108	0	0	0
1617789951	199263325	0	0	0
1617789951	209261423	0	0	0
1617789951	219290325	0	0	0
1617789951	229293980	0	0	0
1617789951	239265069	0	0	0
1617789951	249306937	0	0	0
1617789951	259314711	0	0	0
1617789951	269297404	0	0	0
1617789951	279308599	0	0	0
1617789951	289275516	0	0	0
1617789951	299286753	0	0	0
1617789951	309273614	0	0	0
1617789951	319271506	0	0	0
1617789951	329276652	0	0	0
1617789951	339271567	0	0	0
1617789951	349291125	0	0	0
1617789951	359267763	0	0	0
1617789951	369321860	0	0	0
1617789951	379272999	0	0	0
1617789951	389294896	0	0	0
1617789951	399274329	0	0	0
1617789951	409263219	0	0	0
1617789951	419305676	0	0	0
1617789951	429279629	0	0	0
1617789951	439309548	0	0	0
1617789951	449309424	0	0	0
1617789951	459276471	0	0	0
1617789951	469293004	0	0	0
1617789951	479313367	0	0	0
1617789951	489289579	0	0	0
1617789951	499288991	0	0	0
1617789951	509340285	0	0	0
1617789951	519277942	0	0	0
1617789951	529274814	0	0	0
1617789951	539289224	0	0	0
1617789951	549292724	0	0	0
1617789951	559268305	0	0	0
1617789951	569311359	0	0	0
1617789951	579264200	0	0	0
1617789951	589310255	0	0	0
1617789951	599265043	0	0	0
1617789951	609320827	0	0	0
1617789951	619271895	0	0	0
1617789951	629314833	0	0	0
1617789951	639313497	0	0	0
1617789951	649349297	0	0	0
1617789951	659324984	0	0	0
1617789951	669274790	0	0	0
1617789951	679310983	0	0	0
1617789951	689277066	0	0	0
1617789951	699315744	0	0	0
1617789951	709315336	0	0	0
1617789951	719267099	0	0	0
1617789951	729267684	0	0	0
1617789951	739327365	0	0	0
1617789951	749313417	0	0	0
1617789951	759278757	0	0	0
1617789951	769297896	0	0	0
1617789951	779275748	0	0	0
1617789951	789292511	0	0	0
1617789951	799272916	0	0	0
1617789951	809311633	0	0	0
1617789951	819294903	0	0	0
1617789951	829314187	0	0	0
1617789951	839270586	0	0	0
1617789951	849284626	0	0	0
1617789951	859264308	0	0	0
1617789951	869316629	0	0	0
1617789951	879278331	0	0	0
1617789951	889314321	0	0	0
1617789951	899329070	0	0	0
1617789951	909284585	0	0	0
1617789951	919310249	0	0	0
1617789951	929315273	0	0	0
1617789951	939289758	0	0	0
1617789951	949258771	0	0	0
1617789951	959339008	0	0	0
1617789951	969276094	0	0	0
1617789951	979318819	0	0	0
1617789951	989316858	0	0	0
1617789951	999318082	0	0	0
1617789952	9279737	0	0	0
1617789952	19302187	0	0	0
1617789952	29281175	0	0	0
1617789952	39287699	0	0	0
1617789952	49299865	0	0	0
1617789952	59314598	0	0	0
1617789952	69287386	0	0	0
1617789952	79281550	0	0	0
1617789952	89287943	0	0	0
1617789952	99337233	0	0	0
1617789952	109272391	0	0	0
1617789952	119295981	0	0	0
1617789952	129320039	0	0	0
1617789952	139288938	0	0	0
1617789952	149275033	0	0	0
1617789952	159329095	0	0	0
1617789952	169273416	0	0	0
1617789952	179291585	0	0	0
1617789952	189300745	0	0	0
1617789952	199282635	0	0	0
1617789952	209281866	0	0	0
1617789952	219320037	0	0	0
1617789952	229346599	0	0	0
1617789952	239298986	0	0	0
1617789952	249281290	0	0	0
1617789952	259316602	0	0	0
1617789952	269321083	0	0	0
1617789952	279285589	0	0	0
1617789952	289274788	0	0	0
1617789952	299274746	0	0	0
1617789952	309333998	0	0	0
1617789952	319253284	0	0	0
1617789952	329274398	0	0	0
1617789952	339274012	0	0	0
1617789952	349287049	0	0	0
1617789952	359322654	0	0	0
1617789952	369277578	0	0	0
1617789952	379282237	0	0	0
1617789952	389280187	0	0	0
1617789952	399324244	0	0	0
1617789952	409275348	0	0	0
1617789952	419299936	0	0	0
1617789952	429320591	0	0	0
1617789952	439317147	0	0	0
1617789952	449286530	0	0	0
1617789952	459320910	0	0	0
1617789952	469279872	0	0	0
1617789952	479322812	0	0	0
1617789952	489278248	0	0	0
1617789952	499320902	0	0	0
1617789952	509280113	0	0	0
1617789952	519322486	0	0	0
1617789952	529279476	0	0	0
1617789952	539303998	0	0	0
1617789952	549296831	0	0	0
1617789952	559288150	0	0	0
1617789952	569287011	0	0	0
1617789952	579328402	0	0	0
1617789952	589316598	0	0	0
1617789952	599281826	0	0	0
1617789952	609281595	0	0	0
1617789952	619280385	0	0	0
1617789952	629281612	0	0	0
1617789952	639325958	0	0	0
1617789952	649289845	0	0	0
1617789952	659322991	0	0	0
1617789952	669285764	0	0	0
1617789952	679323263	0	0	0
1617789952	689324686	0	0	0
1617789952	699306324	0	0	0
1617789952	709283452	0	0	0
1617789952	719350970	0	0	0
1617789952	729328949	0	0	0
1617789952	739288951	0	0	0
1617789952	749317205	0	0	0
1617789952	759337462	0	0	0
1617789952	769290670	0	0	0
1617789952	779287476	0	0	0
1617789952	789281466	0	0	0
1617789952	799305380	0	0	0
1617789952	809326874	0	0	0
1617789952	819338643	0	0	0
1617789952	829307039	0	0	0
1617789952	839302267	0	0	0
1617789952	849291698	0	0	0
1617789952	859285886	0	0	0
1617789952	869286073	0	0	0
1617789952	879331844	0	0	0
1617789952	889310248	0	0	0
1617789952	899291755	0	0	0
1617789952	909328099	0	0	0
1617789952	919327279	0	0	0
1617789952	929290978	0	0	0
1617789952	939288123	0	0	0
1617789952	949306783	0	0	0
1617789952	959293932	0	0	0
1617789952	969285351	0	0	0
1617789952	979285807	0	0	0
1617789952	989283343	0	0	0
1617789952	999292936	0	0	0
1617789953	9287886	0	0	0
1617789953	19294170	0	0	0
1617789953	29361560	0	0	0
1617789953	39288489	0	0	0
1617789953	49333218	0	0	0
1617789953	59330835	0	0	0
1617789953	69340337	0	0	0
1617789953	79339504	0	0	0
1617789953	89349896	0	0	0
1617789953	99294985	0	0	0
1617789953	109329416	0	0	0
1617789953	119326937	0	0	0
1617789953	129304758	0	0	0
1617789953	139312279	0	0	0
1617789953	149302283	0	0	0
1617789953	159318392	0	0	0
1617789953	169289237	0	0	0
1617789953	179336251	0	0	0
1617789953	189297802	0	0	0
1617789953	199328890	0	0	0
1617789953	209317428	0	0	0
1617789953	219286761	0	0	0
1617789953	229285875	0	0	0
1617789953	239324391	0	0	0
1617789953	249307625	0	0	0
1617789953	259288080	0	0	0
1617789953	269293554	0	0	0
1617789953	279299224	0	0	0
1617789953	289297184	0	0	0
1617789953	299310993	0	0	0
1617789953	309312801	0	0	0
1617789953	319331376	0	0	0
1617789953	329313415	0	0	0
1617789953	339297318	0	0	0
1617789953	349310357	0	0	0
1617789953	359287765	0	0	0
1617789953	369316392	0	0	0
1617789953	379365968	0	0	0
1617789953	389321618	0	0	0
1617789953	399336551	0	0	0
1617789953	409299559	0	0	0
1617789953	419321465	0	0	0
1617789953	429334483	0	0	0
1617789953	439313845	0	0	0
1617789953	449341289	0	0	0
1617789953	459302152	0	0	0
1617789953	469305445	0	0	0
1617789953	479328215	0	0	0
1617789953	489337892	0	0	0
1617789953	499298860	0	0	0
1617789953	509321332	0	0	0
1617789953	519334846	0	0	0
1617789953	529296319	0	0	0
1617789953	539312223	0	0	0
1617789953	549342951	0	0	0
1617789953	559335731	0	0	0
1617789953	569315424	0	0	0
1617789953	579299408	0	0	0
1617789953	589338227	0	0	0
1617789953	599339342	0	0	0
1617789953	609335862	0	0	0
1617789953	619332497	0	0	0
1617789953	629335697	0	0	0
1617789953	639295057	0	0	0
1617789953	649294498	0	0	0
1617789953	659336256	0	0	0
1617789953	669304739	0	0	0
1617789953	679300516	0	0	0
1617789953	689327224	0	0	0
1617789953	699305985	0	0	0
1617789953	709316464	0	0	0
1617789953	719316383	0	0	0
1617789953	729295026	0	0	0
1617789953	739291247	0	0	0
1617789953	749292983	0	0	0
1617789953	759337832	0	0	0
1617789953	769301154	0	0	0
1617789953	779294925	0	0	0
1617789953	789339443	0	0	0
1617789953	799296407	0	0	0
1617789953	809297174	0	0	0
1617789953	819307350	0	0	0
1617789953	829315900	0	0	0
1617789953	839344784	0	0	0
1617789953	849301635	0	0	0
1617789953	859315172	0	0	0
1617789953	869303608	0	0	0
1617789953	879301090	0	0	0
1617789953	889303450	0	0	0
1617789953	899343508	0	0	0
1617789953	909309108	0	0	0
1617789953	919356892	0	0	0
1617789953	929308495	0	0	0
1617789953	939340815	0	0	0
1617789953	949343862	0	0	0
1617789953	959302621	0	0	0
1617789953	969320814	0	0	0
1617789953	979302004	0	0	0
1617789953	989325039	0	0	0
1617789953	999288498	0	0	0
1617789954	9300141	0	0	0
1617789954	19296721	0	0	0
1617789954	29298208	0	0	0
1617789954	39341631	0	0	0
1617789954	49341631	0	0	0
1617789954	59341898	0	0	0
1617789954	69312513	0	0	0
1617789954	79307365	0	0	0
1617789954	89319980	0	0	0
1617789954	99342690	0	0	0
1617789954	109322300	0	0	0
1617789954	119343880	0	0	0
1617789954	129341423	0	0	0
1617789954	139343689	0	0	0
1617789954	149349694	0	0	0
1617789954	159318719	0	0	0
1617789954	169306284	0	0	0
1617789954	179345581	0	0	0
1617789954	189299459	0	0	0
1617789954	199307243	0	0	0
1617789954	209307351	0	0	0
1617789954	219310184	0	0	0
1617789954	229323245	0	0	0
1617789954	239306820	0	0	0
1617789954	249299076	0	0	0
1617789954	259327422	0	0	0
1617789954	269360188	0	0	0
1617789954	279301703	0	0	0
1617789954	289309290	0	0	0
1617789954	299305442	0	0	0
1617789954	309344521	0	0	0
1617789954	319346688	0	0	0
1617789954	329359495	0	0	0
1617789954	339307945	0	0	0
1617789954	349309913	0	0	0
1617789954	359343947	0	0	0
1617789954	369300885	0	0	0
1617789954	379314390	0	0	0
1617789954	389342544	0	0	0
1617789954	399309319	0	0	0
1617789954	409325354	0	0	0
1617789954	419310050	0	0	0
1617789954	429346959	0	0	0
1617789954	439326278	0	0	0
1617789954	449343111	0	0	0
1617789954	459312042	0	0	0
1617789954	469302439	0	0	0
1617789954	479328591	0	0	0
1617789954	489353466	0	0	0
1617789954	499350626	0	0	0
1617789954	509303750	0	0	0
1617789954	519303144	0	0	0
1617789954	529347447	0	0	0
1617789954	539311599	0	0	0
1617789954	549347757	0	0	0
1617789954	559305665	0	0	0
1617789954	569349715	0	0	0
1617789954	579348284	0	0	0
1617789954	589311336	0	0	0
1617789954	599305153	0	0	0
1617789954	609316233	0	0	0
1617789954	619314853	0	0	0
1617789954	629303622	0	0	0
1617789954	639304842	0	0	0
1617789954	649304282	0	0	0
1617789954	659332511	0	0	0
1617789954	669314036	0	0	0
1617789954	679330032	0	0	0
1617789954	689341092	0	0	0
1617789954	699361521	0	0	0
1617789954	709305166	0	0	0
1617789954	719353192	0	0	0
1617789954	729314500	0	0	0
1617789954	739350305	0	0	0
1617789954	749314795	0	0	0
1617789954	759354221	0	0	0
1617789954	769322600	0	0	0
1617789954	779314960	0	0	0
1617789954	789312493	0	0	0
1617789954	799348656	0	0	0
1617789954	809367831	0	0	0
1617789954	819319357	0	0	0
1617789954	829331298	0	0	0
1617789954	839318365	0	0	0
1617789954	849319048	0	0	0
1617789954	859343096	0	0	0
1617789954	869309377	0	0	0
1617789954	879349291	0	0	0
1617789954	889354470	0	0	0
1617789954	899350747	0	0	0
1617789954	909359837	0	0	0
1617789954	919362649	0	0	0
1617789954	929308574	0	0	0
1617789954	939307504	0	0	0
1617789954	949315705	0	0	0
1617789954	959357781	0	0	0
1617789954	969313078	0	0	0
1617789954	979349603	0	0	0
1617789954	989314034	0	0	0
1617789954	999334193	0	0	0
1617789955	9352441	0	0	0
1617789955	19354432	0	0	0
1617789955	29308708	0	0	0
1617789955	39307575	0	0	0
1617789955	49332908	0	0	0
1617789955	59356834	0	0	0
1617789955	69312222	0	0	0
1617789955	79360063	0	0	0
1617789955	89321624	0	0	0
1617789955	99339509	0	0	0
1617789955	109311692	0	0	0
1617789955	119358391	0	0	0
1617789955	129311885	0	0	0
1617789955	139354252	0	0	0
1617789955	149339618	0	0	0
1617789955	159359662	0	0	0
1617789955	169311740	0	0	0
1617789955	179312411	0	0	0
1617789955	189318132	0	0	0
1617789955	199354621	0	0	0
1617789955	209318685	0	0	0
1617789955	219357854	0	0	0
1617789955	229312604	0	0	0
1617789955	239357438	0	0	0
1617789955	249326030	0	0	0
1617789955	259358329	0	0	0
1617789955	269320391	0	0	0
1617789955	279320318	0	0	0
1617789955	289356169	0	0	0
1617789955	299317872	0	0	0
1617789955	309316731	0	0	0
1617789955	319358748	0	0	0
1617789955	329312573	0	0	0
1617789955	339312293	0	0	0
1617789955	349398838	0	0	0
1617789955	359320417	0	0	0
1617789955	369358918	0	0	0
1617789955	379312271	0	0	0
1617789955	389335320	0	0	0
1617789955	399312888	0	0	0
1617789955	409361275	0	0	0
1617789955	419340030	0	0	0
1617789955	429320321	0	0	0
1617789955	439336144	0	0	0
1617789955	449348197	0	0	0
1617789955	459362446	0	0	0
1617789955	469360624	0	0	0
1617789955	479338644	0	0	0
1617789955	489339676	0	0	0
1617789955	499361175	0	0	0
1617789955	509360425	0	0	0
1617789955	519333652	0	0	0
1617789955	529316977	0	0	0
1617789955	539365755	0	0	0
1617789955	549371464	0	0	0
1617789955	559314975	0	0	0
1617789955	569357687	0	0	0
1617789955	579339454	0	0	0
1617789955	589339379	0	0	0
1617789955	599361951	0	0	0
1617789955	609364541	0	0	0
1617789955	619339082	0	0	0
1617789955	629363382	0	0	0
1617789955	639340802	0	0	0
1617789955	649339834	0	0	0
1617789955	659359526	0	0	0
1617789955	669316858	0	0	0
1617789955	679314951	0	0	0
1617789955	689360344	0	0	0
1617789955	699344578	0	0	0
1617789955	709344728	0	0	0
1617789955	719327122	0	0	0
1617789955	729344175	0	0	0
1617789955	739342855	0	0	0
1617789955	749341029	0	0	0
1617789955	759329546	0	0	0
1617789955	769365969	0	0	0
1617789955	779370385	0	0	0
1617789955	789319668	0	0	0
1617789955	799319235	0	0	0
1617789955	809404354	0	0	0
1617789955	819326652	0	0	0
1617789955	829328429	0	0	0
1617789955	839321551	0	0	0
1617789955	849349038	0	0	0
1617789955	859318971	0	0	0
1617789955	869319102	0	0	0
1617789955	879365854	0	0	0
1617789955	889333430	0	0	0
1617789955	899350160	0	0	0
1617789955	909351155	0	0	0
1617789955	919329424	0	0	0
1617789955	929335680	0	0	0
1617789955	939371891	0	0	0
1617789955	949330301	0	0	0
1617789955	959365363	0	0	0
1617789955	969328992	0	0	0
1617789955	979336615	0	0	0
1617789955	989378109	0	0	0
1617789955	999365192	0	0	0
1617789956	9367664	0	0	0
1617789956	19366990	0	0	0
1617789956	29368459	0	0	0
1617789956	39330565	0	0	0
1617789956	49346121	0	0	0
1617789956	59332623	0	0	0
1617789956	69322265	0	0	0
1617789956	79320798	0	0	0
1617789956	89329852	0	0	0
1617789956	99324920	0	0	0
1617789956	109366567	0	0	0
1617789956	119367709	0	0	0
1617789956	129374903	0	0	0
1617789956	139334370	0	0	0
1617789956	149343622	0	0	0
1617789956	159325350	0	0	0
1617789956	169350869	0	0	0
1617789956	179330780	0	0	0
1617789956	189372118	0	0	0
1617789956	199368259	0	0	0
1617789956	209325214	0	0	0
1617789956	219376235	0	0	0
1617789956	229371141	0	0	0
1617789956	239305057	0	0	0
1617789956	249373715	0	0	0
1617789956	259366901	0	0	0
1617789956	269331652	0	0	0
1617789956	279381558	0	0	0
1617789956	289379481	0	0	0
1617789956	299333894	0	0	0
1617789956	309333061	0	0	0
1617789956	319372519	0	0	0
1617789956	329328916	0	0	0
1617789956	339333954	0	0	0
1617789956	349328221	0	0	0
1617789956	359350376	0	0	0
1617789956	369334881	0	0	0
1617789956	379368649	0	0	0
1617789956	389357427	0	0	0
1617789956	399370833	0	0	0
1617789956	409349855	0	0	0
1617789956	419374706	0	0	0
1617789956	429353987	0	0	0
1617789956	439369370	0	0	0
1617789956	449355941	0	0	0
1617789956	459351243	0	0	0
1617789956	469349284	0	0	0
1617789956	479326825	0	0	0
1617789956	489336709	0	0	0
1617789956	499381267	0	0	0
1617789956	509373625	0	0	0
1617789956	519375319	0	0	0
1617789956	529332373	0	0	0
1617789956	539330178	0	0	0
1617789956	549336610	0	0	0
1617789956	559375695	0	0	0
1617789956	569328455	0	0	0
1617789956	579334327	0	0	0
1617789956	589372893	0	0	0
1617789956	599338745	0	0	0
1617789956	609374595	0	0	0
1617789956	619327994	0	0	0
1617789956	629375454	0	0	0
1617789956	639332148	0	0	0
1617789956	649343951	0	0	0
1617789956	659331043	0	0	0
1617789956	669351699	0	0	0
1617789956	679356214	0	0	0
1617789956	689334517	0	0	0
1617789956	699328512	0	0	0
1617789956	709337577	0	0	0
1617789956	719384689	0	0	0
1617789956	729337344	0	0	0
1617789956	739393226	0	0	0
1617789956	749337245	0	0	0
1617789956	759376419	0	0	0
1617789956	769370322	0	0	0
1617789956	779514907	0	0	0
1617789956	789342115	0	0	0
1617789956	799334934	0	0	0
1617789956	809343970	0	0	0
1617789956	819320203	0	0	0
1617789956	829318601	0	0	0
1617789956	839330685	0	0	0
1617789956	849331565	0	0	0
1617789956	859330487	0	0	0
1617789956	869358440	0	0	0
1617789956	879355606	0	0	0
1617789956	889358821	0	0	0
1617789956	899376086	0	0	0
1617789956	909382325	0	0	0
1617789956	919378918	0	0	0
1617789956	929381228	0	0	0
1617789956	939334206	0	0	0
1617789956	949384149	0	0	0
1617789956	959356979	0	0	0
1617789956	969354505	0	0	0
1617789956	979343175	0	0	0
1617789956	989359353	0	0	0
1617789956	999338747	0	0	0
1617789957	9342954	0	0	0
1617789957	19359432	0	0	0
1617789957	29338488	0	0	0
1617789957	39379258	0	0	0
1617789957	49343013	0	0	0
1617789957	59380477	0	0	0
1617789957	69384046	0	0	0
1617789957	79388457	0	0	0
1617789957	89341200	0	0	0
1617789957	99380400	0	0	0
1617789957	109360400	0	0	0
1617789957	119342793	0	0	0
1617789957	129365113	0	0	0
1617789957	139364305	0	0	0
1617789957	149372384	0	0	0
1617789957	159377820	0	0	0
1617789957	169391660	0	0	0
1617789957	179339086	0	0	0
1617789957	189339357	0	0	0
1617789957	199359731	0	0	0
1617789957	209384200	0	0	0
1617789957	219385145	0	0	0
1617789957	229381088	0	0	0
1617789957	239339472	0	0	0
1617789957	249382426	0	0	0
1617789957	259379661	0	0	0
1617789957	269389940	0	0	0
1617789957	279343439	0	0	0
1617789957	289376430	0	0	0
1617789957	299349497	0	0	0
1617789957	309385008	0	0	0
1617789957	319384573	0	0	0
1617789957	329345169	0	0	0
1617789957	339337107	0	0	0
1617789957	349341439	0	0	0
1617789957	359380279	0	0	0
1617789957	369341414	0	0	0
1617789957	379351523	0	0	0
1617789957	389337904	0	0	0
1617789957	399338255	0	0	0
1617789957	409341140	0	0	0
1617789957	419382703	0	0	0
1617789957	429344863	0	0	0
1617789957	439384185	0	0	0
1617789957	449349040	0	0	0
1617789957	459345421	0	0	0
1617789957	469389028	0	0	0
1617789957	479363957	0	0	0
1617789957	489351938	0	0	0
1617789957	499384079	0	0	0
1617789957	509348478	0	0	0
1617789957	519356225	0	0	0
1617789957	529343726	0	0	0
1617789957	539340826	0	0	0
1617789957	549387557	0	0	0
1617789957	559350716	0	0	0
1617789957	569356005	0	0	0
1617789957	579387601	0	0	0
1617789957	589414269	0	0	0
1617789957	599363997	0	0	0
1617789957	609342008	0	0	0
1617789957	619348632	0	0	0
1617789957	629347363	0	0	0
1617789957	639386905	0	0	0
1617789957	649350415	0	0	0
1617789957	659349315	0	0	0
1617789957	669345267	0	0	0
1617789957	679385660	0	0	0
1617789957	689352044	0	0	0
1617789957	699367146	0	0	0
1617789957	709377899	0	0	0
1617789957	719342625	0	0	0
1617789957	729344593	0	0	0
1617789957	739367082	0	0	0
1617789957	749342309	0	0	0
1617789957	759350197	0	0	0
1617789957	769400822	0	0	0
1617789957	779355130	0	0	0
1617789957	789365709	0	0	0
1617789957	799352977	0	0	0
1617789957	809385466	0	0	0
1617789957	819403697	0	0	0
1617789957	829351491	0	0	0
1617789957	839390191	0	0	0
1617789957	849366031	0	0	0
1617789957	859349979	0	0	0
1617789957	869348292	0	0	0
1617789957	879385596	0	0	0
1617789957	889346045	0	0	0
1617789957	899343850	0	0	0
1617789957	909389229	0	0	0
1617789957	919347585	0	0	0
1617789957	929345298	0	0	0
1617789957	939369251	0	0	0
1617789957	949345259	0	0	0
1617789957	959406555	0	0	0
1617789957	969388919	0	0	0
1617789957	979406981	0	0	0
1617789957	989371105	0	0	0
1617789957	999388423	0	0	0
1617789958	9360935	0	0	0
1617789958	19345281	0	0	0
1617789958	29390614	0	0	0
1617789958	39392845	0	0	0
1617789958	49397602	0	0	0
1617789958	59352476	0	0	0
1617789958	69411587	0	0	0
1617789958	79352496	0	0	0
1617789958	89348311	0	0	0
1617789958	99394504	0	0	0
1617789958	109360797	0	0	0
1617789958	119393604	0	0	0
1617789958	129347044	0	0	0
1617789958	139350816	0	0	0
1617789958	149391085	0	0	0
1617789958	159378156	0	0	0
1617789958	169355614	0	0	0
1617789958	179346303	0	0	0
1617789958	189396747	0	0	0
1617789958	199349347	0	0	0
1617789958	209371209	0	0	0
1617789958	219348578	0	0	0
1617789958	229347244	0	0	0
1617789958	239393457	0	0	0
1617789958	249392512	0	0	0
1617789958	259406823	0	0	0
1617789958	269351313	0	0	0
1617789958	279349867	0	0	0
1617789958	289354158	0	0	0
1617789958	299365000	0	0	0
1617789958	309350409	0	0	0
1617789958	319373716	0	0	0
1617789958	329395934	0	0	0
1617789958	339349669	0	0	0
1617789958	349354392	0	0	0
1617789958	359365706	0	0	0
1617789958	369394000	0	0	0
1617789958	379390007	0	0	0
1617789958	389389903	0	0	0
1617789958	399350949	0	0	0
1617789958	409353571	0	0	0
1617789958	419357698	0	0	0
1617789958	429363692	0	0	0
1617789958	439355683	0	0	0
1617789958	449357383	0	0	0
1617789958	459355096	0	0	0
1617789958	469444123	0	0	0
1617789958	479409934	0	0	0
1617789958	489362931	0	0	0
1617789958	499417611	0	0	0
1617789958	509355510	0	0	0
1617789958	519352063	0	0	0
1617789958	529395825	0	0	0
1617789958	539405087	0	0	0
1617789958	549356498	0	0	0
1617789958	559378375	0	0	0
1617789958	569436242	0	0	0
1617789958	579378020	0	0	0
1617789958	589355117	0	0	0
1617789958	599352892	0	0	0
1617789958	609396331	0	0	0
1617789958	619374497	0	0	0
1617789958	629374603	0	0	0
1617789958	639354323	0	0	0
1617789958	649366033	0	0	0
1617789958	659398464	0	0	0
1617789958	669362474	0	0	0
1617789958	679384426	0	0	0
1617789958	689357100	0	0	0
1617789958	699398524	0	0	0
1617789958	709399203	0	0	0
1617789958	719400403	0	0	0
1617789958	729404726	0	0	0
1617789958	739356461	0	0	0
1617789958	749367373	0	0	0
1617789958	759366469	0	0	0
1617789958	769409617	0	0	0
1617789958	779368131	0	0	0
1617789958	789361250	0	0	0
1617789958	799404240	0	0	0
1617789958	809363162	0	0	0
1617789958	819402013	0	0	0
1617789958	829411218	0	0	0
1617789958	839367634	0	0	0
1617789958	849362034	0	0	0
1617789958	859381699	0	0	0
1617789958	869358064	0	0	0
1617789958	879400480	0	0	0
1617789958	889365240	0	0	0
1617789958	899365614	0	0	0
1617789958	909402124	0	0	0
1617789958	919426751	0	0	0
1617789958	929398767	0	0	0
1617789958	939358701	0	0	0
1617789958	949389105	0	0	0
1617789958	959369468	0	0	0
1617789958	969404199	0	0	0
1617789958	979440637	0	0	0
1617789958	989379464	0	0	0
1617789958	999361553	0	0	0
1617789959	9364497	0	0	0
1617789959	19411312	0	0	0
1617789959	29393451	0	0	0
1617789959	39371606	0	0	0
1617789959	49365868	0	0	0
1617789959	59443277	0	0	0
1617789959	69372054	0	0	0
1617789959	79388129	0	0	0
1617789959	89365842	0	0	0
1617789959	99383336	0	0	0
1617789959	109397954	0	0	0
1617789959	119359424	0	0	0
1617789959	129424231	0	0	0
1617789959	139386649	0	0	0
1617789959	149362131	0	0	0
1617789959	159406666	0	0	0
1617789959	169359737	0	0	0
1617789959	179364511	0	0	0
1617789959	189407369	0	0	0
1617789959	199408690	0	0	0
1617789959	209359983	0	0	0
1617789959	219370672	0	0	0
1617789959	229355062	0	0	0
1617789959	239405646	0	0	0
1617789959	249393834	0	0	0
1617789959	259407944	0	0	0
1617789959	269412991	0	0	0
1617789959	279407510	0	0	0
1617789959	289387329	0	0	0
1617789959	299363200	0	0	0
1617789959	309391335	0	0	0
1617789959	319371207	0	0	0
1617789959	329370618	0	0	0
1617789959	339370965	0	0	0
1617789959	349369185	0	0	0
1617789959	359372074	0	0	0
1617789959	369365803	0	0	0
1617789959	379438161	0	0	0
1617789959	389408346	0	0	0
1617789959	399403411	0	0	0
1617789959	409362403	0	0	0
1617789959	419436795	0	0	0
1617789959	429410134	0	0	0
1617789959	439367311	0	0	0
1617789959	449394436	0	0	0
1617789959	459409470	0	0	0
1617789959	469406869	0	0	0
1617789959	479366735	0	0	0
1617789959	489376947	0	0	0
1617789959	499374829	0	0	0
1617789959	509373780	0	0	0
1617789959	519410124	0	0	0
1617789959	529374058	0	0	0
1617789959	539386904	0	0	0
1617789959	549381175	0	0	0
1617789959	559388592	0	0	0
1617789959	569403767	0	0	0
1617789959	579389483	0	0	0
1617789959	589374180	0	0	0
1617789959	599377971	0	0	0
1617789959	609411547	0	0	0
1617789959	619411804	0	0	0
1617789959	629423843	0	0	0
1617789959	639373724	0	0	0
1617789959	649412916	0	0	0
1617789959	659374720	0	0	0
1617789959	669396806	0	0	0
1617789959	679409485	0	0	0
1617789959	689364852	0	0	0
1617789959	699367125	0	0	0
1617789959	709412584	0	0	0
1617789959	719377271	0	0	0
1617789959	729370054	0	0	0
1617789959	739381314	0	0	0
1617789959	749378888	0	0	0
1617789959	759367001	0	0	0
1617789959	769373050	0	0	0
1617789959	779413886	0	0	0
1617789959	789376394	0	0	0
1617789959	799420866	0	0	0
1617789959	809376902	0	0	0
1617789959	819376982	0	0	0
1617789959	829378827	0	0	0
1617789959	839373662	0	0	0
1617789959	849373877	0	0	0
1617789959	859368793	0	0	0
1617789959	869368820	0	0	0
1617789959	879412934	0	0	0
1617789959	889378311	0	0	0
1617789959	899400694	0	0	0
1617789959	909376878	0	0	0
1617789959	919416308	0	0	0
1617789959	929369625	0	0	0
1617789959	939401161	0	0	0
1617789959	949377605	0	0	0
1617789959	959376215	0	0	0
1617789959	969414945	0	0	0
1617789959	979381235	0	0	0
1617789959	989414799	0	0	0
1617789959	999379415	0	0	0
1617789960	9399181	0	0	0
1617789960	19418630	0	0	0
1617789960	29369799	0	0	0
1617789960	39418831	0	0	0
1617789960	49371914	0	0	0
1617789960	59433561	0	0	0
1617789960	69414845	0	0	0
1617789960	79432023	0	0	0
1617789960	89380315	0	0	0
1617789960	99420017	0	0	0
1617789960	109370842	0	0	0
1617789960	119418269	0	0	0
1617789960	129414992	0	0	0
1617789960	139373457	0	0	0
1617789960	149420845	0	0	0
1617789960	159375006	0	0	0
1617789960	169421975	0	0	0
1617789960	179401234	0	0	0
1617789960	189408938	0	0	0
1617789960	199376511	0	0	0
1617789960	209416824	0	0	0
1617789960	219432947	0	0	0
1617789960	229427943	0	0	0
1617789960	239391330	0	0	0
1617789960	249416533	0	0	0
1617789960	259375341	0	0	0
1617789960	269379784	0	0	0
1617789960	279376851	0	0	0
1617789960	289377368	0	0	0
1617789960	299398399	0	0	0
1617789960	309378606	0	0	0
1617789960	319383895	0	0	0
1617789960	329420303	0	0	0
1617789960	339374487	0	0	0
1617789960	349382500	0	0	0
1617789960	359384987	0	0	0
1617789960	369455459	0	0	0
1617789960	379375563	0	0	0
1617789960	389395963	0	0	0
1617789960	399385121	0	0	0
1617789960	409385587	0	0	0
1617789960	419407320	0	0	0
1617789960	429428854	0	0	0
1617789960	439403145	0	0	0
1617789960	449409441	0	0	0
1617789960	459375994	0	0	0
1617789960	469386417	0	0	0
1617789960	479374827	0	0	0
1617789960	489427798	0	0	0
1617789960	499422059	0	0	0
1617789960	509386457	0	0	0
1617789960	519384581	0	0	0
1617789960	529420748	0	0	0
1617789960	539383643	0	0	0
1617789960	549381154	0	0	0
1617789960	559379182	0	0	0
1617789960	569378757	0	0	0
1617789960	579386312	0	0	0
1617789960	589424810	0	0	0
1617789960	599391941	0	0	0
1617789960	609388954	0	0	0
1617789960	619386034	0	0	0
1617789960	629402372	0	0	0
1617789960	639380045	0	0	0
1617789960	649402493	0	0	0
1617789960	659426162	0	0	0
1617789960	669387989	0	0	0
1617789960	679440181	0	0	0
1617789960	689402392	0	0	0
1617789960	699386537	0	0	0
1617789960	709427722	0	0	0
1617789960	719377989	0	0	0
1617789960	729423850	0	0	0
1617789960	739385837	0	0	0
1617789960	749390654	0	0	0
1617789960	759384575	0	0	0
1617789960	769434885	0	0	0
1617789960	779400506	0	0	0
1617789960	789381917	0	0	0
1617789960	799428280	0	0	0
1617789960	809390572	0	0	0
1617789960	819445801	0	0	0
1617789960	829426461	0	0	0
1617789960	839433957	0	0	0
1617789960	849384399	0	0	0
1617789960	859389885	0	0	0
1617789960	869427908	0	0	0
1617789960	879442372	0	0	0
1617789960	889385179	0	0	0
1617789960	899426358	0	0	0
1617789960	909425971	0	0	0
1617789960	919444685	0	0	0
1617789960	929381182	0	0	0
1617789960	939391350	0	0	0
1617789960	949382552	0	0	0
1617789960	959407321	0	0	0
1617789960	969387724	0	0	0
1617789960	979408202	0	0	0
1617789960	989396119	0	0	0
1617789960	999385893	0	0	0
1617789961	9427773	0	0	0
1617789961	19412976	0	0	0
1617789961	29392526	0	0	0
1617789961	39429762	0	0	0
1617789961	49427174	0	0	0
1617789961	59393802	0	0	0
1617789961	69386600	0	0	0
1617789961	79408901	0	0	0
1617789961	89384989	0	0	0
1617789961	99408412	0	0	0
1617789961	109393415	0	0	0
1617789961	119383913	0	0	0
1617789961	129429612	0	0	0
1617789961	139431759	0	0	0
1617789961	149395166	0	0	0
1617789961	159416871	0	0	0
1617789961	169388573	0	0	0
1617789961	179430662	0	0	0
1617789961	189413149	0	0	0
1617789961	199430723	0	0	0
1617789961	209389220	0	0	0
1617789961	219433960	0	0	0
1617789961	229385729	0	0	0
1617789961	239409823	0	0	0
1617789961	249433794	0	0	0
1617789961	259435715	0	0	0
1617789961	269389104	0	0	0
1617789961	279420339	0	0	0
1617789961	289431981	0	0	0
1617789961	299394699	0	0	0
1617789961	309416264	0	0	0
1617789961	319385836	0	0	0
1617789961	329395150	0	0	0
1617789961	339396396	0	0	0
1617789961	349432291	0	0	0
1617789961	359440578	0	0	0
1617789961	369389719	0	0	0
1617789961	379401618	0	0	0
1617789961	389429659	0	0	0
1617789961	399432071	0	0	0
1617789961	409440417	0	0	0
1617789961	419389865	0	0	0
1617789961	429400716	0	0	0
1617789961	439395832	0	0	0
1617789961	449388639	0	0	0
1617789961	459392905	0	0	0
1617789961	469399573	0	0	0
1617789961	479422398	0	0	0
1617789961	489396292	0	0	0
1617789961	499403212	0	0	0
1617789961	509397652	0	0	0
1617789961	519423640	0	0	0
1617789961	529435145	0	0	0
1617789961	539435931	0	0	0
1617789961	549438831	0	0	0
1617789961	559399604	0	0	0
1617789961	569397333	0	0	0
1617789961	579400769	0	0	0
1617789961	589413933	0	0	0
1617789961	599398939	0	0	0
1617789961	609434882	0	0	0
1617789961	619438591	0	0	0
1617789961	629391273	0	0	0
1617789961	639400180	0	0	0
1617789961	649432665	0	0	0
1617789961	659400732	0	0	0
1617789961	669416126	0	0	0
1617789961	679418711	0	0	0
1617789961	689432110	0	0	0
1617789961	699437042	0	0	0
1617789961	709392266	0	0	0
1617789961	719425759	0	0	0
1617789961	729393809	0	0	0
1617789961	739392151	0	0	0
1617789961	749421975	0	0	0
1617789961	759440843	0	0	0
1617789961	769403384	0	0	0
1617789961	779399867	0	0	0
1617789961	789417032	0	0	0
1617789961	799438420	0	0	0
1617789961	809395682	0	0	0
1617789961	819445119	0	0	0
1617789961	829395867	0	0	0
1617789961	839394734	0	0	0
1617789961	849422176	0	0	0
1617789961	859399190	0	0	0
1617789961	869405771	0	0	0
1617789961	879441670	0	0	0
1617789961	889394104	0	0	0
1617789961	899438004	0	0	0
1617789961	909438297	0	0	0
1617789961	919396034	0	0	0
1617789961	929417943	0	0	0
1617789961	939423561	0	0	0
1617789961	949457662	0	0	0
1617789961	959452711	0	0	0
1617789961	969440801	0	0	0
1617789961	979400001	0	0	0
1617789961	989439043	0	0	0
1617789961	999395775	0	0	0
1617789962	9437035	0	0	0
1617789962	19409363	0	0	0
1617789962	29440126	0	0	0
1617789962	39400392	0	0	0
1617789962	49443176	0	0	0
1617789962	59411054	0	0	0
1617789962	69398454	0	0	0
1617789962	79404163	0	0	0
1617789962	89436586	0	0	0
1617789962	99406402	0	0	0
1617789962	109408066	0	0	0
1617789962	119399204	0	0	0
1617789962	129440856	0	0	0
1617789962	139445296	0	0	0
1617789962	149400198	0	0	0
1617789962	159445858	0	0	0
1617789962	169423657	0	0	0
1617789962	179406004	0	0	0
1617789962	189405511	0	0	0
1617789962	199433994	0	0	0
1617789962	209423057	0	0	0
1617789962	219441664	0	0	0
1617789962	229447446	0	0	0
1617789962	239450622	0	0	0
1617789962	249423349	0	0	0
1617789962	259408506	0	0	0
1617789962	269425335	0	0	0
1617789962	279400380	0	0	0
1617789962	289443599	0	0	0
1617789962	299399271	0	0	0
1617789962	309401805	0	0	0
1617789962	319445115	0	0	0
1617789962	329453845	0	0	0
1617789962	339409208	0	0	0
1617789962	349428806	0	0	0
1617789962	359482111	0	0	0
1617789962	369444416	0	0	0
1617789962	379417741	0	0	0
1617789962	389419398	0	0	0
1617789962	399425430	0	0	0
1617789962	409411085	0	0	0
1617789962	419416135	0	0	0
1617789962	429408409	0	0	0
1617789962	439419925	0	0	0
1617789962	449424839	0	0	0
1617789962	459404275	0	0	0
1617789962	469401724	0	0	0
1617789962	479401608	0	0	0
1617789962	489448478	0	0	0
1617789962	499401922	0	0	0
1617789962	509449609	0	0	0
1617789962	519448221	0	0	0
1617789962	529405416	0	0	0
1617789962	539447201	0	0	0
1617789962	549417619	0	0	0
1617789962	559456542	0	0	0
1617789962	569402573	0	0	0
1617789962	579420120	0	0	0
1617789962	589402766	0	0	0
1617789962	599450259	0	0	0
1617789962	609427286	0	0	0
1617789962	619465809	0	0	0
1617789962	629449336	0	0	0
1617789962	639403156	0	0	0
1617789962	649428166	0	0	0
1617789962	659403228	0	0	0
1617789962	669403917	0	0	0
1617789962	679428602	0	0	0
1617789962	689409485	0	0	0
1617789962	699397601	0	0	0
1617789962	709455547	0	0	0
1617789962	719421914	0	0	0
1617789962	729458032	0	0	0
1617789962	739423866	0	0	0
1617789962	749419471	0	0	0
1617789962	759419948	0	0	0
1617789962	769429010	0	0	0
1617789962	779408126	0	0	0
1617789962	789438082	0	0	0
1617789962	799405595	0	0	0
1617789962	809418668	0	0	0
1617789962	819451295	0	0	0
1617789962	829451007	0	0	0
1617789962	839425009	0	0	0
1617789962	849454770	0	0	0
1617789962	859460973	0	0	0
1617789962	869455748	0	0	0
1617789962	879451827	0	0	0
1617789962	889449995	0	0	0
1617789962	899458381	0	0	0
1617789962	909458082	0	0	0
1617789962	919418500	0	0	0
1617789962	929450686	0	0	0
1617789962	939416364	0	0	0
1617789962	949435281	0	0	0
1617789962	959454930	0	0	0
1617789962	969433725	0	0	0
1617789962	979416656	0	0	0
1617789962	989454426	0	0	0
1617789962	999454012	0	0	0
1617789963	9468491	0	0	0
1617789963	19452318	0	0	0
1617789963	29443625	0	0	0
1617789963	39415587	0	0	0
1617789963	49433462	0	0	0
1617789963	59453399	0	0	0
1617789963	69453708	0	0	0
1617789963	79456565	0	0	0
1617789963	89452861	0	0	0
1617789963	99469233	0	0	0
1617789963	109453615	0	0	0
1617789963	119420622	0	0	0
1617789963	129409911	0	0	0
1617789963	139492729	0	0	0
1617789963	149411751	0	0	0
1617789963	159434771	0	0	0
1617789963	169409720	0	0	0
1617789963	179455623	0	0	0
1617789963	189433932	0	0	0
1617789963	199454550	0	0	0
1617789963	209449966	0	0	0
1617789963	219421886	0	0	0
1617789963	229417603	0	0	0
1617789963	239415901	0	0	0
1617789963	249428317	0	0	0
1617789963	259442994	0	0	0
1617789963	269411460	0	0	0
1617789963	279449576	0	0	0
1617789963	289419011	0	0	0
1617789963	299460329	0	0	0
1617789963	309433962	0	0	0
1617789963	319458440	0	0	0
1617789963	329411921	0	0	0
1617789963	339460592	0	0	0
1617789963	349458473	0	0	0
1617789963	359412415	0	0	0
1617789963	369437965	0	0	0
1617789963	379438958	0	0	0
1617789963	389419315	0	0	0
1617789963	399437687	0	0	0
1617789963	409426879	0	0	0
1617789963	419457421	0	0	0
1617789963	429457420	0	0	0
1617789963	439458950	0	0	0
1617789963	449420816	0	0	0
1617789963	459414026	0	0	0
1617789963	469417180	0	0	0
1617789963	479419525	0	0	0
1617789963	489422507	0	0	0
1617789963	499418826	0	0	0
1617789963	509415542	0	0	0
1617789963	519414051	0	0	0
1617789963	529455512	0	0	0
1617789963	539442743	0	0	0
1617789963	549428797	0	0	0
1617789963	559461290	0	0	0
1617789963	569469724	0	0	0
1617789963	579425411	0	0	0
1617789963	589460359	0	0	0
1617789963	599462862	0	0	0
1617789963	609443338	0	0	0
1617789963	619417863	0	0	0
1617789963	629423407	0	0	0
1617789963	639452501	0	0	0
1617789963	649460388	0	0	0
1617789963	659420041	0	0	0
1617789963	669508338	0	0	0
1617789963	679418836	0	0	0
1617789963	689443114	0	0	0
1617789963	699441495	0	0	0
1617789963	709486057	0	0	0
1617789963	719425766	0	0	0
1617789963	729435486	0	0	0
1617789963	739462925	0	0	0
1617789963	749469125	0	0	0
1617789963	759463453	0	0	0
1617789963	769424236	0	0	0
1617789963	779465048	0	0	0
1617789963	789421351	0	0	0
1617789963	799419651	0	0	0
1617789963	809466802	0	0	0
1617789963	819425375	0	0	0
1617789963	829425897	0	0	0
1617789963	839442658	0	0	0
1617789963	849465103	0	0	0
1617789963	859465199	0	0	0
1617789963	869423448	0	0	0
1617789963	879440654	0	0	0
1617789963	889423898	0	0	0
1617789963	899443303	0	0	0
1617789963	909450393	0	0	0
1617789963	919465934	0	0	0
1617789963	929426505	0	0	0
1617789963	939421698	0	0	0
1617789963	949466150	0	0	0
1617789963	959468017	0	0	0
1617789963	969466376	0	0	0
1617789963	979434806	0	0	0
1617789963	989430985	0	0	0
1617789963	999426691	0	0	0
1617789964	9472721	0	0	0
1617789964	19427812	0	0	0
1617789964	29447372	0	0	0
1617789964	39437846	0	0	0
1617789964	49467149	0	0	0
1617789964	59483183	0	0	0
1617789964	69434550	0	0	0
1617789964	79422335	0	0	0
1617789964	89421871	0	0	0
1617789964	99468304	0	0	0
1617789964	109428239	0	0	0
1617789964	119420802	0	0	0
1617789964	129466234	0	0	0
1617789964	139421761	0	0	0
1617789964	149423747	0	0	0
1617789964	159469763	0	0	0
1617789964	169466716	0	0	0
1617789964	179426715	0	0	0
1617789964	189421724	0	0	0
1617789964	199468867	0	0	0
1617789964	209423119	0	0	0
1617789964	219425098	0	0	0
1617789964	229446653	0	0	0
1617789964	239472907	0	0	0
1617789964	249451545	0	0	0
1617789964	259399134	0	0	0
1617789964	269426300	0	0	0
1617789964	279433902	0	0	0
1617789964	289423823	0	0	0
1617789964	299469127	0	0	0
1617789964	309454384	0	0	0
1617789964	319423657	0	0	0
1617789964	329437315	0	0	0
1617789964	339433234	0	0	0
1617789964	349467005	0	0	0
1617789964	359452434	0	0	0
1617789964	369452075	0	0	0
1617789964	379438042	0	0	0
1617789964	389436358	0	0	0
1617789964	399424573	0	0	0
1617789964	409469219	0	0	0
1617789964	419430280	0	0	0
1617789964	429472190	0	0	0
1617789964	439439409	0	0	0
1617789964	449450153	0	0	0
1617789964	459433223	0	0	0
1617789964	469471831	0	0	0
1617789964	479472974	0	0	0
1617789964	489470776	0	0	0
1617789964	499473805	0	0	0
1617789964	509473192	0	0	0
1617789964	519487039	0	0	0
1617789964	529401637	0	0	0
1617789964	539475050	0	0	0
1617789964	549472003	0	0	0
1617789964	559455323	0	0	0
1617789964	569436230	0	0	0
1617789964	579427326	0	0	0
1617789964	589439740	0	0	0
1617789964	599473928	0	0	0
1617789964	609472445	0	0	0
1617789964	619472966	0	0	0
1617789964	629436328	0	0	0
1617789964	639438651	0	0	0
1617789964	649473311	0	0	0
1617789964	659455551	0	0	0
1617789964	669475681	0	0	0
1617789964	679429737	0	0	0
1617789964	689432638	0	0	0
1617789964	699438560	0	0	0
1617789964	709438376	0	0	0
1617789964	719439215	0	0	0
1617789964	729439565	0	0	0
1617789964	739478137	0	0	0
1617789964	749432776	0	0	0
1617789964	759469441	0	0	0
1617789964	769487004	0	0	0
1617789964	779433654	0	0	0
1617789964	789436871	0	0	0
1617789964	799438962	0	0	0
1617789964	809476050	0	0	0
1617789964	819474007	0	0	0
1617789964	829484215	0	0	0
1617789964	839479344	0	0	0
1617789964	849439035	0	0	0
1617789964	859480297	0	0	0
1617789964	869440276	0	0	0
1617789964	879497583	0	0	0
1617789964	889457780	0	0	0
1617789964	899477645	0	0	0
1617789964	909429782	0	0	0
1617789964	919486313	0	0	0
1617789964	929431908	0	0	0
1617789964	939431423	0	0	0
1617789964	949474076	0	0	0
1617789964	959484682	0	0	0
1617789964	969434758	0	0	0
1617789964	979430752	0	0	0
1617789964	989475296	0	0	0
1617789964	999493938	0	0	0
1617789965	9441283	0	0	0
1617789965	19484834	0	0	0
1617789965	29471079	0	0	0
1617789965	39477926	0	0	0
1617789965	49458089	0	0	0
1617789965	59470910	0	0	0
1617789965	69437132	0	0	0
1617789965	79439876	0	0	0
1617789965	89434110	0	0	0
1617789965	99488214	0	0	0
1617789965	109446981	0	0	0
1617789965	119438590	0	0	0
1617789965	129479244	0	0	0
1617789965	139528212	0	0	0
1617789965	149436753	0	0	0
1617789965	159446582	0	0	0
1617789965	169478487	0	0	0
1617789965	179434023	0	0	0
1617789965	189435555	0	0	0
1617789965	199477527	0	0	0
1617789965	209488823	0	0	0
1617789965	219491256	0	0	0
1617789965	229504315	0	0	0
1617789965	239436072	0	0	0
1617789965	249463973	0	0	0
1617789965	259450069	0	0	0
1617789965	269441720	0	0	0
1617789965	279480358	0	0	0
1617789965	289434580	0	0	0
1617789965	299437856	0	0	0
1617789965	309440571	0	0	0
1617789965	319438844	0	0	0
1617789965	329481913	0	0	0
1617789965	339451665	0	0	0
1617789965	349449240	0	0	0
1617789965	359467080	0	0	0
1617789965	369464612	0	0	0
1617789965	379499311	0	0	0
1617789965	389486766	0	0	0
1617789965	399441339	0	0	0
1617789965	409437341	0	0	0
1617789965	419462825	0	0	0
1617789965	429448110	0	0	0
1617789965	439462081	0	0	0
1617789965	449457003	0	0	0
1617789965	459455750	0	0	0
1617789965	469496812	0	0	0
1617789965	479446369	0	0	0
1617789965	489467042	0	0	0
1617789965	499484672	0	0	0
1617789965	509439932	0	0	0
1617789965	519442341	0	0	0
1617789965	529439845	0	0	0
1617789965	539462551	0	0	0
1617789965	549489870	0	0	0
1617789965	559472517	0	0	0
1617789965	569442865	0	0	0
1617789965	579486700	0	0	0
1617789965	589487016	0	0	0
1617789965	599439378	0	0	0
1617789965	609448204	0	0	0
1617789965	619491522	0	0	0
1617789965	629485842	0	0	0
1617789965	639492398	0	0	0
1617789965	649443169	0	0	0
1617789965	659457548	0	0	0
1617789965	669441938	0	0	0
1617789965	679464339	0	0	0
1617789965	689453424	0	0	0
1617789965	699484754	0	0	0
1617789965	709485664	0	0	0
1617789965	719456299	0	0	0
1617789965	729455875	0	0	0
1617789965	739451120	0	0	0
1617789965	749470102	0	0	0
1617789965	766116224	0	0	0
1617789965	769431125	0	0	0
1617789965	779441539	0	0	0
1617789965	789451231	0	0	0
1617789965	799467584	0	0	0
1617789965	809478583	0	0	0
1617789965	819428262	0	0	0
1617789965	829488620	0	0	0
1617789965	839447763	0	0	0
1617789965	849504211	0	0	0
1617789965	859539527	0	0	0
1617789965	869451619	0	0	0
1617789965	879452877	0	0	0
1617789965	889452837	0	0	0
1617789965	899487927	0	0	0
1617789965	909480679	0	0	0
1617789965	919444181	0	0	0
1617789965	929443766	0	0	0
1617789965	939444615	0	0	0
1617789965	949451801	0	0	0
1617789965	959489851	0	0	0
1617789965	969459792	0	0	0
1617789965	979485995	0	0	0
1617789965	989450271	0	0	0
1617789965	999492620	0	0	0
1617789966	9471607	0	0	0
1617789966	19444775	0	0	0
1617789966	29490536	0	0	0
1617789966	39475480	0	0	0
1617789966	49477393	0	0	0
1617789966	59470027	0	0	0
1617789966	69492708	0	0	0
1617789966	79493063	0	0	0
1617789966	89494695	0	0	0
1617789966	99450024	0	0	0
1617789966	109463331	0	0	0
1617789966	119446611	0	0	0
1617789966	129473668	0	0	0
1617789966	139453559	0	0	0
1617789966	149453423	0	0	0
1617789966	159492708	0	0	0
1617789966	169448890	0	0	0
1617789966	179488685	0	0	0
1617789966	189462012	0	0	0
1617789966	199491621	0	0	0
1617789966	209449467	0	0	0
1617789966	219457497	0	0	0
1617789966	229532809	0	0	0
1617789966	239495049	0	0	0
1617789966	249450203	0	0	0
1617789966	259491175	0	0	0
1617789966	269459089	0	0	0
1617789966	279459218	0	0	0
1617789966	289449618	0	0	0
1617789966	299458519	0	0	0
1617789966	309453933	0	0	0
1617789966	319457206	0	0	0
1617789966	329497257	0	0	0
1617789966	339460611	0	0	0
1617789966	349505716	0	0	0
1617789966	359454593	0	0	0
1617789966	369492421	0	0	0
1617789966	379475261	0	0	0
1617789966	389455383	0	0	0
1617789966	399475090	0	0	0
1617789966	409502224	0	0	0
1617789966	419457887	0	0	0
1617789966	429450945	0	0	0
1617789966	439502398	0	0	0
1617789966	449479403	0	0	0
1617789966	459459904	0	0	0
1617789966	469496902	0	0	0
1617789966	479452065	0	0	0
1617789966	489481085	0	0	0
1617789966	499464925	0	0	0
1617789966	509462546	0	0	0
1617789966	519468390	0	0	0
1617789966	529454075	0	0	0
1617789966	539487689	0	0	0
1617789966	549479447	0	0	0
1617789966	559499440	0	0	0
1617789966	569461342	0	0	0
1617789966	579461681	0	0	0
1617789966	589451829	0	0	0
1617789966	599475261	0	0	0
1617789966	609453411	0	0	0
1617789966	619502365	0	0	0
1617789966	629457949	0	0	0
1617789966	639499245	0	0	0
1617789966	649497620	0	0	0
1617789966	659501710	0	0	0
1617789966	669461773	0	0	0
1617789966	679457845	0	0	0
1617789966	689480134	0	0	0
1617789966	699490617	0	0	0
1617789966	709454429	0	0	0
1617789966	719500724	0	0	0
1617789966	729499365	0	0	0
1617789966	739457671	0	0	0
1617789966	749501308	0	0	0
1617789966	759520440	0	0	0
1617789966	769483626	0	0	0
1617789966	779473398	0	0	0
1617789966	789473822	0	0	0
1617789966	799477724	0	0	0
1617789966	809471627	0	0	0
1617789966	819501681	0	0	0
1617789966	829499520	0	0	0
1617789966	839488241	0	0	0
1617789966	849457173	0	0	0
1617789966	859431059	0	0	0
1617789966	869437786	0	0	0
1617789966	879427140	0	0	0
1617789966	889455542	0	0	0
1617789966	899468167	0	0	0
1617789966	909523367	0	0	0
1617789966	919458934	0	0	0
1617789966	929483033	0	0	0
1617789966	939501445	0	0	0
1617789966	949498149	0	0	0
1617789966	959462883	0	0	0
1617789966	969478403	0	0	0
1617789966	979467818	0	0	0
1617789966	989502561	0	0	0
1617789966	999501340	0	0	0
1617789967	9503288	0	0	0
1617789967	19457430	0	0	0
1617789967	29502338	0	0	0
1617789967	39504057	0	0	0
1617789967	49503904	0	0	0
1617789967	59516836	0	0	0
1617789967	69472400	0	0	0
1617789967	79468185	0	0	0
1617789967	89470895	0	0	0
1617789967	99505215	0	0	0
1617789967	109496811	0	0	0
1617789967	119520764	0	0	0
1617789967	129459934	0	0	0
1617789967	139507226	0	0	0
1617789967	149503744	0	0	0
1617789967	159468084	0	0	0
1617789967	169510462	0	0	0
1617789967	179490576	0	0	0
1617789967	189462452	0	0	0
1617789967	199458979	0	0	0
1617789967	209505276	0	0	0
1617789967	219504699	0	0	0
1617789967	229509884	0	0	0
1617789967	239470848	0	0	0
1617789967	249464523	0	0	0
1617789967	259484848	0	0	0
1617789967	269492101	0	0	0
1617789967	279508612	0	0	0
1617789967	289487014	0	0	0
1617789967	299545808	0	0	0
1617789967	309509548	0	0	0
1617789967	319511847	0	0	0
1617789967	329507248	0	0	0
1617789967	339465256	0	0	0
1617789967	349463616	0	0	0
1617789967	359511627	0	0	0
1617789967	369465858	0	0	0
1617789967	379507226	0	0	0
1617789967	389507599	0	0	0
1617789967	399543255	0	0	0
1617789967	409507861	0	0	0
1617789967	419468160	0	0	0
1617789967	429468864	0	0	0
1617789967	439466361	0	0	0
1617789967	449507729	0	0	0
1617789967	459483877	0	0	0
1617789967	469510559	0	0	0
1617789967	479517813	0	0	0
1617789967	489501875	0	0	0
1617789967	499494717	0	0	0
1617789967	509496214	0	0	0
1617789967	519514833	0	0	0
1617789967	529474824	0	0	0
1617789967	539467613	0	0	0
1617789967	549509039	0	0	0
1617789967	559522450	0	0	0
1617789967	569466475	0	0	0
1617789967	579469942	0	0	0
1617789967	589508478	0	0	0
1617789967	599474788	0	0	0
1617789967	609470383	0	0	0
1617789967	619485279	0	0	0
1617789967	629512654	0	0	0
1617789967	639515915	0	0	0
1617789967	649509333	0	0	0
1617789967	659483644	0	0	0
1617789967	669470535	0	0	0
1617789967	679475275	0	0	0
1617789967	689469475	0	0	0
1617789967	699467100	0	0	0
1617789967	709509074	0	0	0
1617789967	719467805	0	0	0
1617789967	729512237	0	0	0
1617789967	739491205	0	0	0
1617789967	749469416	0	0	0
1617789967	759502287	0	0	0
1617789967	769515395	0	0	0
1617789967	779470382	0	0	0
1617789967	789476747	0	0	0
1617789967	799490842	0	0	0
1617789967	809514133	0	0	0
1617789967	819511807	0	0	0
1617789967	829468185	0	0	0
1617789967	839512265	0	0	0
1617789967	849504342	0	0	0
1617789967	859518269	0	0	0
1617789967	869472183	0	0	0
1617789967	879513936	0	0	0
1617789967	889515689	0	0	0
1617789967	899517070	0	0	0
1617789967	909469096	0	0	0
1617789967	919480001	0	0	0
1617789967	929477590	0	0	0
1617789967	939512929	0	0	0
1617789967	949484130	0	0	0
1617789967	959503336	0	0	0
1617789967	969480835	0	0	0
1617789967	979471258	0	0	0
1617789967	989514416	0	0	0
1617789967	999469680	0	0	0
1617789968	9479445	0	0	0
1617789968	19477415	0	0	0
1617789968	29485641	0	0	0
1617789968	39472079	0	0	0
1617789968	49521593	0	0	0
1617789968	59509150	0	0	0
1617789968	69472198	0	0	0
1617789968	79515621	0	0	0
1617789968	89471604	0	0	0
1617789968	99524306	0	0	0
1617789968	109518253	0	0	0
1617789968	119475580	0	0	0
1617789968	129517403	0	0	0
1617789968	139529870	0	0	0
1617789968	149480982	0	0	0
1617789968	159496410	0	0	0
1617789968	169520236	0	0	0
1617789968	179488066	0	0	0
1617789968	189497767	0	0	0
1617789968	199473365	0	0	0
1617789968	209497942	0	0	0
1617789968	219518037	0	0	0
1617789968	229475405	0	0	0
1617789968	239515975	0	0	0
1617789968	249483290	0	0	0
1617789968	259490763	0	0	0
1617789968	269522894	0	0	0
1617789968	279500220	0	0	0
1617789968	289519213	0	0	0
1617789968	299519245	0	0	0
1617789968	309537219	0	0	0
1617789968	319474622	0	0	0
1617789968	329484356	0	0	0
1617789968	339473827	0	0	0
1617789968	349502990	0	0	0
1617789968	359506196	0	0	0
1617789968	369520109	0	0	0
1617789968	379482020	0	0	0
1617789968	389475327	0	0	0
1617789968	399489615	0	0	0
1617789968	409503099	0	0	0
1617789968	419508479	0	0	0
1617789968	429479419	0	0	0
1617789968	439475932	0	0	0
1617789968	449486300	0	0	0
1617789968	459503779	0	0	0
1617789968	469521003	0	0	0
1617789968	479488455	0	0	0
1617789968	489476454	0	0	0
1617789968	499521672	0	0	0
1617789968	509485890	0	0	0
1617789968	519524590	0	0	0
1617789968	529522166	0	0	0
1617789968	539525966	0	0	0
1617789968	549502243	0	0	0
1617789968	559523520	0	0	0
1617789968	569503464	0	0	0
1617789968	579487197	0	0	0
1617789968	589526484	0	0	0
1617789968	599501546	0	0	0
1617789968	609523468	0	0	0
1617789968	619537864	0	0	0
1617789968	629520646	0	0	0
1617789968	639491452	0	0	0
1617789968	649508099	0	0	0
1617789968	659489792	0	0	0
1617789968	669522297	0	0	0
1617789968	679479112	0	0	0
1617789968	689521311	0	0	0
1617789968	699531055	0	0	0
1617789968	709479416	0	0	0
1617789968	719502901	0	0	0
1617789968	729525651	0	0	0
1617789968	739488964	0	0	0
1617789968	749527720	0	0	0
1617789968	759499426	0	0	0
1617789968	769497452	0	0	0
1617789968	779480914	0	0	0
1617789968	789495566	0	0	0
1617789968	799487502	0	0	0
1617789968	809490204	0	0	0
1617789968	819479441	0	0	0
1617789968	829488350	0	0	0
1617789968	839501190	0	0	0
1617789968	849534221	0	0	0
1617789968	859493827	0	0	0
1617789968	869532868	0	0	0
1617789968	879526985	0	0	0
1617789968	889535642	0	0	0
1617789968	899490596	0	0	0
1617789968	909485904	0	0	0
1617789968	919526449	0	0	0
1617789968	929490134	0	0	0
1617789968	939481608	0	0	0
1617789968	949503826	0	0	0
1617789968	959486737	0	0	0
1617789968	969484294	0	0	0
1617789968	979491731	0	0	0
1617789968	989528201	0	0	0
1617789968	999487340	0	0	0
1617789969	9470153	0	0	0
1617789969	19530833	0	0	0
1617789969	29527130	0	0	0
1617789969	39489447	0	0	0
1617789969	49526764	0	0	0
1617789969	59492799	0	0	0
1617789969	69494187	0	0	0
1617789969	79493870	0	0	0
1617789969	89516138	0	0	0
1617789969	99495499	0	0	0
1617789969	109492732	0	0	0
1617789969	119485287	0	0	0
1617789969	129494430	0	0	0
1617789969	139530934	0	0	0
1617789969	149491715	0	0	0
1617789969	159548169	0	0	0
1617789969	169529621	0	0	0
1617789969	179496262	0	0	0
1617789969	189511442	0	0	0
1617789969	199530196	0	0	0
1617789969	209528808	0	0	0
1617789969	219485273	0	0	0
1617789969	229530838	0	0	0
1617789969	239502256	0	0	0
1617789969	249509045	0	0	0
1617789969	259492058	0	0	0
1617789969	269496687	0	0	0
1617789969	279495007	0	0	0
1617789969	289486219	0	0	0
1617789969	299494124	0	0	0
1617789969	309513198	0	0	0
1617789969	319538382	0	0	0
1617789969	329487662	0	0	0
1617789969	339499321	0	0	0
1617789969	349502242	0	0	0
1617789969	359491208	0	0	0
1617789969	369490344	0	0	0
1617789969	379488665	0	0	0
1617789969	389494539	0	0	0
1617789969	399531827	0	0	0
1617789969	409533038	0	0	0
1617789969	419488907	0	0	0
1617789969	429496840	0	0	0
1617789969	439489676	0	0	0
1617789969	449501291	0	0	0
1617789969	459522248	0	0	0
1617789969	469495243	0	0	0
1617789969	479500545	0	0	0
1617789969	489498441	0	0	0
1617789969	499511446	0	0	0
1617789969	509490438	0	0	0
1617789969	519490257	0	0	0
1617789969	529490437	0	0	0
1617789969	539490238	0	0	0
1617789969	549495808	0	0	0
1617789969	559489163	0	0	0
1617789969	569517254	0	0	0
1617789969	579531695	0	0	0
1617789969	589491068	0	0	0
1617789969	599489193	0	0	0
1617789969	609537058	0	0	0
1617789969	619493198	0	0	0
1617789969	629536519	0	0	0
1617789969	639495166	0	0	0
1617789969	649540437	0	0	0
1617789969	659524980	0	0	0
1617789969	669541185	0	0	0
1617789969	679489925	0	0	0
1617789969	689523407	0	0	0
1617789969	699500519	0	0	0
1617789969	709538485	0	0	0
1617789969	719503337	0	0	0
1617789969	729536991	0	0	0
1617789969	739536665	0	0	0
1617789969	749516356	0	0	0
1617789969	759499183	0	0	0
1617789969	769521060	0	0	0
1617789969	779537404	0	0	0
1617789969	789537046	0	0	0
1617789969	799515922	0	0	0
1617789969	809537229	0	0	0
1617789969	819572628	0	0	0
1617789969	829506048	0	0	0
1617789969	839520712	0	0	0
1617789969	849494221	0	0	0
1617789969	859521032	0	0	0
1617789969	869506008	0	0	0
1617789969	879538011	0	0	0
1617789969	889537498	0	0	0
1617789969	899500575	0	0	0
1617789969	909536013	0	0	0
1617789969	919541639	0	0	0
1617789969	929561414	0	0	0
1617789969	939516424	0	0	0
1617789969	949500972	0	0	0
1617789969	959540820	0	0	0
1617789969	969545881	0	0	0
1617789969	979542171	0	0	0
1617789969	989507334	0	0	0
1617789969	999523410	0	0	0
1617789970	9574903	0	0	0
1617789970	19520875	0	0	0
1617789970	29549670	0	0	0
1617789970	39494567	0	0	0
1617789970	49540549	0	0	0
1617789970	59502678	0	0	0
1617789970	69527137	0	0	0
1617789970	79503778	0	0	0
1617789970	89496728	0	0	0
1617789970	99519890	0	0	0
1617789970	109507247	0	0	0
1617789970	119509382	0	0	0
1617789970	129544303	0	0	0
1617789970	139505218	0	0	0
1617789970	149505367	0	0	0
1617789970	159543611	0	0	0
1617789970	169521587	0	0	0
1617789970	179504004	0	0	0
1617789970	189496661	0	0	0
1617789970	199536483	0	0	0
1617789970	209506367	0	0	0
1617789970	219507435	0	0	0
1617789970	229507827	0	0	0
1617789970	239506616	0	0	0
1617789970	249506690	0	0	0
1617789970	259514516	0	0	0
1617789970	269512921	0	0	0
1617789970	279544458	0	0	0
1617789970	289499334	0	0	0
1617789970	299543354	0	0	0
1617789970	309506800	0	0	0
1617789970	319499788	0	0	0
1617789970	329503944	0	0	0
1617789970	339544786	0	0	0
1617789970	349500065	0	0	0
1617789970	359542031	0	0	0
1617789970	369507019	0	0	0
1617789970	379542700	0	0	0
1617789970	389499791	0	0	0
1617789970	399542324	0	0	0
1617789970	409543771	0	0	0
1617789970	419549741	0	0	0
1617789970	429501309	0	0	0
1617789970	439505794	0	0	0
1617789970	449545144	0	0	0
1617789970	459554451	0	0	0
1617789970	469511205	0	0	0
1617789970	479502024	0	0	0
1617789970	489523671	0	0	0
1617789970	499573527	0	0	0
1617789970	509502781	0	0	0
1617789970	519529053	0	0	0
1617789970	529502161	0	0	0
1617789970	539503428	0	0	0
1617789970	549547174	0	0	0
1617789970	559535294	0	0	0
1617789970	569515681	0	0	0
1617789970	579510511	0	0	0
1617789970	589510618	0	0	0
1617789970	599550164	0	0	0
1617789970	609512323	0	0	0
1617789970	619497261	0	0	0
1617789970	629527460	0	0	0
1617789970	639515708	0	0	0
1617789970	649551951	0	0	0
1617789970	659538334	0	0	0
1617789970	669521877	0	0	0
1617789970	679504085	0	0	0
1617789970	689504019	0	0	0
1617789970	699512780	0	0	0
1617789970	709548155	0	0	0
1617789970	719530466	0	0	0
1617789970	729504662	0	0	0
1617789970	739551511	0	0	0
1617789970	749512510	0	0	0
1617789970	759507006	0	0	0
1617789970	769515276	0	0	0
1617789970	779549312	0	0	0
1617789970	789547347	0	0	0
1617789970	799504346	0	0	0
1617789970	809515393	0	0	0
1617789970	819553671	0	0	0
1617789970	829518782	0	0	0
1617789970	839515787	0	0	0
1617789970	849530968	0	0	0
1617789970	859563106	0	0	0
1617789970	869509196	0	0	0
1617789970	879507541	0	0	0
1617789970	889513251	0	0	0
1617789970	899552970	0	0	0
1617789970	909552139	0	0	0
1617789970	919552404	0	0	0
1617789970	929579464	0	0	0
1617789970	939517052	0	0	0
1617789970	949510899	0	0	0
1617789970	959524524	0	0	0
1617789970	969552452	0	0	0
1617789970	979521072	0	0	0
1617789970	989546647	0	0	0
1617789970	999542864	0	0	0
1617789971	9516232	0	0	0
1617789971	19516795	0	0	0
1617789971	29552144	0	0	0
1617789971	39518390	0	0	0
1617789971	49612504	0	0	0
1617789971	59561024	0	0	0
1617789971	69535585	0	0	0
1617789971	79512356	0	0	0
1617789971	89551828	0	0	0
1617789971	99563694	0	0	0
1617789971	109532068	0	0	0
1617789971	119525654	0	0	0
1617789971	129557638	0	0	0
1617789971	139553611	0	0	0
1617789971	149508166	0	0	0
1617789971	159514404	0	0	0
1617789971	169536639	0	0	0
1617789971	179524132	0	0	0
1617789971	189555977	0	0	0
1617789971	199562363	0	0	0
1617789971	209554724	0	0	0
1617789971	219510536	0	0	0
1617789971	229510935	0	0	0
1617789971	239556010	0	0	0
1617789971	249520219	0	0	0
1617789971	259551146	0	0	0
1617789971	269559413	0	0	0
1617789971	279518548	0	0	0
1617789971	289561620	0	0	0
1617789971	299517406	0	0	0
1617789971	309553038	0	0	0
1617789971	319561756	0	0	0
1617789971	329560444	0	0	0
1617789971	339511254	0	0	0
1617789971	349521017	0	0	0
1617789971	359521040	0	0	0
1617789971	369512498	0	0	0
1617789971	379545842	0	0	0
1617789971	389513817	0	0	0
1617789971	399561758	0	0	0
1617789971	409523016	0	0	0
1617789971	419525298	0	0	0
1617789971	429517056	0	0	0
1617789971	439523191	0	0	0
1617789971	449562930	0	0	0
1617789971	459523249	0	0	0
1617789971	469526209	0	0	0
1617789971	479556753	0	0	0
1617789971	489522832	0	0	0
1617789971	499538530	0	0	0
1617789971	509512494	0	0	0
1617789971	519539177	0	0	0
1617789971	529522431	0	0	0
1617789971	539559055	0	0	0
1617789971	549523365	0	0	0
1617789971	559545369	0	0	0
1617789971	569516565	0	0	0
1617789971	579526588	0	0	0
1617789971	589570109	0	0	0
1617789971	599566819	0	0	0
1617789971	609523097	0	0	0
1617789971	619568646	0	0	0
1617789971	629560954	0	0	0
1617789971	639521303	0	0	0
1617789971	649552818	0	0	0
1617789971	659548226	0	0	0
1617789971	669524466	0	0	0
1617789971	679517195	0	0	0
1617789971	689525008	0	0	0
1617789971	699516638	0	0	0
1617789971	709515749	0	0	0
1617789971	719516131	0	0	0
1617789971	729563986	0	0	0
1617789971	739550731	0	0	0
1617789971	749539023	0	0	0
1617789971	759526487	0	0	0
1617789971	769522547	0	0	0
1617789971	779560972	0	0	0
1617789971	789523991	0	0	0
1617789971	799561493	0	0	0
1617789971	809565647	0	0	0
1617789971	819544767	0	0	0
1617789971	829597936	0	0	0
1617789971	839565203	0	0	0
1617789971	849545899	0	0	0
1617789971	859528243	0	0	0
1617789971	869479846	0	0	0
1617789971	879564578	0	0	0
1617789971	889563035	0	0	0
1617789971	899565628	0	0	0
1617789971	909518914	0	0	0
1617789971	919575233	0	0	0
1617789971	929521313	0	0	0
1617789971	939564863	0	0	0
1617789971	949548101	0	0	0
1617789971	959536294	0	0	0
1617789971	969574634	0	0	0
1617789971	979565778	0	0	0
1617789971	989541901	0	0	0
1617789971	999565408	0	0	0
1617789972	9548666	0	0	0
1617789972	19568727	0	0	0
1617789972	29529443	0	0	0
1617789972	39546501	0	0	0
1617789972	49522856	0	0	0
1617789972	59545869	0	0	0
1617789972	69524813	0	0	0
1617789972	79547166	0	0	0
1617789972	89524270	0	0	0
1617789972	99554549	0	0	0
1617789972	109530257	0	0	0
1617789972	119528750	0	0	0
1617789972	129598547	0	0	0
1617789972	139521273	0	0	0
1617789972	149612050	0	0	0
1617789972	159544531	0	0	0
1617789972	169570628	0	0	0
1617789972	179527347	0	0	0
1617789972	189568051	0	0	0
1617789972	199551509	0	0	0
1617789972	209568850	0	0	0
1617789972	219523812	0	0	0
1617789972	229564299	0	0	0
1617789972	239548020	0	0	0
1617789972	249529646	0	0	0
1617789972	259553691	0	0	0
1617789972	269571599	0	0	0
1617789972	279530174	0	0	0
1617789972	289528240	0	0	0
1617789972	299571746	0	0	0
1617789972	309532063	0	0	0
1617789972	319569726	0	0	0
1617789972	329547627	0	0	0
1617789972	339525083	0	0	0
1617789972	349537901	0	0	0
1617789972	359543990	0	0	0
1617789972	369525206	0	0	0
1617789972	379532417	0	0	0
1617789972	389569605	0	0	0
1617789972	399570735	0	0	0
1617789972	409567905	0	0	0
1617789972	419562927	0	0	0
1617789972	429570347	0	0	0
1617789972	439549759	0	0	0
1617789972	449538341	0	0	0
1617789972	459532255	0	0	0
1617789972	469575093	0	0	0
1617789972	479572949	0	0	0
1617789972	489525128	0	0	0
1617789972	499552209	0	0	0
1617789972	509527595	0	0	0
1617789972	519579951	0	0	0
1617789972	529575408	0	0	0
1617789972	539577770	0	0	0
1617789972	549551222	0	0	0
1617789972	559551659	0	0	0
1617789972	569518457	0	0	0
1617789972	579532134	0	0	0
1617789972	589526892	0	0	0
1617789972	599573080	0	0	0
1617789972	609536581	0	0	0
1617789972	619577896	0	0	0
1617789972	629528142	0	0	0
1617789972	639545010	0	0	0
1617789972	649581535	0	0	0
1617789972	659562966	0	0	0
1617789972	669539195	0	0	0
1617789972	679530257	0	0	0
1617789972	689538157	0	0	0
1617789972	699554198	0	0	0
1617789972	709590923	0	0	0
1617789972	719535646	0	0	0
1617789972	729559381	0	0	0
1617789972	739557520	0	0	0
1617789972	749578642	0	0	0
1617789972	759582060	0	0	0
1617789972	769534823	0	0	0
1617789972	779540385	0	0	0
1617789972	789555870	0	0	0
1617789972	799532821	0	0	0
1617789972	809574937	0	0	0
1617789972	819577378	0	0	0
1617789972	829539414	0	0	0
1617789972	839535608	0	0	0
1617789972	849577071	0	0	0
1617789972	859540933	0	0	0
1617789972	869577249	0	0	0
1617789972	879540145	0	0	0
1617789972	889538748	0	0	0
1617789972	899555477	0	0	0
1617789972	909539675	0	0	0
1617789972	919577404	0	0	0
1617789972	929529928	0	0	0
1617789972	939578319	0	0	0
1617789972	949555895	0	0	0
1617789972	959560880	0	0	0
1617789972	969540415	0	0	0
1617789972	979579323	0	0	0
1617789972	989554893	0	0	0
1617789972	999555692	0	0	0
1617789973	9577643	0	0	0
1617789973	19535918	0	0	0
1617789973	29556307	0	0	0
1617789973	39561440	0	0	0
1617789973	49543079	0	0	0
1617789973	59538948	0	0	0
1617789973	69558597	0	0	0
1617789973	79547965	0	0	0
1617789973	89550962	0	0	0
1617789973	99533165	0	0	0
1617789973	109579031	0	0	0
1617789973	119543676	0	0	0
1617789973	129542869	0	0	0
1617789973	139584812	0	0	0
1617789973	149542789	0	0	0
1617789973	159560270	0	0	0
1617789973	169543105	0	0	0
1617789973	179536824	0	0	0
1617789973	189571591	0	0	0
1617789973	199590843	0	0	0
1617789973	209536299	0	0	0
1617789973	219544298	0	0	0
1617789973	229537911	0	0	0
1617789973	239537031	0	0	0
1617789973	249558500	0	0	0
1617789973	259544717	0	0	0
1617789973	269574529	0	0	0
1617789973	279544142	0	0	0
1617789973	289536310	0	0	0
1617789973	299584036	0	0	0
1617789973	309544630	0	0	0
1617789973	319548579	0	0	0
1617789973	329537102	0	0	0
1617789973	339585635	0	0	0
1617789973	349538999	0	0	0
1617789973	359544958	0	0	0
1617789973	369547318	0	0	0
1617789973	379565927	0	0	0
1617789973	389562554	0	0	0
1617789973	399545301	0	0	0
1617789973	409568141	0	0	0
1617789973	419547407	0	0	0
1617789973	429539819	0	0	0
1617789973	439547189	0	0	0
1617789973	449565226	0	0	0
1617789973	459538091	0	0	0
1617789973	469548305	0	0	0
1617789973	479545511	0	0	0
1617789973	489585620	0	0	0
1617789973	499589292	0	0	0
1617789973	509563916	0	0	0
1617789973	519587219	0	0	0
1617789973	529554071	0	0	0
1617789973	539544773	0	0	0
1617789973	549584291	0	0	0
1617789973	559539746	0	0	0
1617789973	569598598	0	0	0
1617789973	579543103	0	0	0
1617789973	589544626	0	0	0
1617789973	599585270	0	0	0
1617789973	609549201	0	0	0
1617789973	619596076	0	0	0
1617789973	629550908	0	0	0
1617789973	639584788	0	0	0
1617789973	649552391	0	0	0
1617789973	659539232	0	0	0
1617789973	669547608	0	0	0
1617789973	679573361	0	0	0
1617789973	689567225	0	0	0
1617789973	699586310	0	0	0
1617789973	709600567	0	0	0
1617789973	719593265	0	0	0
1617789973	729549529	0	0	0
1617789973	739586800	0	0	0
1617789973	749553622	0	0	0
1617789973	759550095	0	0	0
1617789973	769559172	0	0	0
1617789973	779596106	0	0	0
1617789973	789543324	0	0	0
1617789973	799550378	0	0	0
1617789973	809550055	0	0	0
1617789973	819559851	0	0	0
1617789973	829570905	0	0	0
1617789973	839541617	0	0	0
1617789973	849546059	0	0	0
1617789973	859563583	0	0	0
1617789973	869592012	0	0	0
1617789973	879544135	0	0	0
1617789973	889543287	0	0	0
1617789973	899568200	0	0	0
1617789973	909554526	0	0	0
1617789973	919590111	0	0	0
1617789973	929588332	0	0	0
1617789973	939587013	0	0	0
1617789973	949586872	0	0	0
1617789973	959548023	0	0	0
1617789973	969580286	0	0	0
1617789973	979568684	0	0	0
1617789973	989554426	0	0	0
1617789973	999568709	0	0	0
1617789974	9544382	0	0	0
1617789974	19549673	0	0	0
1617789974	29569806	0	0	0
1617789974	39571967	0	0	0
1617789974	49553761	0	0	0
1617789974	59592683	0	0	0
1617789974	69590067	0	0	0
1617789974	79552708	0	0	0
1617789974	89548030	0	0	0
1617789974	99630100	0	0	0
1617789974	109591856	0	0	0
1617789974	119579098	0	0	0
1617789974	129556036	0	0	0
1617789974	139572604	0	0	0
1617789974	149570357	0	0	0
1617789974	159593346	0	0	0
1617789974	169588876	0	0	0
1617789974	179591520	0	0	0
1617789974	189545582	0	0	0
1617789974	199559009	0	0	0
1617789974	209555018	0	0	0
1617789974	219560251	0	0	0
1617789974	229548259	0	0	0
1617789974	239599329	0	0	0
1617789974	249596612	0	0	0
1617789974	259558734	0	0	0
1617789974	269595910	0	0	0
1617789974	279596892	0	0	0
1617789974	289591604	0	0	0
1617789974	299550733	0	0	0
1617789974	309592822	0	0	0
1617789974	319594308	0	0	0
1617789974	329557207	0	0	0
1617789974	339593762	0	0	0
1617789974	349564324	0	0	0
1617789974	359562288	0	0	0
1617789974	369597237	0	0	0
1617789974	379568596	0	0	0
1617789974	389554775	0	0	0
1617789974	399554972	0	0	0
1617789974	409558539	0	0	0
1617789974	419548534	0	0	0
1617789974	429593556	0	0	0
1617789974	439592952	0	0	0
1617789974	449594532	0	0	0
1617789974	459561955	0	0	0
1617789974	469598589	0	0	0
1617789974	479599155	0	0	0
1617789974	489552924	0	0	0
1617789974	499559044	0	0	0
1617789974	509550741	0	0	0
1617789974	519580071	0	0	0
1617789974	529583242	0	0	0
1617789974	539549502	0	0	0
1617789974	549562243	0	0	0
1617789974	559558933	0	0	0
1617789974	569553261	0	0	0
1617789974	579558458	0	0	0
1617789974	589559995	0	0	0
1617789974	599607534	0	0	0
1617789974	609559684	0	0	0
1617789974	619542453	0	0	0
1617789974	629552719	0	0	0
1617789974	639576583	0	0	0
1617789974	649596540	0	0	0
1617789974	659569978	0	0	0
1617789974	669550265	0	0	0
1617789974	679564766	0	0	0
1617789974	689558266	0	0	0
1617789974	699557202	0	0	0
1617789974	709597813	0	0	0
1617789974	719577695	0	0	0
1617789974	729555451	0	0	0
1617789974	739564167	0	0	0
1617789974	749562661	0	0	0
1617789974	759566957	0	0	0
1617789974	769564083	0	0	0
1617789974	779579822	0	0	0
1617789974	789559343	0	0	0
1617789974	799607539	0	0	0
1617789974	809558953	0	0	0
1617789974	819563231	0	0	0
1617789974	829556782	0	0	0
1617789974	839579798	0	0	0
1617789974	849566783	0	0	0
1617789974	859578139	0	0	0
1617789974	869600123	0	0	0
1617789974	879568307	0	0	0
1617789974	889558794	0	0	0
1617789974	899561347	0	0	0
1617789974	909601925	0	0	0
1617789974	919565413	0	0	0
1617789974	929647273	0	0	0
1617789974	939602651	0	0	0
1617789974	949579888	0	0	0
1617789974	959576581	0	0	0
1617789974	969562960	0	0	0
1617789974	979578879	0	0	0
1617789974	989585623	0	0	0
1617789974	999603783	0	0	0
1617789975	9565113	0	0	0
1617789975	19567593	0	0	0
1617789975	29560248	0	0	0
1617789975	39604495	0	0	0
1617789975	49570536	0	0	0
1617789975	59560253	0	0	0
1617789975	69569283	0	0	0
1617789975	79601504	0	0	0
1617789975	89562582	0	0	0
1617789975	99611892	0	0	0
1617789975	109585833	0	0	0
1617789975	119566472	0	0	0
1617789975	129586406	0	0	0
1617789975	139567782	0	0	0
1617789975	149594416	0	0	0
1617789975	159600904	0	0	0
1617789975	169594805	0	0	0
1617789975	179561811	0	0	0
1617789975	189533521	0	0	0
1617789975	199530303	0	0	0
1617789975	209515904	0	0	0
1617789975	219538440	0	0	0
1617789975	229507719	0	0	0
1617789975	239508057	0	0	0
1617789975	249546551	0	0	0
1617789975	259540533	0	0	0
1617789975	269506184	0	0	0
1617789975	279509383	0	0	0
1617789975	289505631	0	0	0
1617789975	299557203	0	0	0
1617789975	309510891	0	0	0
1617789975	319533289	0	0	0
1617789975	329566587	0	0	0
1617789975	339507666	0	0	0
1617789975	349547895	0	0	0
1617789975	359481006	0	0	0
1617789975	369509274	0	0	0
1617789975	379507265	0	0	0
1617789975	389541838	0	0	0
1617789975	399539618	0	0	0
1617789975	409537379	0	0	0
1617789975	419541033	0	0	0
1617789975	429539686	0	0	0
1617789975	439524989	0	0	0
1617789975	449513373	0	0	0
1617789975	459545823	0	0	0
1617789975	469476828	0	0	0
1617789975	479577540	0	0	0
1617789975	489507986	0	0	0
1617789975	499540681	0	0	0
1617789975	509543587	0	0	0
1617789975	519573485	0	0	0
1617789975	529592411	0	0	0
1617789975	539541987	0	0	0
1617789975	549513289	0	0	0
1617789975	559513733	0	0	0
1617789975	569510541	0	0	0
1617789975	579513655	0	0	0
1617789975	589574470	0	0	0
1617789975	599540592	0	0	0
1617789975	609552820	0	0	0
1617789975	619511275	0	0	0
1617789975	629542748	0	0	0
1617789975	639514143	0	0	0
1617789975	649515004	0	0	0
1617789975	659560654	0	0	0
1617789975	669583871	0	0	0
1617789975	679543117	0	0	0
1617789975	689512251	0	0	0
1617789975	699511526	0	0	0
1617789975	709533736	0	0	0
1617789975	719561316	0	0	0
1617789975	729512370	0	0	0
1617789975	739513821	0	0	0
1617789975	749521005	0	0	0
1617789975	759517603	0	0	0
1617789975	769527638	0	0	0
1617789975	779553520	0	0	0
1617789975	789492885	0	0	0
1617789975	799494124	0	0	0
1617789975	809529362	0	0	0
1617789975	819511724	0	0	0
1617789975	829518182	0	0	0
1617789975	839542286	0	0	0
1617789975	849560010	0	0	0
1617789975	859559705	0	0	0
1617789975	869532897	0	0	0
1617789975	879565648	0	0	0
1617789975	889542668	0	0	0
1617789975	899549813	0	0	0
1617789975	909512895	0	0	0
1617789975	919517277	0	0	0
1617789975	929515913	0	0	0
1617789975	939517643	0	0	0
1617789975	949551357	0	0	0
1617789975	959555675	0	0	0
1617789975	969519030	0	0	0
1617789975	979519047	0	0	0
1617789975	989518430	0	0	0
1617789975	999517832	0	0	0
1617789976	9547904	0	0	0
1617789976	19520534	0	0	0
1617789976	29534454	0	0	0
1617789976	39577502	0	0	0
1617789976	49518185	0	0	0
1617789976	59521527	0	0	0
1617789976	69519904	0	0	0
1617789976	79518790	0	0	0
1617789976	89518229	0	0	0
1617789976	99518917	0	0	0
1617789976	109515573	0	0	0
1617789976	119550793	0	0	0
1617789976	129519839	0	0	0
1617789976	139520213	0	0	0
1617789976	149552443	0	0	0
1617789976	159569713	0	0	0
1617789976	169519718	0	0	0
1617789976	179516217	0	0	0
1617789976	189516257	0	0	0
1617789976	199517617	0	0	0
1617789976	209520911	0	0	0
1617789976	219521588	0	0	0
1617789976	229521728	0	0	0
1617789976	239527738	0	0	0
1617789976	249525003	0	0	0
1617789976	259522190	0	0	0
1617789976	269521806	0	0	0
1617789976	279519621	0	0	0
1617789976	289519559	0	0	0
1617789976	299522864	0	0	0
1617789976	309546713	0	0	0
1617789976	319519075	0	0	0
1617789976	329548643	0	0	0
1617789976	339531547	0	0	0
1617789976	349525907	0	0	0
1617789976	359579407	0	0	0
1617789976	369519302	0	0	0
1617789976	379581577	0	0	0
1617789976	389550421	0	0	0
1617789976	399519036	0	0	0
1617789976	409519262	0	0	0
1617789976	419522312	0	0	0
1617789976	429489139	0	0	0
1617789976	439541558	0	0	0
1617789976	449541578	0	0	0
1617789976	459528568	0	0	0
1617789976	469544154	0	0	0
1617789976	479550218	0	0	0
1617789976	489523713	0	0	0
1617789976	499523898	0	0	0
1617789976	509523418	0	0	0
1617789976	519520554	0	0	0
1617789976	529555953	0	0	0
1617789976	539575898	0	0	0
1617789976	549548114	0	0	0
1617789976	559527283	0	0	0
1617789976	569505338	0	0	0
1617789976	579536424	0	0	0
1617789976	589521473	0	0	0
1617789976	599551846	0	0	0
1617789976	609620590	0	0	0
1617789976	619525320	0	0	0
1617789976	629667678	0	0	0
1617789976	639569943	0	0	0
1617789976	649535905	0	0	0
1617789976	659624890	0	0	0
1617789976	669552798	0	0	0
1617789976	679631688	0	0	0
1617789976	689626364	0	0	0
1617789976	699641618	0	0	0
1617789976	709621358	0	0	0
1617789976	719586891	0	0	0
1617789976	729603503	0	0	0
1617789976	739580759	0	0	0
1617789976	749625436	0	0	0
1617789976	759582365	0	0	0
1617789976	769591090	0	0	0
1617789976	779607764	0	0	0
1617789976	789606619	0	0	0
1617789976	799608045	0	0	0
1617789976	809612040	0	0	0
1617789976	819564124	0	0	0
1617789976	829567749	0	0	0
1617789976	839599398	0	0	0
1617789976	849588071	0	0	0
1617789976	859600158	0	0	0
1617789976	869606518	0	0	0
1617789976	879602321	0	0	0
1617789976	889616518	0	0	0
1617789976	899624876	0	0	0
1617789976	909613982	0	0	0
1617789976	919583254	0	0	0
1617789976	929588380	0	0	0
1617789976	939603336	0	0	0
1617789976	949608997	0	0	0
1617789976	959589669	0	0	0
1617789976	969618180	0	0	0
1617789976	979597175	0	0	0
1617789976	989590759	0	0	0
1617789976	999625713	0	0	0
1617789977	9626688	0	0	0
1617789977	19630993	0	0	0
1617789977	29592476	0	0	0
1617789977	39590445	0	0	0
1617789977	49582006	0	0	0
1617789977	59665844	0	0	0
1617789977	69591114	0	0	0
1617789977	79612707	0	0	0
1617789977	89630097	0	0	0
