time_sec	time_nanosec	joint_velocity_0	joint_velocity_1	joint_velocity_2	joint_velocity_3
1617789940	89443714	0	0	0
1617789940	99365645	0	0	0
1617789940	109351040	0	0	0
1617789940	119325617	0	0	0
1617789940	129279475	0	0	0
1617789940	139416906	0	0	0
1617789940	149293038	0	0	0
1617789940	159348820	0	0	0
1617789940	169380568	0	0	0
1617789940	179538687	0	0	0
1617789940	189522562	0	0	0
1617789940	199410220	0	0	0
1617789940	209590197	0	0	0
1617789940	219567679	0	0	0
1617789940	229493823	0	0	0
1617789940	239554275	0	0	0
1617789940	249508811	0	0	0
1617789940	259524888	0	0	0
1617789940	269664871	0	0	0
1617789940	279517027	0	0	0
1617789940	289455243	0	0	0
1617789940	299580178	0	0	0
1617789940	309514660	0	0	0
1617789940	319470230	0	0	0
1617789940	329547465	0	0	0
1617789940	339452964	0	0	0
1617789940	349464665	0	0	0
1617789940	359604050	0	0	0
1617789940	369568955	0	0	0
1617789940	379605075	0	0	0
1617789940	389482604	0	0	0
1617789940	399510841	0	0	0
1617789940	409521615	0	0	0
1617789940	419421727	0	0	0
1617789940	429565448	0	0	0
1617789940	439548447	0	0	0
1617789940	449515666	0	0	0
1617789940	459528053	0	0	0
1617789940	469606925	0	0	0
1617789940	479504290	0	0	0
1617789940	489636883	0	0	0
1617789940	499578728	0	0	0
1617789940	509479646	0	0	0
1617789940	519622016	0	0	0
1617789940	529499083	0	0	0
1617789940	539553497	0	0	0
1617789940	549610180	0	0	0
1617789940	559646940	0	0	0
1617789940	569713808	0	0	0
1617789940	579666221	0	0	0
1617789940	589563766	0	0	0
1617789940	599385824	0	0	0
1617789940	609415629	0	0	0
1617789940	619268040	0	0	0
1617789940	629222093	0	0	0
1617789940	639262343	0	0	0
1617789940	649206623	0	0	0
1617789940	659206339	0	0	0
1617789940	669225526	0	0	0
1617789940	679220893	0	0	0
1617789940	689224853	0	0	0
1617789940	699243997	0	0	0
1617789940	709175140	0	0	0
1617789940	719216717	0	0	0
1617789940	729337110	0	0	0
1617789940	739278370	0	0	0
1617789940	749294600	0	0	0
1617789940	759266045	0	0	0
1617789940	769238371	0	0	0
1617789940	779249237	0	0	0
1617789940	789232047	0	0	0
1617789940	799265684	0	0	0
1617789940	809357272	0	0	0
1617789940	819220583	0	0	0
1617789940	829311181	0	0	0
1617789940	839269493	0	0	0
1617789940	849286967	0	0	0
1617789940	859300683	0	0	0
1617789940	869293709	0	0	0
1617789940	879221800	0	0	0
1617789940	889231738	0	0	0
1617789940	899338888	0	0	0
1617789940	909275192	0	0	0
1617789940	919295173	0	0	0
1617789940	929278496	0	0	0
1617789940	939196361	0	0	0
1617789940	949294966	0	0	0
1617789940	959244285	0	0	0
1617789940	969259624	0	0	0
1617789940	979196723	0	0	0
1617789940	989232785	0	0	0
1617789940	999219887	0	0	0
1617789941	9266704	0	0	0
1617789941	19324486	0	0	0
1617789941	29367071	0	0	0
1617789941	39231978	0	0	0
1617789941	49285317	0	0	0
1617789941	59337440	0	0	0
1617789941	69243707	0	0	0
1617789941	79296701	0	0	0
1617789941	89243663	0	0	0
1617789941	99259280	0	0	0
1617789941	109296566	0	0	0
1617789941	119251469	0	0	0
1617789941	129214116	0	0	0
1617789941	139277712	0	0	0
1617789941	149297024	0	0	0
1617789941	159227095	0	0	0
1617789941	169487046	0	0	0
1617789941	179515675	0	0	0
1617789941	189623891	0	0	0
1617789941	199572031	0	0	0
1617789941	209503823	0	0	0
1617789941	219514951	0	0	0
1617789941	229635416	0	0	0
1617789941	239470461	0	0	0
1617789941	249464771	0	0	0
1617789941	259564717	0	0	0
1617789941	269589714	0	0	0
1617789941	279593120	0	0	0
1617789941	289552027	0	0	0
1617789941	299625804	0	0	0
1617789941	309573272	0	0	0
1617789941	319647151	0	0	0
1617789941	329528692	0	0	0
1617789941	339517711	0	0	0
1617789941	349679916	0	0	0
1617789941	359487229	0	0	0
1617789941	369576103	0	0	0
1617789941	379521142	0	0	0
1617789941	389487143	0	0	0
1617789941	399587295	0	0	0
1617789941	409507081	0	0	0
1617789941	419548965	0	0	0
1617789941	429544066	0	0	0
1617789941	439595458	0	0	0
1617789941	449611088	0	0	0
1617789941	459523901	0	0	0
1617789941	469638379	0	0	0
1617789941	479659686	0	0	0
1617789941	489639734	0	0	0
1617789941	499684212	0	0	0
1617789941	509567051	0	0	0
1617789941	519544479	0	0	0
1617789941	529554475	0	0	0
1617789941	539533206	0	0	0
1617789941	549559243	0	0	0
1617789941	559719161	0	0	0
1617789941	569501921	0	0	0
1617789941	579617146	0	0	0
1617789941	589581069	0	0	0
1617789941	599510552	0	0	0
1617789941	609575322	0	0	0
1617789941	619675288	0	0	0
1617789941	629435292	0	0	0
1617789941	639521842	0	0	0
1617789941	649529888	0	0	0
1617789941	659685571	0	0	0
1617789941	669359692	0	0	0
1617789941	679296962	0	0	0
1617789941	689263705	0	0	0
1617789941	699361938	0	0	0
1617789941	709232602	0	0	0
1617789941	719296146	0	0	0
1617789941	729312920	0	0	0
1617789941	739293269	0	0	0
1617789941	749187739	0	0	0
1617789941	759372890	0	0	0
1617789941	769471552	0	0	0
1617789941	779685636	0	0	0
1617789941	789624623	0	0	0
1617789941	799507300	0	0	0
1617789941	809559703	0	0	0
1617789941	819605863	0	0	0
1617789941	829685565	0	0	0
1617789941	839620263	0	0	0
1617789941	849666214	0	0	0
1617789941	859576343	0	0	0
1617789941	869667735	0	0	0
1617789941	879559316	0	0	0
1617789941	889599097	0	0	0
1617789941	899512541	0	0	0
1617789941	909681545	0	0	0
1617789941	919689867	0	0	0
1617789941	929690834	0	0	0
1617789941	939676414	0	0	0
1617789941	949670687	0	0	0
1617789941	959730980	0	0	0
1617789941	969681777	0	0	0
1617789941	979594352	0	0	0
1617789941	989661735	0	0	0
1617789941	999683969	0	0	0
1617789942	9623167	0	0	0
1617789942	19593363	0	0	0
1617789942	29572407	0	0	0
1617789942	39562666	0	0	0
1617789942	49614163	0	0	0
1617789942	59724788	0	0	0
1617789942	69562437	0	0	0
1617789942	79563955	0	0	0
1617789942	89538928	0	0	0
1617789942	99620489	0	0	0
1617789942	109671710	0	0	0
1617789942	119488798	0	0	0
1617789942	129561143	0	0	0
1617789942	139697984	0	0	0
1617789942	149548747	0	0	0
1617789942	159538384	0	0	0
1617789942	169581598	0	0	0
1617789942	179660133	0	0	0
1617789942	189609961	0	0	0
1617789942	199693282	0	0	0
1617789942	209588330	0	0	0
1617789942	219579023	0	0	0
1617789942	229733143	0	0	0
1617789942	239529930	0	0	0
1617789942	249694940	0	0	0
1617789942	259640386	0	0	0
1617789942	269664717	0	0	0
1617789942	279645601	0	0	0
1617789942	289647366	0	0	0
1617789942	299570498	0	0	0
1617789942	309627937	0	0	0
1617789942	319601178	0	0	0
1617789942	329562492	0	0	0
1617789942	339724869	0	0	0
1617789942	349654239	0	0	0
1617789942	359584288	0	0	0
1617789942	369699295	0	0	0
1617789942	379613987	0	0	0
1617789942	389654269	0	0	0
1617789942	399463733	0	0	0
1617789942	409634495	0	0	0
1617789942	419555435	0	0	0
1617789942	429562249	0	0	0
1617789942	439675101	0	0	0
1617789942	449661255	0	0	0
1617789942	459688097	0	0	0
1617789942	469606188	0	0	0
1617789942	479676365	0	0	0
1617789942	489729138	0	0	0
1617789942	499595606	0	0	0
1617789942	509563663	0	0	0
1617789942	519601563	0	0	0
1617789942	529618045	0	0	0
1617789942	539664011	0	0	0
1617789942	549683883	0	0	0
1617789942	559775223	0	0	0
1617789942	569698198	0	0	0
1617789942	579499285	0	0	0
1617789942	589631439	0	0	0
1617789942	599536690	0	0	0
1617789942	609583535	0	0	0
1617789942	619633456	0	0	0
1617789942	629547200	0	0	0
1617789942	639632007	0	0	0
1617789942	649721875	0	0	0
1617789942	659616014	0	0	0
1617789942	669511380	0	0	0
1617789942	679350435	0	0	0
1617789942	689418674	0	0	0
1617789942	699396619	0	0	0
1617789942	709385717	0	0	0
1617789942	719375411	0	0	0
1617789942	729324212	0	0	0
1617789942	739256360	0	0	0
1617789942	749309822	0	0	0
1617789942	759348629	0	0	0
1617789942	769240624	0	0	0
1617789942	779669733	0	0	0
1617789942	789635695	0	0	0
1617789942	799698513	0	0	0
1617789942	809585152	0	0	0
1617789942	819661096	0	0	0
1617789942	829549605	0	0	0
1617789942	839539653	0	0	0
1617789942	849700265	0	0	0
1617789942	859545826	0	0	0
1617789942	869523814	0	0	0
1617789942	879466165	0	0	0
1617789942	889552269	0	0	0
1617789942	899488703	0	0	0
1617789942	909513051	0	0	0
1617789942	919436887	0	0	0
1617789942	929663311	0	0	0
1617789942	939593294	0	0	0
1617789942	949609994	0	0	0
1617789942	959620536	0	0	0
1617789942	969648044	0	0	0
1617789942	979572146	0	0	0
1617789942	989564764	0	0	0
1617789942	999509593	0	0	0
1617789943	9644234	0	0	0
1617789943	19649915	0	0	0
1617789943	29643781	0	0	0
1617789943	39570665	0	0	0
1617789943	49657979	0	0	0
1617789943	59678161	0	0	0
1617789943	69680166	0	0	0
1617789943	79550273	0	0	0
1617789943	89539874	0	0	0
1617789943	99465548	0	0	0
1617789943	109625283	0	0	0
1617789943	119576821	0	0	0
1617789943	129554136	0	0	0
1617789943	139532023	0	0	0
1617789943	149641752	0	0	0
1617789943	159592771	0	0	0
1617789943	169665850	0	0	0
1617789943	179662477	0	0	0
1617789943	189557712	0	0	0
1617789943	199497136	0	0	0
1617789943	209646506	0	0	0
1617789943	219647375	0	0	0
1617789943	229659707	0	0	0
1617789943	239540978	0	0	0
1617789943	249735243	0	0	0
1617789943	259669696	0	0	0
1617789943	269490541	0	0	0
1617789943	279590750	0	0	0
1617789943	289604444	0	0	0
1617789943	299546910	0	0	0
1617789943	309551290	0	0	0
1617789943	319614552	0	0	0
1617789943	329585757	0	0	0
1617789943	339605097	0	0	0
1617789943	349546583	0	0	0
1617789943	359691248	0	0	0
1617789943	369471391	0	0	0
1617789943	379540545	0	0	0
1617789943	389729357	0	0	0
1617789943	399520339	0	0	0
1617789943	409655857	0	0	0
1617789943	419633164	0	0	0
1617789943	429614855	0	0	0
1617789943	439537820	0	0	0
1617789943	449682195	0	0	0
1617789943	459568344	0	0	0
1617789943	469420071	0	0	0
1617789943	479540503	0	0	0
1617789943	489533571	0	0	0
1617789943	499671346	0	0	0
1617789943	509649557	0	0	0
1617789943	519653746	0	0	0
1617789943	529631269	0	0	0
1617789943	539597013	0	0	0
1617789943	549553521	0	0	0
1617789943	559616979	0	0	0
1617789943	569625482	0	0	0
1617789943	579704571	0	0	0
1617789943	589682972	0	0	0
1617789943	599587446	0	0	0
1617789943	609497791	0	0	0
1617789943	619587213	0	0	0
1617789943	629628454	0	0	0
1617789943	639580853	0	0	0
1617789943	649611914	0	0	0
1617789943	659729992	0	0	0
1617789943	669485942	0	0	0
1617789943	679652478	0	0	0
1617789943	689542699	0	0	0
1617789943	699540284	0	0	0
1617789943	709673390	0	0	0
1617789943	719537007	0	0	0
1617789943	729650171	0	0	0
1617789943	739671433	0	0	0
1617789943	749593607	0	0	0
1617789943	759610493	0	0	0
1617789943	769688329	0	0	0
1617789943	779669176	0	0	0
1617789943	789561406	0	0	0
1617789943	799531044	0	0	0
1617789943	809547352	0	0	0
1617789943	819596435	0	0	0
1617789943	829483496	0	0	0
1617789943	839590613	0	0	0
1617789943	849611550	0	0	0
1617789943	859618749	0	0	0
1617789943	869647260	0	0	0
1617789943	879668374	0	0	0
1617789943	890079714	0	0	0
1617789943	899677340	0	0	0
1617789943	909718772	0	0	0
1617789943	919512233	0	0	0
1617789943	929610293	0	0	0
1617789943	939655746	0	0	0
1617789943	949544143	0	0	0
1617789943	959568195	0	0	0
1617789943	969782966	0	0	0
1617789943	979494194	0	0	0
1617789943	989575056	0	0	0
1617789943	999516064	0	0	0
1617789944	9522430	0	0	0
1617789944	19536862	0	0	0
1617789944	29520890	0	0	0
1617789944	39526282	0	0	0
1617789944	49712880	0	0	0
1617789944	59710125	0	0	0
1617789944	69570353	0	0	0
1617789944	79651381	0	0	0
1617789944	89577776	0	0	0
1617789944	99617651	0	0	0
1617789944	109603460	0	0	0
1617789944	119572572	0	0	0
1617789944	129539281	0	0	0
1617789944	139462067	0	0	0
1617789944	149574788	0	0	0
1617789944	159460802	0	0	0
1617789944	169548281	0	0	0
1617789944	179485175	0	0	0
1617789944	189699672	0	0	0
1617789944	199504036	0	0	0
1617789944	209532989	0	0	0
1617789944	219598026	0	0	0
1617789944	229541626	0	0	0
1617789944	239583513	0	0	0
1617789944	249502860	0	0	0
1617789944	259529086	0	0	0
1617789944	269530268	0	0	0
1617789944	279616789	0	0	0
1617789944	289651363	0	0	0
1617789944	299638328	0	0	0
1617789944	309648946	0	0	0
1617789944	319616196	0	0	0
1617789944	329678909	0	0	0
1617789944	339521133	0	0	0
1617789944	349516843	0	0	0
1617789944	359615792	0	0	0
1617789944	369583585	0	0	0
1617789944	379504196	0	0	0
1617789944	389490375	0	0	0
1617789944	399711191	0	0	0
1617789944	409515664	0	0	0
1617789944	419625551	0	0	0
1617789944	429529460	0	0	0
1617789944	439637208	0	0	0
1617789944	449624520	0	0	0
1617789944	459711722	0	0	0
1617789944	469503194	0	0	0
1617789944	479522177	0	0	0
1617789944	489622879	0	0	0
1617789944	499634633	0	0	0
1617789944	509584573	0	0	0
1617789944	519672337	0	0	0
1617789944	529685080	0	0	0
1617789944	539650202	0	0	0
1617789944	549619782	0	0	0
1617789944	559695235	0	0	0
1617789944	569584276	0	0	0
1617789944	579510469	0	0	0
1617789944	589629515	0	0	0
1617789944	599587191	0	0	0
1617789944	609648996	0	0	0
1617789944	619679202	0	0	0
1617789944	629564236	0	0	0
1617789944	639626101	0	0	0
1617789944	649502801	0	0	0
1617789944	659651590	0	0	0
1617789944	669560542	0	0	0
1617789944	679530094	0	0	0
1617789944	689573807	0	0	0
1617789944	699639248	0	0	0
1617789944	709597453	0	0	0
1617789944	719594217	0	0	0
1617789944	729641083	0	0	0
1617789944	739568222	0	0	0
1617789944	749567981	0	0	0
1617789944	759569770	0	0	0
1617789944	769574284	0	0	0
1617789944	779552774	0	0	0
1617789944	789679010	0	0	0
1617789944	799539623	0	0	0
1617789944	809708222	0	0	0
1617789944	819652272	0	0	0
1617789944	829617468	0	0	0
1617789944	839657625	0	0	0
1617789944	849579135	0	0	0
1617789944	859596206	0	0	0
1617789944	869606912	0	0	0
1617789944	879679761	0	0	0
1617789944	889591330	0	0	0
1617789944	899650057	0	0	0
1617789944	909538121	0	0	0
1617789944	919621239	0	0	0
1617789944	929567190	0	0	0
1617789944	939530409	0	0	0
1617789944	949653959	0	0	0
1617789944	959714004	0	0	0
1617789944	969557399	0	0	0
1617789944	979701488	0	0	0
1617789944	989593410	0	0	0
1617789944	999632249	0	0	0
1617789945	9459927	0	0	0
1617789945	19581081	0	0	0
1617789945	29597941	0	0	0
1617789945	39512939	0	0	0
1617789945	49608505	0	0	0
1617789945	59583498	0	0	0
1617789945	69592774	0	0	0
1617789945	79668023	0	0	0
1617789945	89673472	0	0	0
1617789945	99620813	0	0	0
1617789945	109668093	0	0	0
1617789945	119555177	0	0	0
1617789945	129529287	0	0	0
1617789945	139662295	0	0	0
1617789945	149696738	0	0	0
1617789945	159590251	0	0	0
1617789945	169638815	0	0	0
1617789945	179604544	0	0	0
1617789945	189580842	0	0	0
1617789945	199526822	0	0	0
1617789945	209711775	0	0	0
1617789945	219592849	0	0	0
1617789945	229602744	0	0	0
1617789945	239661044	0	0	0
1617789945	249533778	0	0	0
1617789945	259659448	0	0	0
1617789945	269522333	0	0	0
1617789945	279697535	0	0	0
1617789945	289663014	0	0	0
1617789945	299510803	0	0	0
1617789945	309526267	0	0	0
1617789945	319582693	0	0	0
1617789945	329699715	0	0	0
1617789945	339746669	0	0	0
1617789945	349609604	0	0	0
1617789945	359684735	0	0	0
1617789945	369571209	0	0	0
1617789945	379576033	0	0	0
1617789945	389522939	0	0	0
1617789945	399527561	0	0	0
1617789945	409648099	0	0	0
1617789945	419525360	0	0	0
1617789945	429585063	0	0	0
1617789945	439639080	0	0	0
1617789945	449711471	0	0	0
1617789945	459642882	0	0	0
1617789945	469654896	0	0	0
1617789945	479613910	0	0	0
1617789945	489521527	0	0	0
1617789945	499627459	0	0	0
1617789945	509606951	0	0	0
1617789945	519740006	0	0	0
1617789945	529786932	0	0	0
1617789945	539676467	0	0	0
1617789945	549740206	0	0	0
1617789945	559718761	0	0	0
1617789945	569728261	0	0	0
1617789945	579624102	0	0	0
1617789945	589635196	0	0	0
1617789945	599714032	0	0	0
1617789945	609622684	0	0	0
1617789945	619655518	0	0	0
1617789945	629606099	0	0	0
1617789945	639600120	0	0	0
1617789945	649726593	0	0	0
1617789945	659753374	0	0	0
1617789945	669604150	0	0	0
1617789945	679545443	0	0	0
1617789945	689670138	0	0	0
1617789945	699715558	0	0	0
1617789945	709634345	0	0	0
1617789945	719495555	0	0	0
1617789945	729613898	0	0	0
1617789945	739582684	0	0	0
1617789945	749671121	0	0	0
1617789945	759565915	0	0	0
1617789945	769623264	0	0	0
1617789945	779546424	0	0	0
1617789945	789609016	0	0	0
1617789945	799672202	0	0	0
1617789945	809570893	0	0	0
1617789945	819576185	0	0	0
1617789945	829582422	0	0	0
1617789945	839578096	0	0	0
1617789945	849621306	0	0	0
1617789945	859570539	0	0	0
1617789945	869575192	0	0	0
1617789945	879688268	0	0	0
1617789945	889666363	0	0	0
1617789945	899664340	0	0	0
1617789945	909531650	0	0	0
1617789945	919695171	0	0	0
1617789945	929643155	0	0	0
1617789945	939656581	0	0	0
1617789945	949837786	0	0	0
1617789945	959720039	0	0	0
1617789945	969568262	0	0	0
1617789945	979617194	0	0	0
1617789945	989534748	0	0	0
1617789945	999492794	0	0	0
1617789946	9550859	0	0	0
1617789946	19617324	0	0	0
1617789946	29521899	0	0	0
1617789946	39576524	0	0	0
1617789946	49543256	0	0	0
1617789946	59725412	0	0	0
1617789946	69630457	0	0	0
1617789946	79758828	0	0	0
1617789946	89627439	0	0	0
1617789946	99509114	0	0	0
1617789946	109671689	0	0	0
1617789946	119692786	0	0	0
1617789946	129481167	0	0	0
1617789946	139740329	0	0	0
1617789946	149716791	0	0	0
1617789946	159763825	0	0	0
1617789946	169730856	0	0	0
1617789946	179597977	0	0	0
1617789946	189622054	0	0	0
1617789946	199570902	0	0	0
1617789946	209626065	0	0	0
1617789946	219568282	0	0	0
1617789946	229502077	0	0	0
1617789946	239739740	0	0	0
1617789946	249653572	0	0	0
1617789946	259618718	0	0	0
1617789946	269680859	0	0	0
1617789946	279711656	0	0	0
1617789946	289653390	0	0	0
1617789946	299632335	0	0	0
1617789946	309586665	0	0	0
1617789946	319701107	0	0	0
1617789946	329595110	0	0	0
1617789946	339617193	0	0	0
1617789946	349643360	0	0	0
1617789946	359497267	0	0	0
1617789946	369516278	0	0	0
1617789946	379595866	0	0	0
1617789946	389626434	0	0	0
1617789946	399577428	0	0	0
1617789946	409689006	0	0	0
1617789946	419761963	0	0	0
1617789946	429652301	0	0	0
1617789946	439628467	0	0	0
1617789946	449739027	0	0	0
1617789946	459613938	0	0	0
1617789946	469705655	0	0	0
1617789946	479749091	0	0	0
1617789946	489722074	0	0	0
1617789946	499769165	0	0	0
1617789946	509565417	0	0	0
1617789946	519719280	0	0	0
1617789946	529628952	0	0	0
1617789946	539654915	0	0	0
1617789946	549884428	0	0	0
1617789946	559535403	0	0	0
1617789946	569587520	0	0	0
1617789946	579612603	0	0	0
1617789946	589639435	0	0	0
1617789946	599562795	0	0	0
1617789946	609690137	0	0	0
1617789946	619638753	0	0	0
1617789946	629738065	0	0	0
1617789946	639644111	0	0	0
1617789946	649647796	0	0	0
1617789946	659605653	0	0	0
1617789946	669628784	0	0	0
1617789946	679628359	0	0	0
1617789946	689547701	0	0	0
1617789946	699666431	0	0	0
1617789946	709655015	0	0	0
1617789946	719480465	0	0	0
1617789946	729559981	0	0	0
1617789946	739693951	0	0	0
1617789946	749644878	0	0	0
1617789946	759568332	0	0	0
1617789946	769572938	0	0	0
1617789946	779742401	0	0	0
1617789946	789618746	0	0	0
1617789946	799690119	0	0	0
1617789946	809522408	0	0	0
1617789946	819632528	0	0	0
1617789946	829570584	0	0	0
1617789946	839662659	0	0	0
1617789946	849656661	0	0	0
1617789946	859645880	0	0	0
1617789946	869681746	0	0	0
1617789946	879596012	0	0	0
1617789946	889703059	0	0	0
1617789946	899677781	0	0	0
1617789946	909698769	0	0	0
1617789946	919610743	0	0	0
1617789946	929597617	0	0	0
1617789946	939648696	0	0	0
1617789946	949606005	0	0	0
1617789946	959660823	0	0	0
1617789946	969416306	0	0	0
1617789946	979347705	0	0	0
1617789946	989290947	0	0	0
1617789946	999265917	0	0	0
1617789947	9354439	0	0	0
1617789947	19386295	0	0	0
1617789947	29428861	0	0	0
1617789947	39445442	0	0	0
1617789947	49548618	0	0	0
1617789947	59679279	0	0	0
1617789947	69601914	0	0	0
1617789947	79740879	0	0	0
1617789947	89696371	0	0	0
1617789947	99629516	0	0	0
1617789947	109747121	0	0	0
1617789947	119670569	0	0	0
1617789947	129565506	0	0	0
1617789947	139601895	0	0	0
1617789947	149751005	0	0	0
1617789947	159647895	0	0	0
1617789947	169555035	0	0	0
1617789947	179639394	0	0	0
1617789947	189597310	0	0	0
1617789947	199625332	0	0	0
1617789947	209720112	0	0	0
1617789947	219653483	0	0	0
1617789947	229578782	0	0	0
1617789947	239559271	0	0	0
1617789947	249577106	0	0	0
1617789947	259530131	0	0	0
1617789947	269612294	0	0	0
1617789947	279553347	0	0	0
1617789947	289648147	0	0	0
1617789947	299645203	0	0	0
1617789947	309645532	0	0	0
1617789947	319558376	0	0	0
1617789947	329616738	0	0	0
1617789947	339596225	0	0	0
1617789947	349629597	0	0	0
1617789947	359614764	0	0	0
1617789947	369622330	0	0	0
1617789947	379593122	0	0	0
1617789947	389615205	0	0	0
1617789947	399596411	0	0	0
1617789947	409539412	0	0	0
1617789947	419526049	0	0	0
1617789947	429661562	0	0	0
1617789947	439717134	0	0	0
1617789947	449671774	0	0	0
1617789947	459638915	0	0	0
1617789947	469684883	0	0	0
1617789947	479638009	0	0	0
1617789947	489678810	0	0	0
1617789947	499682234	0	0	0
1617789947	509709497	0	0	0
1617789947	519764279	0	0	0
1617789947	529713380	0	0	0
1617789947	539697032	0	0	0
1617789947	549704181	0	0	0
1617789947	559668969	0	0	0
1617789947	569561901	0	0	0
1617789947	579610745	0	0	0
1617789947	589597765	0	0	0
1617789947	599636282	0	0	0
1617789947	609562218	0	0	0
1617789947	619690219	0	0	0
1617789947	629569083	0	0	0
1617789947	639550124	0	0	0
1617789947	649650877	0	0	0
1617789947	659751174	0	0	0
1617789947	669660886	0	0	0
1617789947	679644209	0	0	0
1617789947	689699602	0	0	0
1617789947	699626640	0	0	0
1617789947	709549761	0	0	0
1617789947	719694400	0	0	0
1617789947	729689459	0	0	0
1617789947	739651871	0	0	0
1617789947	749692237	0	0	0
1617789947	759798960	0	0	0
1617789947	769603732	0	0	0
1617789947	779643191	0	0	0
1617789947	789805329	0	0	0
1617789947	799717686	0	0	0
1617789947	809650210	0	0	0
1617789947	819603036	0	0	0
1617789947	829698379	0	0	0
1617789947	839635084	0	0	0
1617789947	849601449	0	0	0
1617789947	859803738	0	0	0
1617789947	869701984	0	0	0
1617789947	879752271	0	0	0
1617789947	889691200	0	0	0
1617789947	899718275	0	0	0
1617789947	909563613	0	0	0
1617789947	919523679	0	0	0
1617789947	929649835	0	0	0
1617789947	939709833	0	0	0
1617789947	949776801	0	0	0
1617789947	959618465	0	0	0
1617789947	969592992	0	0	0
1617789947	979579182	0	0	0
1617789947	989798088	0	0	0
1617789947	999595986	0	0	0
1617789948	9797385	0	0	0
1617789948	19738762	0	0	0
1617789948	29644106	0	0	0
1617789948	39585966	0	0	0
1617789948	49586506	0	0	0
1617789948	59698580	0	0	0
1617789948	69541076	0	0	0
1617789948	79700660	0	0	0
1617789948	89695696	0	0	0
1617789948	99771898	0	0	0
1617789948	109656557	0	0	0
1617789948	119613538	0	0	0
1617789948	129604540	0	0	0
1617789948	139572487	0	0	0
1617789948	149614727	0	0	0
1617789948	159574949	0	0	0
1617789948	169662403	0	0	0
1617789948	179699834	0	0	0
1617789948	189539475	0	0	0
1617789948	199549038	0	0	0
1617789948	209622184	0	0	0
1617789948	219726954	0	0	0
1617789948	229636622	0	0	0
1617789948	239582612	0	0	0
1617789948	249701141	0	0	0
1617789948	259635548	0	0	0
1617789948	269615446	0	0	0
1617789948	279607626	0	0	0
1617789948	289712420	0	0	0
1617789948	299659680	0	0	0
1617789948	309544207	0	0	0
1617789948	319626069	0	0	0
1617789948	329591831	0	0	0
1617789948	339689561	0	0	0
1617789948	349687363	0	0	0
1617789948	359740589	0	0	0
1617789948	369692580	0	0	0
1617789948	379586176	0	0	0
1617789948	389635764	0	0	0
1617789948	399518276	0	0	0
1617789948	409583943	0	0	0
1617789948	419646726	0	0	0
1617789948	429740932	0	0	0
1617789948	439615198	0	0	0
1617789948	449523790	0	0	0
1617789948	459661011	0	0	0
1617789948	469736863	0	0	0
1617789948	479579109	0	0	0
1617789948	489640267	0	0	0
1617789948	499519685	0	0	0
1617789948	509561670	0	0	0
1617789948	519707614	0	0	0
1617789948	529519116	0	0	0
1617789948	539615411	0	0	0
1617789948	549553815	0	0	0
1617789948	559674857	0	0	0
1617789948	569777406	0	0	0
1617789948	579588229	0	0	0
1617789948	589616577	0	0	0
1617789948	599611681	0	0	0
1617789948	609643160	0	0	0
1617789948	619750094	0	0	0
1617789948	629684699	0	0	0
1617789948	639651972	0	0	0
1617789948	649797366	0	0	0
1617789948	659675779	0	0	0
1617789948	669690560	0	0	0
1617789948	679743100	0	0	0
1617789948	689794839	0	0	0
1617789948	699682988	0	0	0
1617789948	709750767	0	0	0
1617789948	719672072	0	0	0
1617789948	729662919	0	0	0
1617789948	739751678	0	0	0
1617789948	749655687	0	0	0
1617789948	759621910	0	0	0
1617789948	769565348	0	0	0
1617789948	779616564	0	0	0
1617789948	789549574	0	0	0
1617789948	799617711	0	0	0
1617789948	809567421	0	0	0
1617789948	819653297	0	0	0
1617789948	829782184	0	0	0
1617789948	839643909	0	0	0
1617789948	849676850	0	0	0
1617789948	859753278	0	0	0
1617789948	869621586	0	0	0
1617789948	879623767	0	0	0
1617789948	889753174	0	0	0
1617789948	899692088	0	0	0
1617789948	909664497	0	0	0
1617789948	919585263	0	0	0
1617789948	929675368	0	0	0
1617789948	939641620	0	0	0
1617789948	949720079	0	0	0
1617789948	959620165	0	0	0
1617789948	969614024	0	0	0
1617789948	979664732	0	0	0
1617789948	989718671	0	0	0
1617789948	999542910	0	0	0
1617789949	9616895	0	0	0
1617789949	19671865	0	0	0
1617789949	29617660	0	0	0
1617789949	39721252	0	0	0
1617789949	49728124	0	0	0
1617789949	59623607	0	0	0
1617789949	69526672	0	0	0
1617789949	79779856	0	0	0
1617789949	89606108	0	0	0
1617789949	99543816	0	0	0
1617789949	109670042	0	0	0
1617789949	119629445	0	0	0
1617789949	129644688	0	0	0
1617789949	139639273	0	0	0
1617789949	149737175	0	0	0
1617789949	159529348	0	0	0
1617789949	169590323	0	0	0
1617789949	179621542	0	0	0
1617789949	189569921	0	0	0
1617789949	199681026	0	0	0
1617789949	209731394	0	0	0
1617789949	219657079	0	0	0
1617789949	229622181	0	0	0
1617789949	239580432	0	0	0
1617789949	249827259	0	0	0
1617789949	259741359	0	0	0
1617789949	269785596	0	0	0
1617789949	279771570	0	0	0
1617789949	289618130	0	0	0
1617789949	299630678	0	0	0
1617789949	309678145	0	0	0
1617789949	319649368	0	0	0
1617789949	329658992	0	0	0
1617789949	339656468	0	0	0
1617789949	349739942	0	0	0
1617789949	359653801	0	0	0
1617789949	369676323	0	0	0
1617789949	379625999	0	0	0
1617789949	389619340	0	0	0
1617789949	399623746	0	0	0
1617789949	409628524	0	0	0
1617789949	419729757	0	0	0
1617789949	429618913	0	0	0
1617789949	439577952	0	0	0
1617789949	449675841	0	0	0
1617789949	459732860	0	0	0
1617789949	469590244	0	0	0
1617789949	479654357	0	0	0
1617789949	489777021	0	0	0
1617789949	499704940	0	0	0
1617789949	509574196	0	0	0
1617789949	519691854	0	0	0
1617789949	529630685	0	0	0
1617789949	539621258	0	0	0
1617789949	549600083	0	0	0
1617789949	559742883	0	0	0
1617789949	569572266	0	0	0
1617789949	579518642	0	0	0
1617789949	589599947	0	0	0
1617789949	599698047	0	0	0
1617789949	609637759	0	0	0
1617789949	619582600	0	0	0
1617789949	629554121	0	0	0
1617789949	639692072	0	0	0
1617789949	649711595	0	0	0
1617789949	659574083	0	0	0
1617789949	669584703	0	0	0
1617789949	679742599	0	0	0
1617789949	689728662	0	0	0
1617789949	699720340	0	0	0
1617789949	709678292	0	0	0
1617789949	719567126	0	0	0
1617789949	729838379	0	0	0
1617789949	739757364	0	0	0
1617789949	749632492	0	0	0
1617789949	759600925	0	0	0
1617789949	769740994	0	0	0
1617789949	779734529	0	0	0
1617789949	789789649	0	0	0
1617789949	799708604	0	0	0
1617789949	809596620	0	0	0
1617789949	819773870	0	0	0
1617789949	829642314	0	0	0
1617789949	839691711	0	0	0
1617789949	849639601	0	0	0
1617789949	859602515	0	0	0
1617789949	869587764	0	0	0
1617789949	879620296	0	0	0
1617789949	889679464	0	0	0
1617789949	899648614	0	0	0
1617789949	909615585	0	0	0
1617789949	919822996	0	0	0
1617789949	929735874	0	0	0
1617789949	939639972	0	0	0
1617789949	949678108	0	0	0
1617789949	959567417	0	0	0
1617789949	969773335	0	0	0
1617789949	979597667	0	0	0
1617789949	989747083	0	0	0
1617789949	999547497	0	0	0
1617789950	9651200	0	0	0
1617789950	19617484	0	0	0
1617789950	29714557	0	0	0
1617789950	39660144	0	0	0
1617789950	49810980	0	0	0
1617789950	59542565	0	0	0
1617789950	69641191	0	0	0
1617789950	79764139	0	0	0
1617789950	89732906	0	0	0
1617789950	99726146	0	0	0
1617789950	109639494	0	0	0
1617789950	119725930	0	0	0
1617789950	129644504	0	0	0
1617789950	139640935	0	0	0
1617789950	149729328	0	0	0
1617789950	159737254	0	0	0
1617789950	169567968	0	0	0
1617789950	179706527	0	0	0
1617789950	189590939	0	0	0
1617789950	199718797	0	0	0
1617789950	209588366	0	0	0
1617789950	219656072	0	0	0
1617789950	229514285	0	0	0
1617789950	239691539	0	0	0
1617789950	249749698	0	0	0
1617789950	259733705	0	0	0
1617789950	269671839	0	0	0
1617789950	279803930	0	0	0
1617789950	289697828	0	0	0
1617789950	299706373	0	0	0
1617789950	309581267	0	0	0
1617789950	319632506	0	0	0
1617789950	329576381	0	0	0
1617789950	339555684	0	0	0
1617789950	349752684	0	0	0
1617789950	359596979	0	0	0
1617789950	369572619	0	0	0
1617789950	379642243	0	0	0
1617789950	389530980	0	0	0
1617789950	399670625	0	0	0
1617789950	409717316	0	0	0
1617789950	419699298	0	0	0
1617789950	429592787	0	0	0
1617789950	439660272	0	0	0
1617789950	449814206	0	0	0
1617789950	459677982	0	0	0
1617789950	469779047	0	0	0
1617789950	479705944	0	0	0
1617789950	489634481	0	0	0
1617789950	499651319	0	0	0
1617789950	509573283	0	0	0
1617789950	519741460	0	0	0
1617789950	529803757	0	0	0
1617789950	539638471	0	0	0
1617789950	549700158	0	0	0
1617789950	559765484	0	0	0
1617789950	569677256	0	0	0
1617789950	579730726	0	0	0
1617789950	589736879	0	0	0
1617789950	599709457	0	0	0
1617789950	609718904	0	0	0
1617789950	619628733	0	0	0
1617789950	629709644	0	0	0
1617789950	639719869	0	0	0
1617789950	649711562	0	0	0
1617789950	659680520	0	0	0
1617789950	669593790	0	0	0
1617789950	679744653	0	0	0
1617789950	689778644	0	0	0
1617789950	699702732	0	0	0
1617789950	709648642	0	0	0
1617789950	719715070	0	0	0
1617789950	729664205	0	0	0
1617789950	739650516	0	0	0
1617789950	749661030	0	0	0
1617789950	759738371	0	0	0
1617789950	769659372	0	0	0
1617789950	779799316	0	0	0
1617789950	789825498	0	0	0
1617789950	799741544	0	0	0
1617789950	809573303	0	0	0
1617789950	819604281	0	0	0
1617789950	829738376	0	0	0
1617789950	839734129	0	0	0
1617789950	849569678	0	0	0
1617789950	859612738	0	0	0
1617789950	869716444	0	0	0
1617789950	879782452	0	0	0
1617789950	889649552	0	0	0
1617789950	899760893	0	0	0
1617789950	909681236	0	0	0
1617789950	919786749	0	0	0
1617789950	929650904	0	0	0
1617789950	939586479	0	0	0
1617789950	949567735	0	0	0
1617789950	959749385	0	0	0
1617789950	969673291	0	0	0
1617789950	979646930	0	0	0
1617789950	989588782	0	0	0
1617789950	999583476	0	0	0
1617789951	9809729	0	0	0
1617789951	19771721	0	0	0
1617789951	29540975	0	0	0
1617789951	39653811	0	0	0
1617789951	49817556	0	0	0
1617789951	59646143	0	0	0
1617789951	69684494	0	0	0
1617789951	79648055	0	0	0
1617789951	89746716	0	0	0
1617789951	99661977	0	0	0
1617789951	109633538	0	0	0
1617789951	119654444	0	0	0
1617789951	129610732	0	0	0
1617789951	139643962	0	0	0
1617789951	149564390	0	0	0
1617789951	159653161	0	0	0
1617789951	169782403	0	0	0
1617789951	179577283	0	0	0
1617789951	189798336	0	0	0
1617789951	199658134	0	0	0
1617789951	209578517	0	0	0
1617789951	219650114	0	0	0
1617789951	229586063	0	0	0
1617789951	239620262	0	0	0
1617789951	249668087	0	0	0
1617789951	259689215	0	0	0
1617789951	269781832	0	0	0
1617789951	279776591	0	0	0
1617789951	289678159	0	0	0
1617789951	299689036	0	0	0
1617789951	309798458	0	0	0
1617789951	319740951	0	0	0
1617789951	329661050	0	0	0
1617789951	339741902	0	0	0
1617789951	349598632	0	0	0
1617789951	359580201	0	0	0
1617789951	369813326	0	0	0
1617789951	379661212	0	0	0
1617789951	389677135	0	0	0
1617789951	399651682	0	0	0
1617789951	409707096	0	0	0
1617789951	419662770	0	0	0
1617789951	429683691	0	0	0
1617789951	439622018	0	0	0
1617789951	449797794	0	0	0
1617789951	459626625	0	0	0
1617789951	469705042	0	0	0
1617789951	479648556	0	0	0
1617789951	489621914	0	0	0
1617789951	499726918	0	0	0
1617789951	509640720	0	0	0
1617789951	519719601	0	0	0
1617789951	529606771	0	0	0
1617789951	539596620	0	0	0
1617789951	549650704	0	0	0
1617789951	559583999	0	0	0
1617789951	569796431	0	0	0
1617789951	579657085	0	0	0
1617789951	589746023	0	0	0
1617789951	599662829	0	0	0
1617789951	609810668	0	0	0
1617789951	619623064	0	0	0
1617789951	629829975	0	0	0
1617789951	639780084	0	0	0
1617789951	649908252	0	0	0
1617789951	659812664	0	0	0
1617789951	669710440	0	0	0
1617789951	679740256	0	0	0
1617789951	689620506	0	0	0
1617789951	699725523	0	0	0
1617789951	709838513	0	0	0
1617789951	719754224	0	0	0
1617789951	729738282	0	0	0
1617789951	739739432	0	0	0
1617789951	749707955	0	0	0
1617789951	759729336	0	0	0
1617789951	769638888	0	0	0
1617789951	779721589	0	0	0
1617789951	789733290	0	0	0
1617789951	799728568	0	0	0
1617789951	809792143	0	0	0
1617789951	819636225	0	0	0
1617789951	829809747	0	0	0
1617789951	839579514	0	0	0
1617789951	849807118	0	0	0
1617789951	859656880	0	0	0
1617789951	869780510	0	0	0
1617789951	879643233	0	0	0
1617789951	889817567	0	0	0
1617789951	899703890	0	0	0
1617789951	909802035	0	0	0
1617789951	919670859	0	0	0
1617789951	929704197	0	0	0
1617789951	939671180	0	0	0
1617789951	949604512	0	0	0
1617789951	959844909	0	0	0
1617789951	969692822	0	0	0
1617789951	979689630	0	0	0
1617789951	989892518	0	0	0
1617789951	999725348	0	0	0
1617789952	9773847	0	0	0
1617789952	19714177	0	0	0
1617789952	29579126	0	0	0
1617789952	39634403	0	0	0
1617789952	49698025	0	0	0
1617789952	59751533	0	0	0
1617789952	69713453	0	0	0
1617789952	79643109	0	0	0
1617789952	89604845	0	0	0
1617789952	99678385	0	0	0
1617789952	109621857	0	0	0
1617789952	119810208	0	0	0
1617789952	129679666	0	0	0
1617789952	139680111	0	0	0
1617789952	149827028	0	0	0
1617789952	159853831	0	0	0
1617789952	169563746	0	0	0
1617789952	179642038	0	0	0
1617789952	189649637	0	0	0
1617789952	199686159	0	0	0
1617789952	209644072	0	0	0
1617789952	219802997	0	0	0
1617789952	229867589	0	0	0
1617789952	239741867	0	0	0
1617789952	249626654	0	0	0
1617789952	259767190	0	0	0
1617789952	269751154	0	0	0
1617789952	279776715	0	0	0
1617789952	289654047	0	0	0
1617789952	299755787	0	0	0
1617789952	309854855	0	0	0
1617789952	319644738	0	0	0
1617789952	329622330	0	0	0
1617789952	339617179	0	0	0
1617789952	349645760	0	0	0
1617789952	359785252	0	0	0
1617789952	369638455	0	0	0
1617789952	379770285	0	0	0
1617789952	389774671	0	0	0
1617789952	399763006	0	0	0
1617789952	409721873	0	0	0
1617789952	419719772	0	0	0
1617789952	429792305	0	0	0
1617789952	439780564	0	0	0
1617789952	449646763	0	0	0
1617789952	459769691	0	0	0
1617789952	469684007	0	0	0
1617789952	479677637	0	0	0
1617789952	489745345	0	0	0
1617789952	499750825	0	0	0
1617789952	509646000	0	0	0
1617789952	519755597	0	0	0
1617789952	529786377	0	0	0
1617789952	539769157	0	0	0
1617789952	549742588	0	0	0
1617789952	559696477	0	0	0
1617789952	569591418	0	0	0
1617789952	579676531	0	0	0
1617789952	589616396	0	0	0
1617789952	599583039	0	0	0
1617789952	609592424	0	0	0
1617789952	619582958	0	0	0
1617789952	629687764	0	0	0
1617789952	639737951	0	0	0
1617789952	649731421	0	0	0
1617789952	659733762	0	0	0
1617789952	669616682	0	0	0
1617789952	679695554	0	0	0
1617789952	689603175	0	0	0
1617789952	699632085	0	0	0
1617789952	709687271	0	0	0
1617789952	719813904	0	0	0
1617789952	729810958	0	0	0
1617789952	739788692	0	0	0
1617789952	749843905	0	0	0
1617789952	759705248	0	0	0
1617789952	769682435	0	0	0
1617789952	779776736	0	0	0
1617789952	789654033	0	0	0
1617789952	799679174	0	0	0
1617789952	809828446	0	0	0
1617789952	819774142	0	0	0
1617789952	829663730	0	0	0
1617789952	839734397	0	0	0
1617789952	849818551	0	0	0
1617789952	859699882	0	0	0
1617789952	869736639	0	0	0
1617789952	879776292	0	0	0
1617789952	889607179	0	0	0
1617789952	899681037	0	0	0
1617789952	909844086	0	0	0
1617789952	919705864	0	0	0
1617789952	929693756	0	0	0
1617789952	939726691	0	0	0
1617789952	949746105	0	0	0
1617789952	959640210	0	0	0
1617789952	969802971	0	0	0
1617789952	979656923	0	0	0
1617789952	989789959	0	0	0
1617789952	999788671	0	0	0
1617789953	9693050	0	0	0
1617789953	19756067	0	0	0
1617789953	29641975	0	0	0
1617789953	39662746	0	0	0
1617789953	49802421	0	0	0
1617789953	59800119	0	0	0
1617789953	69697627	0	0	0
1617789953	79713842	0	0	0
1617789953	89646090	0	0	0
1617789953	99657776	0	0	0
1617789953	109690034	0	0	0
1617789953	119696039	0	0	0
1617789953	129682219	0	0	0
1617789953	139751828	0	0	0
1617789953	149834450	0	0	0
1617789953	159692879	0	0	0
1617789953	169721271	0	0	0
1617789953	179723008	0	0	0
1617789953	189729811	0	0	0
1617789953	199684723	0	0	0
1617789953	209856140	0	0	0
1617789953	219677427	0	0	0
1617789953	229672626	0	0	0
1617789953	239626984	0	0	0
1617789953	249677046	0	0	0
1617789953	259633751	0	0	0
1617789953	269726678	0	0	0
1617789953	279642662	0	0	0
1617789953	289609225	0	0	0
1617789953	299625769	0	0	0
1617789953	309682729	0	0	0
1617789953	319670091	0	0	0
1617789953	329797983	0	0	0
1617789953	339742556	0	0	0
1617789953	349724395	0	0	0
1617789953	359577859	0	0	0
1617789953	369673938	0	0	0
1617789953	379763744	0	0	0
1617789953	389829736	0	0	0
1617789953	399788678	0	0	0
1617789953	409816198	0	0	0
1617789953	419785171	0	0	0
1617789953	429724764	0	0	0
1617789953	439610580	0	0	0
1617789953	449672962	0	0	0
1617789953	459675879	0	0	0
1617789953	469609887	0	0	0
1617789953	479695644	0	0	0
1617789953	489811120	0	0	0
1617789953	499643974	0	0	0
1617789953	509639335	0	0	0
1617789953	519710088	0	0	0
1617789953	529701129	0	0	0
1617789953	539689138	0	0	0
1617789953	549751728	0	0	0
1617789953	559663830	0	0	0
1617789953	569743552	0	0	0
1617789953	579684155	0	0	0
1617789953	589725009	0	0	0
1617789953	599659814	0	0	0
1617789953	609715055	0	0	0
1617789953	619710987	0	0	0
1617789953	629746577	0	0	0
1617789953	639780388	0	0	0
1617789953	649787219	0	0	0
1617789953	659811107	0	0	0
1617789953	669631600	0	0	0
1617789953	679683784	0	0	0
1617789953	689829335	0	0	0
1617789953	699603183	0	0	0
1617789953	709688274	0	0	0
1617789953	719713076	0	0	0
1617789953	729617038	0	0	0
1617789953	739680093	0	0	0
1617789953	749686140	0	0	0
1617789953	759741652	0	0	0
1617789953	769745082	0	0	0
1617789953	779562375	0	0	0
1617789953	789673194	0	0	0
1617789953	799722351	0	0	0
1617789953	809799492	0	0	0
1617789953	819710394	0	0	0
1617789953	829691141	0	0	0
1617789953	839828767	0	0	0
1617789953	849744974	0	0	0
1617789953	859720978	0	0	0
1617789953	869774240	0	0	0
1617789953	879669658	0	0	0
1617789953	889860721	0	0	0
1617789953	899727779	0	0	0
1617789953	909629483	0	0	0
1617789953	919728498	0	0	0
1617789953	929719534	0	0	0
1617789953	939661660	0	0	0
1617789953	949716372	0	0	0
1617789953	959636898	0	0	0
1617789953	969722160	0	0	0
1617789953	979697004	0	0	0
1617789953	989695171	0	0	0
1617789953	999647852	0	0	0
1617789954	9641131	0	0	0
1617789954	19646980	0	0	0
1617789954	29678362	0	0	0
1617789954	39721316	0	0	0
1617789954	49697666	0	0	0
1617789954	59723575	0	0	0
1617789954	69627460	0	0	0
1617789954	79711730	0	0	0
1617789954	89876750	0	0	0
1617789954	99766610	0	0	0
1617789954	109645455	0	0	0
1617789954	119685035	0	0	0
1617789954	129809971	0	0	0
1617789954	139691536	0	0	0
1617789954	149788419	0	0	0
1617789954	159805819	0	0	0
1617789954	169659423	0	0	0
1617789954	179745903	0	0	0
1617789954	189644494	0	0	0
1617789954	199717967	0	0	0
1617789954	209818230	0	0	0
1617789954	219634189	0	0	0
1617789954	229718221	0	0	0
1617789954	239751527	0	0	0
1617789954	249783556	0	0	0
1617789954	259722017	0	0	0
1617789954	269693742	0	0	0
1617789954	279709835	0	0	0
1617789954	289615405	0	0	0
1617789954	299684428	0	0	0
1617789954	309694120	0	0	0
1617789954	319674034	0	0	0
1617789954	329788589	0	0	0
1617789954	339805495	0	0	0
1617789954	349587432	0	0	0
1617789954	359813880	0	0	0
1617789954	369720388	0	0	0
1617789954	379699075	0	0	0
1617789954	389744617	0	0	0
1617789954	399702398	0	0	0
1617789954	409719701	0	0	0
1617789954	419634649	0	0	0
1617789954	429801861	0	0	0
1617789954	439651023	0	0	0
1617789954	449707896	0	0	0
1617789954	459784494	0	0	0
1617789954	469751538	0	0	0
1617789954	479687994	0	0	0
1617789954	489728982	0	0	0
1617789954	499835980	0	0	0
1617789954	509628191	0	0	0
1617789954	519694279	0	0	0
1617789954	529682184	0	0	0
1617789954	539716080	0	0	0
1617789954	549657902	0	0	0
1617789954	559726731	0	0	0
1617789954	569710073	0	0	0
1617789954	579701776	0	0	0
1617789954	589663757	0	0	0
1617789954	599679765	0	0	0
1617789954	609824776	0	0	0
1617789954	619728533	0	0	0
1617789954	629801648	0	0	0
1617789954	639736826	0	0	0
1617789954	649714898	0	0	0
1617789954	659668221	0	0	0
1617789954	669729037	0	0	0
1617789954	679600127	0	0	0
1617789954	689804161	0	0	0
1617789954	699666581	0	0	0
1617789954	709704469	0	0	0
1617789954	719724944	0	0	0
1617789954	729661482	0	0	0
1617789954	739678788	0	0	0
1617789954	749634760	0	0	0
1617789954	759779382	0	0	0
1617789954	769740067	0	0	0
1617789954	779732043	0	0	0
1617789954	789678835	0	0	0
1617789954	799851186	0	0	0
1617789954	809744479	0	0	0
1617789954	819784925	0	0	0
1617789954	829855881	0	0	0
1617789954	839775424	0	0	0
1617789954	849648562	0	0	0
1617789954	859814507	0	0	0
1617789954	869638126	0	0	0
1617789954	879839629	0	0	0
1617789954	889687322	0	0	0
1617789954	899693094	0	0	0
1617789954	909714864	0	0	0
1617789954	919706821	0	0	0
1617789954	929828209	0	0	0
1617789954	939776728	0	0	0
1617789954	949735320	0	0	0
1617789954	959862785	0	0	0
1617789954	969609487	0	0	0
1617789954	979766730	0	0	0
1617789954	989830224	0	0	0
1617789954	999802173	0	0	0
1617789955	9720165	0	0	0
1617789955	19661849	0	0	0
1617789955	29729875	0	0	0
1617789955	39781302	0	0	0
1617789955	49729244	0	0	0
1617789955	59756017	0	0	0
1617789955	69629876	0	0	0
1617789955	79743977	0	0	0
1617789955	89776005	0	0	0
1617789955	99792242	0	0	0
1617789955	109701157	0	0	0
1617789955	119805413	0	0	0
1617789955	129748873	0	0	0
1617789955	139817262	0	0	0
1617789955	149912406	0	0	0
1617789955	159645798	0	0	0
1617789955	169598570	0	0	0
1617789955	179811116	0	0	0
1617789955	189644053	0	0	0
1617789955	199808176	0	0	0
1617789955	209707690	0	0	0
1617789955	219839259	0	0	0
1617789955	229687082	0	0	0
1617789955	239682086	0	0	0
1617789955	249815801	0	0	0
1617789955	259710009	0	0	0
1617789955	269821843	0	0	0
1617789955	279716632	0	0	0
1617789955	289742026	0	0	0
1617789955	299672881	0	0	0
1617789955	309670214	0	0	0
1617789955	319737981	0	0	0
1617789955	329685030	0	0	0
1617789955	339800537	0	0	0
1617789955	350067514	0	0	0
1617789955	359751093	0	0	0
1617789955	369736305	0	0	0
1617789955	379615033	0	0	0
1617789955	389662963	0	0	0
1617789955	399690861	0	0	0
1617789955	409636933	0	0	0
1617789955	419730938	0	0	0
1617789955	429751798	0	0	0
1617789955	439729927	0	0	0
1617789955	449671849	0	0	0
1617789955	459750256	0	0	0
1617789955	469742517	0	0	0
1617789955	479740184	0	0	0
1617789955	489699880	0	0	0
1617789955	499744757	0	0	0
1617789955	509746985	0	0	0
1617789955	519819533	0	0	0
1617789955	529637469	0	0	0
1617789955	539833243	0	0	0
1617789955	549869045	0	0	0
1617789955	559728131	0	0	0
1617789955	569709709	0	0	0
1617789955	579715148	0	0	0
1617789955	589704874	0	0	0
1617789955	599660220	0	0	0
1617789955	609668360	0	0	0
1617789955	619718908	0	0	0
1617789955	629862572	0	0	0
1617789955	639833170	0	0	0
1617789955	649877048	0	0	0
1617789955	659875837	0	0	0
1617789955	669801024	0	0	0
1617789955	679643670	0	0	0
1617789955	689723324	0	0	0
1617789955	699741393	0	0	0
1617789955	709854255	0	0	0
1617789955	719800133	0	0	0
1617789955	729720631	0	0	0
1617789955	739751162	0	0	0
1617789955	749744019	0	0	0
1617789955	759709806	0	0	0
1617789955	769891009	0	0	0
1617789955	779855707	0	0	0
1617789955	789700645	0	0	0
1617789955	799531980	0	0	0
1617789955	809738556	0	0	0
1617789955	819810105	0	0	0
1617789955	829704017	0	0	0
1617789955	839663560	0	0	0
1617789955	849685281	0	0	0
1617789955	859765178	0	0	0
1617789955	869845409	0	0	0
1617789955	879678941	0	0	0
1617789955	889686144	0	0	0
1617789955	899694386	0	0	0
1617789955	909730392	0	0	0
1617789955	919644649	0	0	0
1617789955	929785846	0	0	0
1617789955	939756867	0	0	0
1617789955	949673747	0	0	0
1617789955	959693997	0	0	0
1617789955	969712983	0	0	0
1617789955	979629246	0	0	0
1617789955	989852708	0	0	0
1617789955	999821138	0	0	0
1617789956	9888087	0	0	0
1617789956	19699481	0	0	0
1617789956	29773928	0	0	0
1617789956	39638131	0	0	0
1617789956	49698760	0	0	0
1617789956	59709312	0	0	0
1617789956	69693590	0	0	0
1617789956	79755278	0	0	0
1617789956	89681277	0	0	0
1617789956	99653059	0	0	0
1617789956	109819059	0	0	0
1617789956	119640822	0	0	0
1617789956	129811000	0	0	0
1617789956	139763267	0	0	0
1617789956	149802051	0	0	0
1617789956	159622729	0	0	0
1617789956	169701559	0	0	0
1617789956	179736556	0	0	0
1617789956	189635585	0	0	0
1617789956	199680836	0	0	0
1617789956	209819665	0	0	0
1617789956	219757772	0	0	0
1617789956	229825782	0	0	0
1617789956	239785234	0	0	0
1617789956	249742996	0	0	0
1617789956	259804074	0	0	0
1617789956	269879310	0	0	0
1617789956	279696143	0	0	0
1617789956	289800268	0	0	0
1617789956	299738522	0	0	0
1617789956	309897370	0	0	0
1617789956	319720935	0	0	0
1617789956	329659837	0	0	0
1617789956	339772597	0	0	0
1617789956	349648553	0	0	0
1617789956	359809314	0	0	0
1617789956	369701969	0	0	0
1617789956	379790612	0	0	0
1617789956	389687304	0	0	0
1617789956	399720772	0	0	0
1617789956	409836881	0	0	0
1617789956	419835218	0	0	0
1617789956	429896594	0	0	0
1617789956	439808284	0	0	0
1617789956	449904068	0	0	0
1617789956	459756941	0	0	0
1617789956	469698853	0	0	0
1617789956	479818232	0	0	0
1617789956	489863631	0	0	0
1617789956	499766251	0	0	0
1617789956	509727095	0	0	0
1617789956	519880550	0	0	0
1617789956	529878195	0	0	0
1617789956	539845988	0	0	0
1617789956	549709293	0	0	0
1617789956	559867138	0	0	0
1617789956	569693214	0	0	0
1617789956	579820043	0	0	0
1617789956	589736770	0	0	0
1617789956	599834365	0	0	0
1617789956	609674550	0	0	0
1617789956	619672979	0	0	0
1617789956	629826438	0	0	0
1617789956	639734250	0	0	0
1617789956	649666140	0	0	0
1617789956	659713663	0	0	0
1617789956	669845331	0	0	0
1617789956	679720429	0	0	0
1617789956	689801471	0	0	0
1617789956	699801924	0	0	0
1617789956	709785004	0	0	0
1617789956	719852338	0	0	0
1617789956	729668359	0	0	0
1617789956	739837254	0	0	0
1617789956	749734348	0	0	0
1617789956	759835618	0	0	0
1617789956	769834686	0	0	0
1617789956	779904903	0	0	0
1617789956	789724796	0	0	0
1617789956	799756546	0	0	0
1617789956	809838490	0	0	0
1617789956	819580332	0	0	0
1617789956	829561425	0	0	0
1617789956	839580925	0	0	0
1617789956	849583216	0	0	0
1617789956	859674877	0	0	0
1617789956	869731565	0	0	0
1617789956	879698274	0	0	0
1617789956	889601810	0	0	0
1617789956	899793049	0	0	0
1617789956	909854100	0	0	0
1617789956	919753043	0	0	0
1617789956	929818482	0	0	0
1617789956	939698997	0	0	0
1617789956	949742783	0	0	0
1617789956	959774335	0	0	0
1617789956	969830544	0	0	0
1617789956	979759397	0	0	0
1617789956	989728619	0	0	0
1617789956	999701335	0	0	0
1617789957	9693167	0	0	0
1617789957	19729998	0	0	0
1617789957	29865649	0	0	0
1617789957	39859239	0	0	0
1617789957	49812318	0	0	0
1617789957	59777703	0	0	0
1617789957	69872066	0	0	0
1617789957	79892191	0	0	0
1617789957	89777715	0	0	0
1617789957	99765067	0	0	0
1617789957	109709087	0	0	0
1617789957	119796898	0	0	0
1617789957	129813301	0	0	0
1617789957	139784639	0	0	0
1617789957	149873754	0	0	0
1617789957	159870675	0	0	0
1617789957	169685037	0	0	0
1617789957	179712146	0	0	0
1617789957	189713055	0	0	0
1617789957	199726046	0	0	0
1617789957	209806086	0	0	0
1617789957	219679643	0	0	0
1617789957	229740911	0	0	0
1617789957	239752139	0	0	0
1617789957	249787391	0	0	0
1617789957	259757365	0	0	0
1617789957	269822038	0	0	0
1617789957	279693105	0	0	0
1617789957	289704158	0	0	0
1617789957	299678030	0	0	0
1617789957	309656333	0	0	0
1617789957	319732590	0	0	0
1617789957	329622955	0	0	0
1617789957	339751641	0	0	0
1617789957	349803453	0	0	0
1617789957	359760606	0	0	0
1617789957	369733301	0	0	0
1617789957	379755769	0	0	0
1617789957	389722369	0	0	0
1617789957	399828781	0	0	0
1617789957	409719213	0	0	0
1617789957	419887642	0	0	0
1617789957	429639726	0	0	0
1617789957	439807782	0	0	0
1617789957	449744808	0	0	0
1617789957	459731640	0	0	0
1617789957	469799167	0	0	0
1617789957	479820340	0	0	0
1617789957	489783350	0	0	0
1617789957	499719998	0	0	0
1617789957	509785421	0	0	0
1617789957	519661310	0	0	0
1617789957	529598975	0	0	0
1617789957	539683000	0	0	0
1617789957	549800726	0	0	0
1617789957	559873675	0	0	0
1617789957	569734020	0	0	0
1617789957	579824383	0	0	0
1617789957	589961847	0	0	0
1617789957	599744671	0	0	0
1617789957	609726889	0	0	0
1617789957	619715697	0	0	0
1617789957	629751044	0	0	0
1617789957	639838119	0	0	0
1617789957	649853048	0	0	0
1617789957	659846991	0	0	0
1617789957	669632756	0	0	0
1617789957	679717982	0	0	0
1617789957	689742970	0	0	0
1617789957	699838121	0	0	0
1617789957	709778781	0	0	0
1617789957	719658661	0	0	0
1617789957	729820086	0	0	0
1617789957	739766054	0	0	0
1617789957	749840850	0	0	0
1617789957	759704762	0	0	0
1617789957	769787759	0	0	0
1617789957	779698714	0	0	0
1617789957	789715436	0	0	0
1617789957	799730103	0	0	0
1617789957	809869819	0	0	0
1617789957	819883064	0	0	0
1617789957	829730784	0	0	0
1617789957	839881752	0	0	0
1617789957	849754293	0	0	0
1617789957	859644113	0	0	0
1617789957	869719189	0	0	0
1617789957	879763983	0	0	0
1617789957	889678632	0	0	0
1617789957	899724642	0	0	0
1617789957	909722836	0	0	0
1617789957	919618031	0	0	0
1617789957	929744816	0	0	0
1617789957	939763497	0	0	0
1617789957	949841839	0	0	0
1617789957	959809627	0	0	0
1617789957	969906281	0	0	0
1617789957	979839986	0	0	0
1617789957	989873403	0	0	0
1617789957	999773829	0	0	0
1617789958	9745947	0	0	0
1617789958	19841440	0	0	0
1617789958	29744037	0	0	0
1617789958	39873294	0	0	0
1617789958	49873177	0	0	0
1617789958	59733649	0	0	0
1617789958	69782462	0	0	0
1617789958	79810559	0	0	0
1617789958	89737646	0	0	0
1617789958	99879436	0	0	0
1617789958	109745616	0	0	0
1617789958	119786186	0	0	0
1617789958	129848159	0	0	0
1617789958	139643685	0	0	0
1617789958	149791438	0	0	0
1617789958	159871353	0	0	0
1617789958	169799013	0	0	0
1617789958	179704920	0	0	0
1617789958	189744852	0	0	0
1617789958	199691514	0	0	0
1617789958	209668967	0	0	0
1617789958	219748873	0	0	0
1617789958	229744124	0	0	0
1617789958	239897209	0	0	0
1617789958	249857384	0	0	0
1617789958	259868749	0	0	0
1617789958	269823986	0	0	0
1617789958	279857049	0	0	0
1617789958	289883455	0	0	0
1617789958	299754408	0	0	0
1617789958	309844871	0	0	0
1617789958	319761736	0	0	0
1617789958	329733053	0	0	0
1617789958	339778777	0	0	0
1617789958	349649295	0	0	0
1617789958	359713666	0	0	0
1617789958	369810792	0	0	0
1617789958	379852755	0	0	0
1617789958	389782797	0	0	0
1617789958	399790463	0	0	0
1617789958	409892913	0	0	0
1617789958	419679686	0	0	0
1617789958	429862005	0	0	0
1617789958	439901122	0	0	0
1617789958	449744305	0	0	0
1617789958	459723397	0	0	0
1617789958	469743313	0	0	0
1617789958	479899225	0	0	0
1617789958	489683115	0	0	0
1617789958	499884889	0	0	0
1617789958	509733759	0	0	0
1617789958	519650073	0	0	0
1617789958	529885420	0	0	0
1617789958	539756543	0	0	0
1617789958	549835944	0	0	0
1617789958	559684606	0	0	0
1617789958	569826031	0	0	0
1617789958	579769579	0	0	0
1617789958	589710702	0	0	0
1617789958	599842959	0	0	0
1617789958	609878420	0	0	0
1617789958	619857906	0	0	0
1617789958	629886427	0	0	0
1617789958	639727656	0	0	0
1617789958	649842111	0	0	0
1617789958	659875582	0	0	0
1617789958	669735700	0	0	0
1617789958	679770486	0	0	0
1617789958	689728886	0	0	0
1617789958	699740648	0	0	0
1617789958	709806531	0	0	0
1617789958	719925472	0	0	0
1617789958	729948992	0	0	0
1617789958	739758480	0	0	0
1617789958	749829618	0	0	0
1617789958	759718312	0	0	0
1617789958	769924397	0	0	0
1617789958	779848362	0	0	0
1617789958	789818409	0	0	0
1617789958	799794951	0	0	0
1617789958	809733187	0	0	0
1617789958	819713258	0	0	0
1617789958	829737021	0	0	0
1617789958	839640033	0	0	0
1617789958	849730189	0	0	0
1617789958	859718023	0	0	0
1617789958	869789721	0	0	0
1617789958	879731097	0	0	0
1617789958	889782958	0	0	0
1617789958	899686572	0	0	0
1617789958	909923084	0	0	0
1617789958	919895553	0	0	0
1617789958	929795847	0	0	0
1617789958	939761664	0	0	0
1617789958	949794730	0	0	0
1617789958	959671160	0	0	0
1617789958	969866795	0	0	0
1617789958	979812428	0	0	0
1617789958	989898025	0	0	0
1617789958	999866871	0	0	0
1617789959	9714353	0	0	0
1617789959	19711609	0	0	0
1617789959	29898221	0	0	0
1617789959	39768727	0	0	0
1617789959	49712614	0	0	0
1617789959	59745428	0	0	0
1617789959	69783268	0	0	0
1617789959	79893677	0	0	0
1617789959	89743685	0	0	0
1617789959	99784704	0	0	0
1617789959	109913787	0	0	0
1617789959	119815820	0	0	0
1617789959	129788150	0	0	0
1617789959	139847988	0	0	0
1617789959	149691076	0	0	0
1617789959	159754992	0	0	0
1617789959	169754382	0	0	0
1617789959	179794657	0	0	0
1617789959	189815847	0	0	0
1617789959	199712634	0	0	0
1617789959	209790187	0	0	0
1617789959	219702500	0	0	0
1617789959	229742547	0	0	0
1617789959	239844369	0	0	0
1617789959	249817502	0	0	0
1617789959	259838881	0	0	0
1617789959	269798922	0	0	0
1617789959	279795982	0	0	0
1617789959	289839627	0	0	0
1617789959	299807756	0	0	0
1617789959	309741063	0	0	0
1617789959	319751775	0	0	0
1617789959	329709382	0	0	0
1617789959	339695994	0	0	0
1617789959	349829762	0	0	0
1617789959	359751989	0	0	0
1617789959	369688768	0	0	0
1617789959	379774613	0	0	0
1617789959	389805871	0	0	0
1617789959	399800332	0	0	0
1617789959	409871870	0	0	0
1617789959	419910654	0	0	0
1617789959	429803248	0	0	0
1617789959	439889806	0	0	0
1617789959	449801873	0	0	0
1617789959	459770525	0	0	0
1617789959	469904771	0	0	0
1617789959	479859757	0	0	0
1617789959	489927661	0	0	0
1617789959	499802697	0	0	0
1617789959	509656534	0	0	0
1617789959	519771941	0	0	0
1617789959	529920090	0	0	0
1617789959	539848466	0	0	0
1617789959	549903559	0	0	0
1617789959	559871348	0	0	0
1617789959	569867926	0	0	0
1617789959	579769542	0	0	0
1617789959	589888809	0	0	0
1617789959	599707901	0	0	0
1617789959	609774015	0	0	0
1617789959	619818468	0	0	0
1617789959	629888143	0	0	0
1617789959	639857042	0	0	0
1617789959	649785830	0	0	0
1617789959	659765545	0	0	0
1617789959	669811376	0	0	0
1617789959	679802461	0	0	0
1617789959	689752799	0	0	0
1617789959	699821423	0	0	0
1617789959	709781223	0	0	0
1617789959	719747846	0	0	0
1617789959	729726429	0	0	0
1617789959	739807537	0	0	0
1617789959	749810601	0	0	0
1617789959	759709776	0	0	0
1617789959	769675741	0	0	0
1617789959	779767727	0	0	0
1617789959	789909274	0	0	0
1617789959	799743509	0	0	0
1617789959	809819114	0	0	0
1617789959	819697476	0	0	0
1617789959	829651157	0	0	0
1617789959	839681762	0	0	0
1617789959	849734296	0	0	0
1617789959	859839077	0	0	0
1617789959	869722320	0	0	0
1617789959	879845052	0	0	0
1617789959	889829214	0	0	0
1617789959	899706797	0	0	0
1617789959	909746513	0	0	0
1617789959	919864012	0	0	0
1617789959	929804792	0	0	0
1617789959	939782243	0	0	0
1617789959	949866660	0	0	0
1617789959	959656217	0	0	0
1617789959	969916618	0	0	0
1617789959	979860568	0	0	0
1617789959	989957433	0	0	0
1617789959	999703632	0	0	0
1617789960	9884449	0	0	0
1617789960	19910865	0	0	0
1617789960	29740358	0	0	0
1617789960	39817345	0	0	0
1617789960	49711415	0	0	0
1617789960	59818570	0	0	0
1617789960	69903018	0	0	0
1617789960	79898845	0	0	0
1617789960	89883289	0	0	0
1617789960	99812325	0	0	0
1617789960	109851070	0	0	0
1617789960	119904531	0	0	0
1617789960	129742011	0	0	0
1617789960	139753795	0	0	0
1617789960	149800857	0	0	0
1617789960	159778182	0	0	0
1617789960	169833298	0	0	0
1617789960	179888592	0	0	0
1617789960	189932597	0	0	0
1617789960	199696985	0	0	0
1617789960	209943480	0	0	0
1617789960	219839994	0	0	0
1617789960	229903523	0	0	0
1617789960	239769175	0	0	0
1617789960	249859905	0	0	0
1617789960	259785748	0	0	0
1617789960	269789425	0	0	0
1617789960	279819595	0	0	0
1617789960	289880177	0	0	0
1617789960	299773239	0	0	0
1617789960	309883978	0	0	0
1617789960	319753777	0	0	0
1617789960	329843225	0	0	0
1617789960	339726833	0	0	0
1617789960	349714992	0	0	0
1617789960	359763803	0	0	0
1617789960	369797242	0	0	0
1617789960	379728343	0	0	0
1617789960	389696744	0	0	0
1617789960	399812155	0	0	0
1617789960	409737803	0	0	0
1617789960	419921288	0	0	0
1617789960	429847858	0	0	0
1617789960	439829295	0	0	0
1617789960	449834310	0	0	0
1617789960	459719814	0	0	0
1617789960	469844768	0	0	0
1617789960	479790898	0	0	0
1617789960	489868635	0	0	0
1617789960	499834713	0	0	0
1617789960	509891042	0	0	0
1617789960	519772707	0	0	0
1617789960	529906379	0	0	0
1617789960	539903372	0	0	0
1617789960	549812792	0	0	0
1617789960	559805834	0	0	0
1617789960	569841073	0	0	0
1617789960	579740252	0	0	0
1617789960	589853692	0	0	0
1617789960	599761637	0	0	0
1617789960	609712668	0	0	0
1617789960	619713738	0	0	0
1617789960	629891670	0	0	0
1617789960	639700960	0	0	0
1617789960	649726199	0	0	0
1617789960	659840251	0	0	0
1617789960	669724327	0	0	0
1617789960	679901945	0	0	0
1617789960	689934885	0	0	0
1617789960	699830389	0	0	0
1617789960	709825516	0	0	0
1617789960	719740770	0	0	0
1617789960	729871023	0	0	0
1617789960	739842725	0	0	0
1617789960	749782585	0	0	0
1617789960	759689686	0	0	0
1617789960	769788019	0	0	0
1617789960	779730541	0	0	0
1617789960	789745909	0	0	0
1617789960	799821212	0	0	0
1617789960	809845266	0	0	0
1617789960	819841200	0	0	0
1617789960	829903087	0	0	0
1617789960	839889325	0	0	0
1617789960	849654782	0	0	0
1617789960	859823338	0	0	0
1617789960	869829875	0	0	0
1617789960	879764183	0	0	0
1617789960	889881095	0	0	0
1617789960	899821466	0	0	0
1617789960	909823498	0	0	0
1617789960	919938102	0	0	0
1617789960	929797930	0	0	0
1617789960	939902232	0	0	0
1617789960	949917908	0	0	0
1617789960	959848614	0	0	0
1617789960	969731257	0	0	0
1617789960	979830702	0	0	0
1617789960	989724173	0	0	0
1617789960	999720059	0	0	0
1617789961	9858579	0	0	0
1617789961	19852256	0	0	0
1617789961	29715983	0	0	0
1617789961	39757323	0	0	0
1617789961	49775109	0	0	0
1617789961	59803233	0	0	0
1617789961	69710055	0	0	0
1617789961	79844156	0	0	0
1617789961	89683659	0	0	0
1617789961	99843088	0	0	0
1617789961	109723056	0	0	0
1617789961	119603096	0	0	0
1617789961	129783648	0	0	0
1617789961	139875583	0	0	0
1617789961	149795324	0	0	0
1617789961	159813732	0	0	0
1617789961	169819985	0	0	0
1617789961	179840167	0	0	0
1617789961	189732466	0	0	0
1617789961	199704414	0	0	0
1617789961	209693688	0	0	0
1617789961	219819859	0	0	0
1617789961	229836278	0	0	0
1617789961	239730993	0	0	0
1617789961	249751190	0	0	0
1617789961	259866707	0	0	0
1617789961	269699044	0	0	0
1617789961	279864641	0	0	0
1617789961	289892914	0	0	0
1617789961	299837577	0	0	0
1617789961	309798977	0	0	0
1617789961	319732556	0	0	0
1617789961	329618469	0	0	0
1617789961	339744166	0	0	0
1617789961	349840061	0	0	0
1617789961	359913946	0	0	0
1617789961	369785558	0	0	0
1617789961	379778340	0	0	0
1617789961	389824208	0	0	0
1617789961	399864379	0	0	0
1617789961	409819818	0	0	0
1617789961	419902152	0	0	0
1617789961	429902115	0	0	0
1617789961	439798990	0	0	0
1617789961	449860953	0	0	0
1617789961	459720757	0	0	0
1617789961	469882679	0	0	0
1617789961	479860185	0	0	0
1617789961	489684508	0	0	0
1617789961	499840264	0	0	0
1617789961	509692093	0	0	0
1617789961	519795659	0	0	0
1617789961	529744709	0	0	0
1617789961	539812498	0	0	0
1617789961	549785363	0	0	0
1617789961	559744389	0	0	0
1617789961	569819404	0	0	0
1617789961	579798550	0	0	0
1617789961	589734481	0	0	0
1617789961	599674790	0	0	0
1617789961	609826744	0	0	0
1617789961	619717733	0	0	0
1617789961	629856487	0	0	0
1617789961	639782073	0	0	0
1617789961	649836858	0	0	0
1617789961	659802434	0	0	0
1617789961	669753626	0	0	0
1617789961	679695598	0	0	0
1617789961	689825376	0	0	0
1617789961	699800788	0	0	0
1617789961	709899547	0	0	0
1617789961	719807564	0	0	0
1617789961	729783826	0	0	0
1617789961	739791571	0	0	0
1617789961	749827083	0	0	0
1617789961	759920761	0	0	0
1617789961	769737287	0	0	0
1617789961	779664942	0	0	0
1617789961	789683006	0	0	0
1617789961	799876368	0	0	0
1617789961	809852047	0	0	0
1617789961	819983506	0	0	0
1617789961	829939051	0	0	0
1617789961	839912197	0	0	0
1617789961	849943715	0	0	0
1617789961	859808239	0	0	0
1617789961	869719288	0	0	0
1617789961	879816955	0	0	0
1617789961	889725441	0	0	0
1617789961	899880398	0	0	0
1617789961	909819064	0	0	0
1617789961	919876978	0	0	0
1617789961	929857440	0	0	0
1617789961	939876694	0	0	0
1617789961	949998191	0	0	0
1617789961	959948023	0	0	0
1617789961	969745798	0	0	0
1617789961	979866841	0	0	0
1617789961	989929499	0	0	0
1617789961	999869006	0	0	0
1617789962	9927631	0	0	0
1617789962	19722992	0	0	0
1617789962	29842818	0	0	0
1617789962	39737243	0	0	0
1617789962	49853416	0	0	0
1617789962	59814710	0	0	0
1617789962	69879294	0	0	0
1617789962	79800552	0	0	0
1617789962	89833936	0	0	0
1617789962	99841586	0	0	0
1617789962	109935192	0	0	0
1617789962	119783065	0	0	0
1617789962	129910089	0	0	0
1617789962	139952457	0	0	0
1617789962	149867873	0	0	0
1617789962	159984365	0	0	0
1617789962	169751355	0	0	0
1617789962	179887418	0	0	0
1617789962	189687327	0	0	0
1617789962	199934208	0	0	0
1617789962	209945941	0	0	0
1617789962	219814049	0	0	0
1617789962	229847201	0	0	0
1617789962	239895307	0	0	0
1617789962	249885153	0	0	0
1617789962	259722687	0	0	0
1617789962	269745855	0	0	0
1617789962	279818887	0	0	0
1617789962	289879764	0	0	0
1617789962	299858538	0	0	0
1617789962	309887063	0	0	0
1617789962	319932899	0	0	0
1617789962	329796461	0	0	0
1617789962	339715049	0	0	0
1617789962	349736255	0	0	0
1617789962	359966413	0	0	0
1617789962	369849393	0	0	0
1617789962	379708828	0	0	0
1617789962	389797998	0	0	0
1617789962	399901787	0	0	0
1617789962	409949368	0	0	0
1617789962	419882930	0	0	0
1617789962	429864489	0	0	0
1617789962	439861766	0	0	0
1617789962	449902330	0	0	0
1617789962	459869066	0	0	0
1617789962	469828203	0	0	0
1617789962	479838907	0	0	0
1617789962	489820103	0	0	0
1617789962	499761712	0	0	0
1617789962	509898394	0	0	0
1617789962	519842545	0	0	0
1617789962	529825951	0	0	0
1617789962	539915824	0	0	0
1617789962	549955937	0	0	0
1617789962	559868146	0	0	0
1617789962	569863280	0	0	0
1617789962	579865309	0	0	0
1617789962	589882701	0	0	0
1617789962	599826665	0	0	0
1617789962	609720448	0	0	0
1617789962	619870511	0	0	0
1617789962	629999778	0	0	0
1617789962	639839011	0	0	0
1617789962	649899365	0	0	0
1617789962	659694388	0	0	0
1617789962	669822953	0	0	0
1617789962	679688650	0	0	0
1617789962	689717635	0	0	0
1617789962	699821036	0	0	0
1617789962	709818954	0	0	0
1617789962	719745543	0	0	0
1617789962	729817687	0	0	0
1617789962	739653631	0	0	0
1617789962	749784658	0	0	0
1617789962	759781102	0	0	0
1617789962	769733371	0	0	0
1617789962	779901884	0	0	0
1617789962	789731873	0	0	0
1617789962	799855366	0	0	0
1617789962	809748111	0	0	0
1617789962	819911402	0	0	0
1617789962	829723761	0	0	0
1617789962	839952835	0	0	0
1617789962	849994004	0	0	0
1617789962	859786325	0	0	0
1617789962	869813220	0	0	0
1617789962	879768845	0	0	0
1617789962	889945951	0	0	0
1617789962	899895829	0	0	0
1617789962	909913622	0	0	0
1617789962	919798890	0	0	0
1617789962	929845669	0	0	0
1617789962	939823727	0	0	0
1617789962	949880894	0	0	0
1617789962	959876619	0	0	0
1617789962	969778543	0	0	0
1617789962	979732491	0	0	0
1617789962	989858129	0	0	0
1617789962	999751025	0	0	0
1617789963	9785208	0	0	0
1617789963	19878998	0	0	0
1617789963	29895354	0	0	0
1617789963	39744363	0	0	0
1617789963	49827241	0	0	0
1617789963	59785141	0	0	0
1617789963	69799715	0	0	0
1617789963	79735167	0	0	0
1617789963	89877915	0	0	0
1617789963	99736589	0	0	0
1617789963	109904888	0	0	0
1617789963	119839636	0	0	0
1617789963	129857136	0	0	0
1617789963	139938246	0	0	0
1617789963	149732210	0	0	0
1617789963	159842410	0	0	0
1617789963	169866769	0	0	0
1617789963	179783799	0	0	0
1617789963	189705201	0	0	0
1617789963	199843688	0	0	0
1617789963	209870735	0	0	0
1617789963	219773575	0	0	0
1617789963	229889335	0	0	0
1617789963	239849339	0	0	0
1617789963	249740971	0	0	0
1617789963	259952394	0	0	0
1617789963	269882775	0	0	0
1617789963	279787609	0	0	0
1617789963	289875909	0	0	0
1617789963	299944144	0	0	0
1617789963	309837099	0	0	0
1617789963	319811847	0	0	0
1617789963	329864030	0	0	0
1617789963	339894833	0	0	0
1617789963	349918085	0	0	0
1617789963	359846318	0	0	0
1617789963	369798600	0	0	0
1617789963	379928751	0	0	0
1617789963	389745914	0	0	0
1617789963	399860307	0	0	0
1617789963	409811305	0	0	0
1617789963	419839516	0	0	0
1617789963	429795385	0	0	0
1617789963	439854629	0	0	0
1617789963	449798536	0	0	0
1617789963	459768184	0	0	0
1617789963	469902132	0	0	0
1617789963	479815676	0	0	0
1617789963	489920103	0	0	0
1617789963	499885697	0	0	0
1617789963	509806314	0	0	0
1617789963	519791770	0	0	0
1617789963	529975850	0	0	0
1617789963	539852934	0	0	0
1617789963	549898020	0	0	0
1617789963	559886979	0	0	0
1617789963	569883238	0	0	0
1617789963	579818708	0	0	0
1617789963	589882428	0	0	0
1617789963	599779805	0	0	0
1617789963	610000088	0	0	0
1617789963	619801134	0	0	0
1617789963	629690647	0	0	0
1617789963	639716522	0	0	0
1617789963	649858018	0	0	0
1617789963	659830785	0	0	0
1617789963	669830277	0	0	0
1617789963	679810670	0	0	0
1617789963	689789686	0	0	0
1617789963	699927720	0	0	0
1617789963	709883974	0	0	0
1617789963	719803345	0	0	0
1617789963	729907275	0	0	0
1617789963	739894658	0	0	0
1617789963	749931102	0	0	0
1617789963	759946783	0	0	0
1617789963	769943725	0	0	0
1617789963	779940562	0	0	0
1617789963	789824287	0	0	0
1617789963	799700317	0	0	0
1617789963	809900804	0	0	0
1617789963	819893906	0	0	0
1617789963	829867319	0	0	0
1617789963	839873940	0	0	0
1617789963	849848117	0	0	0
1617789963	859914603	0	0	0
1617789963	869809749	0	0	0
1617789963	879839113	0	0	0
1617789963	889849959	0	0	0
1617789963	899934430	0	0	0
1617789963	909844491	0	0	0
1617789963	919809205	0	0	0
1617789963	929832193	0	0	0
1617789963	939781604	0	0	0
1617789963	949804036	0	0	0
1617789963	959900189	0	0	0
1617789963	969906368	0	0	0
1617789963	979923115	0	0	0
1617789963	989936666	0	0	0
1617789963	999759036	0	0	0
1617789964	9880397	0	0	0
1617789964	19763128	0	0	0
1617789964	29912990	0	0	0
1617789964	39734958	0	0	0
1617789964	49856544	0	0	0
1617789964	59967413	0	0	0
1617789964	69936246	0	0	0
1617789964	79739690	0	0	0
1617789964	89773669	0	0	0
1617789964	99847584	0	0	0
1617789964	109842121	0	0	0
1617789964	119758926	0	0	0
1617789964	129928328	0	0	0
1617789964	139855135	0	0	0
1617789964	149686735	0	0	0
1617789964	159940749	0	0	0
1617789964	169810688	0	0	0
1617789964	179817075	0	0	0
1617789964	189815160	0	0	0
1617789964	199793900	0	0	0
1617789964	209776334	0	0	0
1617789964	219735727	0	0	0
1617789964	229706874	0	0	0
1617789964	239834471	0	0	0
1617789964	249726881	0	0	0
1617789964	259807327	0	0	0
1617789964	269888035	0	0	0
1617789964	279742033	0	0	0
1617789964	289952650	0	0	0
1617789964	299960099	0	0	0
1617789964	309867019	0	0	0
1617789964	319917989	0	0	0
1617789964	329822060	0	0	0
1617789964	339910559	0	0	0
1617789964	349871878	0	0	0
1617789964	359801996	0	0	0
1617789964	369932890	0	0	0
1617789964	379889207	0	0	0
1617789964	389913676	0	0	0
1617789964	399815896	0	0	0
1617789964	409751594	0	0	0
1617789964	419779775	0	0	0
1617789964	429890718	0	0	0
1617789964	439826260	0	0	0
1617789964	449921111	0	0	0
1617789964	459764911	0	0	0
1617789964	469892721	0	0	0
1617789964	479812367	0	0	0
1617789964	489825465	0	0	0
1617789964	499750865	0	0	0
1617789964	509899656	0	0	0
1617789964	519970430	0	0	0
1617789964	529726861	0	0	0
1617789964	539769298	0	0	0
1617789964	549792856	0	0	0
1617789964	559920704	0	0	0
1617789964	569786820	0	0	0
1617789964	579957249	0	0	0
1617789964	589864763	0	0	0
1617789964	599830117	0	0	0
1617789964	609887034	0	0	0
1617789964	619865265	0	0	0
1617789964	629845431	0	0	0
1617789964	639790026	0	0	0
1617789964	649814379	0	0	0
1617789964	659828369	0	0	0
1617789964	669897570	0	0	0
1617789964	679911203	0	0	0
1617789964	689931183	0	0	0
1617789964	699930566	0	0	0
1617789964	709866506	0	0	0
1617789964	719743502	0	0	0
1617789964	729936619	0	0	0
1617789964	739829784	0	0	0
1617789964	749832626	0	0	0
1617789964	759889742	0	0	0
1617789964	769969739	0	0	0
1617789964	779825880	0	0	0
1617789964	789878958	0	0	0
1617789964	799770402	0	0	0
1617789964	809945354	0	0	0
1617789964	819800430	0	0	0
1617789964	829907727	0	0	0
1617789964	839796061	0	0	0
1617789964	849919869	0	0	0
1617789964	859834512	0	0	0
1617789964	869925442	0	0	0
1617789964	879972756	0	0	0
1617789964	889772154	0	0	0
1617789964	899852156	0	0	0
1617789964	909716464	0	0	0
1617789964	919891161	0	0	0
1617789964	929856841	0	0	0
1617789964	939817912	0	0	0
1617789964	949811643	0	0	0
1617789964	959861617	0	0	0
1617789964	969824050	0	0	0
1617789964	979853032	0	0	0
1617789964	989906753	0	0	0
1617789964	999877824	0	0	0
1617789965	9866057	0	0	0
1617789965	19969176	0	0	0
1617789965	29816754	0	0	0
1617789965	39756947	0	0	0
1617789965	49935058	0	0	0
1617789965	59846898	0	0	0
1617789965	69867983	0	0	0
1617789965	79836080	0	0	0
1617789965	89817365	0	0	0
1617789965	99874952	0	0	0
1617789965	109883862	0	0	0
1617789965	119738192	0	0	0
1617789965	129887670	0	0	0
1617789965	139977250	0	0	0
1617789965	149906237	0	0	0
1617789965	159785044	0	0	0
1617789965	169816748	0	0	0
1617789965	179871680	0	0	0
1617789965	189848048	0	0	0
1617789965	199908520	0	0	0
1617789965	209939456	0	0	0
1617789965	219898364	0	0	0
1617789965	229932989	0	0	0
1617789965	239809528	0	0	0
1617789965	249896494	0	0	0
1617789965	259839561	0	0	0
1617789965	269926362	0	0	0
1617789965	279759650	0	0	0
1617789965	289896922	0	0	0
1617789965	299822377	0	0	0
1617789965	309871519	0	0	0
1617789965	319752848	0	0	0
1617789965	329944264	0	0	0
1617789965	339844058	0	0	0
1617789965	349880048	0	0	0
1617789965	359802206	0	0	0
1617789965	369885426	0	0	0
1617789965	379946573	0	0	0
1617789965	389880846	0	0	0
1617789965	399818776	0	0	0
1617789965	409973798	0	0	0
1617789965	419963603	0	0	0
1617789965	429819568	0	0	0
1617789965	439998888	0	0	0
1617789965	449866365	0	0	0
1617789965	459834861	0	0	0
1617789965	469989090	0	0	0
1617789965	479860495	0	0	0
1617789965	489825183	0	0	0
1617789965	499977825	0	0	0
1617789965	509864148	0	0	0
1617789965	519903428	0	0	0
1617789965	529841276	0	0	0
1617789965	539817445	0	0	0
1617789965	550014697	0	0	0
1617789965	559867623	0	0	0
1617789965	569899590	0	0	0
1617789965	579894961	0	0	0
1617789965	589871766	0	0	0
1617789965	599781795	0	0	0
1617789965	609901245	0	0	0
1617789965	619820863	0	0	0
1617789965	629868326	0	0	0
1617789965	639816385	0	0	0
1617789965	649875225	0	0	0
1617789965	659734111	0	0	0
1617789965	669920296	0	0	0
1617789965	679868198	0	0	0
1617789965	689910737	0	0	0
1617789965	699807964	0	0	0
1617789965	709847449	0	0	0
1617789965	719841598	0	0	0
1617789965	729965739	0	0	0
1617789965	739878375	0	0	0
1617789965	749966630	0	0	0
1617789965	766513003	0	0	0
1617789965	769721580	0	0	0
1617789965	779731172	0	0	0
1617789965	789958807	0	0	0
1617789965	799847698	0	0	0
1617789965	809969798	0	0	0
1617789965	819868287	0	0	0
1617789965	829909594	0	0	0
1617789965	839777606	0	0	0
1617789965	849968398	0	0	0
1617789965	859877888	0	0	0
1617789965	869913780	0	0	0
1617789965	879816859	0	0	0
1617789965	889941605	0	0	0
1617789965	899954485	0	0	0
1617789965	909961241	0	0	0
1617789965	919889367	0	0	0
1617789965	929905759	0	0	0
1617789965	939873240	0	0	0
1617789965	949862161	0	0	0
1617789965	959925150	0	0	0
1617789965	969821074	0	0	0
1617789965	979897522	0	0	0
1617789965	989845001	0	0	0
1617789965	999893088	0	0	0
1617789966	10012000	0	0	0
1617789966	19862079	0	0	0
1617789966	29926120	0	0	0
1617789966	39913610	0	0	0
1617789966	49850635	0	0	0
1617789966	59791370	0	0	0
1617789966	69914481	0	0	0
1617789966	79959514	0	0	0
1617789966	89871725	0	0	0
1617789966	99894705	0	0	0
1617789966	109889112	0	0	0
1617789966	119819491	0	0	0
1617789966	129791340	0	0	0
1617789966	139913192	0	0	0
1617789966	149851358	0	0	0
1617789966	159875539	0	0	0
1617789966	169916892	0	0	0
1617789966	179933521	0	0	0
1617789966	189913239	0	0	0
1617789966	199939500	0	0	0
1617789966	209840752	0	0	0
1617789966	219890570	0	0	0
1617789966	229910467	0	0	0
1617789966	239863929	0	0	0
1617789966	249957041	0	0	0
1617789966	259873947	0	0	0
1617789966	269878483	0	0	0
1617789966	279777050	0	0	0
1617789966	289897161	0	0	0
1617789966	299977592	0	0	0
1617789966	309980676	0	0	0
1617789966	319845992	0	0	0
1617789966	329914731	0	0	0
1617789966	339916336	0	0	0
1617789966	349915881	0	0	0
1617789966	359932145	0	0	0
1617789966	369869972	0	0	0
1617789966	379852995	0	0	0
1617789966	389860432	0	0	0
1617789966	399872590	0	0	0
1617789966	409863360	0	0	0
1617789966	419806391	0	0	0
1617789966	429853000	0	0	0
1617789966	439926547	0	0	0
1617789966	449791516	0	0	0
1617789966	459900920	0	0	0
1617789966	470003658	0	0	0
1617789966	479904979	0	0	0
1617789966	489901787	0	0	0
1617789966	499807172	0	0	0
1617789966	509891132	0	0	0
1617789966	519850683	0	0	0
1617789966	529953248	0	0	0
1617789966	539885650	0	0	0
1617789966	549868134	0	0	0
1617789966	559827653	0	0	0
1617789966	569794165	0	0	0
1617789966	579783692	0	0	0
1617789966	589804127	0	0	0
1617789966	599811931	0	0	0
1617789966	609788110	0	0	0
1617789966	619898673	0	0	0
1617789966	629828576	0	0	0
1617789966	639830310	0	0	0
1617789966	649849056	0	0	0
1617789966	659776527	0	0	0
1617789966	669891186	0	0	0
1617789966	679898033	0	0	0
1617789966	689963927	0	0	0
1617789966	699949091	0	0	0
1617789966	709922784	0	0	0
1617789966	719805553	0	0	0
1617789966	730005119	0	0	0
1617789966	739973664	0	0	0
1617789966	749995415	0	0	0
1617789966	760024858	0	0	0
1617789966	770002184	0	0	0
1617789966	779949037	0	0	0
1617789966	789849852	0	0	0
1617789966	799917769	0	0	0
1617789966	809847323	0	0	0
1617789966	819842179	0	0	0
1617789966	829835761	0	0	0
1617789966	839869120	0	0	0
1617789966	849799992	0	0	0
1617789966	859657970	0	0	0
1617789966	869698560	0	0	0
1617789966	879588967	0	0	0
1617789966	889660970	0	0	0
1617789966	899737905	0	0	0
1617789966	909836000	0	0	0
1617789966	919799022	0	0	0
1617789966	929848837	0	0	0
1617789966	939947268	0	0	0
1617789966	949948896	0	0	0
1617789966	959980780	0	0	0
1617789966	969957279	0	0	0
1617789966	979957382	0	0	0
1617789966	990031048	0	0	0
1617789966	999989144	0	0	0
1617789967	9962289	0	0	0
1617789967	19761061	0	0	0
1617789967	30002802	0	0	0
1617789967	39988198	0	0	0
1617789967	50048903	0	0	0
1617789967	59861783	0	0	0
1617789967	69885206	0	0	0
1617789967	79825135	0	0	0
1617789967	89802752	0	0	0
1617789967	99906623	0	0	0
1617789967	109941257	0	0	0
1617789967	119831714	0	0	0
1617789967	129729057	0	0	0
1617789967	139839423	0	0	0
1617789967	149853276	0	0	0
1617789967	159858724	0	0	0
1617789967	169861163	0	0	0
1617789967	179877891	0	0	0
1617789967	190008279	0	0	0
1617789967	199893387	0	0	0
1617789967	209928829	0	0	0
1617789967	219988545	0	0	0
1617789967	230022445	0	0	0
1617789967	239870369	0	0	0
1617789967	249860285	0	0	0
1617789967	259848811	0	0	0
1617789967	269869545	0	0	0
1617789967	279939528	0	0	0
1617789967	289833499	0	0	0
1617789967	299941378	0	0	0
1617789967	309908775	0	0	0
1617789967	319950906	0	0	0
1617789967	329921179	0	0	0
1617789967	339842948	0	0	0
1617789967	349873154	0	0	0
1617789967	359949416	0	0	0
1617789967	369816383	0	0	0
1617789967	379889841	0	0	0
1617789967	389948657	0	0	0
1617789967	399813343	0	0	0
1617789967	409986301	0	0	0
1617789967	419802992	0	0	0
1617789967	429918416	0	0	0
1617789967	439905445	0	0	0
1617789967	449791406	0	0	0
1617789967	459882633	0	0	0
1617789967	469828217	0	0	0
1617789967	480005150	0	0	0
1617789967	489886358	0	0	0
1617789967	499998237	0	0	0
1617789967	509990301	0	0	0
1617789967	519993634	0	0	0
1617789967	529924181	0	0	0
1617789967	539824041	0	0	0
1617789967	549911579	0	0	0
1617789967	559906278	0	0	0
1617789967	569861503	0	0	0
1617789967	579842881	0	0	0
1617789967	589924469	0	0	0
1617789967	599864007	0	0	0
1617789967	609852989	0	0	0
1617789967	619943031	0	0	0
1617789967	629849803	0	0	0
1617789967	639805668	0	0	0
1617789967	649813449	0	0	0
1617789967	659997034	0	0	0
1617789967	669852108	0	0	0
1617789967	679880002	0	0	0
1617789967	689938255	0	0	0
1617789967	699854084	0	0	0
1617789967	710001833	0	0	0
1617789967	719833158	0	0	0
1617789967	729834565	0	0	0
1617789967	739876644	0	0	0
1617789967	749860662	0	0	0
1617789967	759870367	0	0	0
1617789967	769913971	0	0	0
1617789967	779766949	0	0	0
1617789967	789950179	0	0	0
1617789967	799920502	0	0	0
1617789967	809993794	0	0	0
1617789967	819968872	0	0	0
1617789967	829999099	0	0	0
1617789967	840044032	0	0	0
1617789967	849835268	0	0	0
1617789967	859824039	0	0	0
1617789967	869922295	0	0	0
1617789967	879887874	0	0	0
1617789967	889954289	0	0	0
1617789967	899945163	0	0	0
1617789967	909972268	0	0	0
1617789967	919919311	0	0	0
1617789967	929845252	0	0	0
1617789967	939813466	0	0	0
1617789967	949856641	0	0	0
1617789967	959958675	0	0	0
1617789967	969919352	0	0	0
1617789967	979865274	0	0	0
1617789967	989844628	0	0	0
1617789967	999810063	0	0	0
1617789968	9967412	0	0	0
1617789968	19936417	0	0	0
1617789968	29920238	0	0	0
1617789968	39923201	0	0	0
1617789968	50045949	0	0	0
1617789968	60021547	0	0	0
1617789968	69902226	0	0	0
1617789968	79915463	0	0	0
1617789968	89928520	0	0	0
1617789968	99900199	0	0	0
1617789968	109912925	0	0	0
1617789968	119806381	0	0	0
1617789968	129941286	0	0	0
1617789968	139978450	0	0	0
1617789968	149921196	0	0	0
1617789968	159979635	0	0	0
1617789968	169970972	0	0	0
1617789968	179830811	0	0	0
1617789968	189856989	0	0	0
1617789968	199838468	0	0	0
1617789968	210048748	0	0	0
1617789968	219899354	0	0	0
1617789968	229950171	0	0	0
1617789968	239991143	0	0	0
1617789968	249930448	0	0	0
1617789968	259981730	0	0	0
1617789968	269946086	0	0	0
1617789968	279913493	0	0	0
1617789968	289886408	0	0	0
1617789968	299970710	0	0	0
1617789968	309921739	0	0	0
1617789968	319769973	0	0	0
1617789968	329855976	0	0	0
1617789968	339924553	0	0	0
1617789968	349888841	0	0	0
1617789968	359854521	0	0	0
1617789968	369809906	0	0	0
1617789968	379819459	0	0	0
1617789968	389709330	0	0	0
1617789968	399827265	0	0	0
1617789968	409999848	0	0	0
1617789968	419855736	0	0	0
1617789968	429895654	0	0	0
1617789968	439822344	0	0	0
1617789968	449998975	0	0	0
1617789968	459936694	0	0	0
1617789968	469838085	0	0	0
1617789968	479839842	0	0	0
1617789968	489929612	0	0	0
1617789968	499820072	0	0	0
1617789968	509860842	0	0	0
1617789968	519904728	0	0	0
1617789968	529912162	0	0	0
1617789968	539992445	0	0	0
1617789968	550042590	0	0	0
1617789968	559920169	0	0	0
1617789968	569818354	0	0	0
1617789968	579924084	0	0	0
1617789968	589849593	0	0	0
1617789968	599934252	0	0	0
1617789968	609940953	0	0	0
1617789968	619889241	0	0	0
1617789968	629964219	0	0	0
1617789968	639894848	0	0	0
1617789968	650006478	0	0	0
1617789968	659845677	0	0	0
1617789968	669870671	0	0	0
1617789968	679899564	0	0	0
1617789968	689960094	0	0	0
1617789968	699902857	0	0	0
1617789968	709930740	0	0	0
1617789968	719913284	0	0	0
1617789968	730020922	0	0	0
1617789968	739877553	0	0	0
1617789968	749953504	0	0	0
1617789968	759924154	0	0	0
1617789968	769945750	0	0	0
1617789968	779807867	0	0	0
1617789968	789891895	0	0	0
1617789968	799859278	0	0	0
1617789968	809908567	0	0	0
1617789968	819837786	0	0	0
1617789968	830019809	0	0	0
1617789968	839918851	0	0	0
1617789968	849981895	0	0	0
1617789968	859970077	0	0	0
1617789968	869952834	0	0	0
1617789968	879915276	0	0	0
1617789968	890054837	0	0	0
1617789968	899903983	0	0	0
1617789968	909751611	0	0	0
1617789968	919872903	0	0	0
1617789968	929969477	0	0	0
1617789968	939984357	0	0	0
1617789968	949963071	0	0	0
1617789968	959971423	0	0	0
1617789968	969929302	0	0	0
1617789968	979916015	0	0	0
1617789968	989923420	0	0	0
1617789968	999862761	0	0	0
1617789969	9900289	0	0	0
1617789969	19928928	0	0	0
1617789969	29952756	0	0	0
1617789969	39928920	0	0	0
1617789969	49950494	0	0	0
1617789969	59903427	0	0	0
1617789969	69775607	0	0	0
1617789969	79811307	0	0	0
1617789969	89893276	0	0	0
1617789969	99920059	0	0	0
1617789969	109974978	0	0	0
1617789969	119968124	0	0	0
1617789969	130029385	0	0	0
1617789969	139917843	0	0	0
1617789969	150024355	0	0	0
1617789969	160082423	0	0	0
1617789969	169837334	0	0	0
1617789969	179829434	0	0	0
1617789969	189925684	0	0	0
1617789969	199922947	0	0	0
1617789969	209805476	0	0	0
1617789969	219871706	0	0	0
1617789969	229946226	0	0	0
1617789969	239813500	0	0	0
1617789969	249907730	0	0	0
1617789969	259892570	0	0	0
1617789969	269907478	0	0	0
1617789969	279744023	0	0	0
1617789969	289856394	0	0	0
1617789969	299820283	0	0	0
1617789969	309912936	0	0	0
1617789969	319866089	0	0	0
1617789969	329936132	0	0	0
1617789969	339838992	0	0	0
1617789969	349787706	0	0	0
1617789969	359924838	0	0	0
1617789969	369885061	0	0	0
1617789969	379964893	0	0	0
1617789969	389877049	0	0	0
1617789969	399921808	0	0	0
1617789969	409903776	0	0	0
1617789969	419917377	0	0	0
1617789969	429959490	0	0	0
1617789969	439992260	0	0	0
1617789969	449830089	0	0	0
1617789969	460015068	0	0	0
1617789969	469867057	0	0	0
1617789969	479991701	0	0	0
1617789969	489878635	0	0	0
1617789969	499876355	0	0	0
1617789969	509845222	0	0	0
1617789969	519989222	0	0	0
1617789969	529907576	0	0	0
1617789969	539904520	0	0	0
1617789969	549804003	0	0	0
1617789969	559877538	0	0	0
1617789969	569967653	0	0	0
1617789969	579958036	0	0	0
1617789969	589862183	0	0	0
1617789969	599970744	0	0	0
1617789969	610061939	0	0	0
1617789969	619784471	0	0	0
1617789969	629999676	0	0	0
1617789969	639864285	0	0	0
1617789969	650062875	0	0	0
1617789969	659798761	0	0	0
1617789969	670026445	0	0	0
1617789969	679890154	0	0	0
1617789969	689920605	0	0	0
1617789969	700043470	0	0	0
1617789969	710003224	0	0	0
1617789969	720034855	0	0	0
1617789969	729988261	0	0	0
1617789969	739918061	0	0	0
1617789969	749859021	0	0	0
1617789969	759898101	0	0	0
1617789969	769935229	0	0	0
1617789969	779988698	0	0	0
1617789969	789843195	0	0	0
1617789969	799898559	0	0	0
1617789969	809870384	0	0	0
1617789969	820034381	0	0	0
1617789969	829837974	0	0	0
1617789969	840016838	0	0	0
1617789969	849993918	0	0	0
1617789969	859832040	0	0	0
1617789969	869828315	0	0	0
1617789969	879911119	0	0	0
1617789969	889885572	0	0	0
1617789969	899892069	0	0	0
1617789969	909889440	0	0	0
1617789969	919933261	0	0	0
1617789969	929928870	0	0	0
1617789969	939832597	0	0	0
1617789969	949834799	0	0	0
1617789969	959928672	0	0	0
1617789969	969960334	0	0	0
1617789969	979922129	0	0	0
1617789969	989960754	0	0	0
1617789969	999841192	0	0	0
1617789970	9899754	0	0	0
1617789970	19961088	0	0	0
1617789970	30008993	0	0	0
1617789970	39866252	0	0	0
1617789970	49979853	0	0	0
1617789970	59821452	0	0	0
1617789970	69874917	0	0	0
1617789970	79903986	0	0	0
1617789970	89878420	0	0	0
1617789970	100007640	0	0	0
1617789970	109902002	0	0	0
1617789970	119829926	0	0	0
1617789970	130023165	0	0	0
1617789970	139763134	0	0	0
1617789970	149920065	0	0	0
1617789970	159927045	0	0	0
1617789970	169945694	0	0	0
1617789970	179902619	0	0	0
1617789970	189753585	0	0	0
1617789970	199859795	0	0	0
1617789970	209965505	0	0	0
1617789970	219830902	0	0	0
1617789970	229858032	0	0	0
1617789970	239924214	0	0	0
1617789970	249944955	0	0	0
1617789970	259909943	0	0	0
1617789970	269944748	0	0	0
1617789970	279931784	0	0	0
1617789970	289852539	0	0	0
1617789970	299990413	0	0	0
1617789970	309910555	0	0	0
1617789970	319762811	0	0	0
1617789970	329906782	0	0	0
1617789970	339878398	0	0	0
1617789970	349772060	0	0	0
1617789970	359878139	0	0	0
1617789970	369909347	0	0	0
1617789970	379983010	0	0	0
1617789970	389783713	0	0	0
1617789970	399908236	0	0	0
1617789970	409987231	0	0	0
1617789970	419874458	0	0	0
1617789970	429886966	0	0	0
1617789970	439885176	0	0	0
1617789970	449964540	0	0	0
1617789970	459941673	0	0	0
1617789970	469979160	0	0	0
1617789970	479930607	0	0	0
1617789970	489971142	0	0	0
1617789970	500062293	0	0	0
1617789970	509903125	0	0	0
1617789970	519882002	0	0	0
1617789970	529823959	0	0	0
1617789970	539965316	0	0	0
1617789970	550016815	0	0	0
1617789970	559978119	0	0	0
1617789970	569842413	0	0	0
1617789970	579941413	0	0	0
1617789970	589905644	0	0	0
1617789970	599980621	0	0	0
1617789970	609838823	0	0	0
1617789970	619765564	0	0	0
1617789970	629936722	0	0	0
1617789970	639889518	0	0	0
1617789970	650019243	0	0	0
1617789970	660013358	0	0	0
1617789970	670038918	0	0	0
1617789970	679867371	0	0	0
1617789970	689881266	0	0	0
1617789970	699907280	0	0	0
1617789970	709968507	0	0	0
1617789970	719800092	0	0	0
1617789970	729838247	0	0	0
1617789970	739954276	0	0	0
1617789970	749836165	0	0	0
1617789970	759791441	0	0	0
1617789970	770021919	0	0	0
1617789970	779843717	0	0	0
1617789970	790027381	0	0	0
1617789970	799895706	0	0	0
1617789970	809954899	0	0	0
1617789970	819896282	0	0	0
1617789970	829831541	0	0	0
1617789970	839809011	0	0	0
1617789970	850046650	0	0	0
1617789970	860063906	0	0	0
1617789970	869960904	0	0	0
1617789970	879963228	0	0	0
1617789970	889973873	0	0	0
1617789970	900001260	0	0	0
1617789970	910028174	0	0	0
1617789970	919920685	0	0	0
1617789970	930003261	0	0	0
1617789970	939946462	0	0	0
1617789970	949953358	0	0	0
1617789970	959893243	0	0	0
1617789970	970063462	0	0	0
1617789970	980010354	0	0	0
1617789970	990026110	0	0	0
1617789971	24744	0	0	0
1617789971	9797926	0	0	0
1617789971	19891486	0	0	0
1617789971	29944135	0	0	0
1617789971	40028868	0	0	0
1617789971	50058478	0	0	0
1617789971	60056746	0	0	0
1617789971	69954001	0	0	0
1617789971	79797975	0	0	0
1617789971	90011537	0	0	0
1617789971	99931665	0	0	0
1617789971	109941769	0	0	0
1617789971	119876711	0	0	0
1617789971	130035650	0	0	0
1617789971	139885531	0	0	0
1617789971	149879769	0	0	0
1617789971	159919104	0	0	0
1617789971	170001267	0	0	0
1617789971	179951674	0	0	0
1617789971	190036814	0	0	0
1617789971	199955749	0	0	0
1617789971	209952624	0	0	0
1617789971	219867935	0	0	0
1617789971	229819838	0	0	0
1617789971	240026137	0	0	0
1617789971	249831529	0	0	0
1617789971	259991757	0	0	0
1617789971	269933249	0	0	0
1617789971	279851969	0	0	0
1617789971	289892345	0	0	0
1617789971	299884006	0	0	0
1617789971	310021981	0	0	0
1617789971	320078364	0	0	0
1617789971	330046444	0	0	0
1617789971	339894186	0	0	0
1617789971	349975823	0	0	0
1617789971	359878893	0	0	0
1617789971	369860239	0	0	0
1617789971	379996877	0	0	0
1617789971	390033765	0	0	0
1617789971	399882867	0	0	0
1617789971	409808708	0	0	0
1617789971	419849905	0	0	0
1617789971	429889227	0	0	0
1617789971	439917961	0	0	0
1617789971	449909012	0	0	0
1617789971	459950478	0	0	0
1617789971	469935398	0	0	0
1617789971	480001455	0	0	0
1617789971	490016183	0	0	0
1617789971	499938135	0	0	0
1617789971	509948596	0	0	0
1617789971	519854541	0	0	0
1617789971	529865753	0	0	0
1617789971	539911264	0	0	0
1617789971	549956111	0	0	0
1617789971	559943774	0	0	0
1617789971	570002702	0	0	0
1617789971	580015774	0	0	0
1617789971	590106818	0	0	0
1617789971	599914360	0	0	0
1617789971	609975980	0	0	0
1617789971	620034836	0	0	0
1617789971	630048862	0	0	0
1617789971	639951714	0	0	0
1617789971	649987527	0	0	0
1617789971	660024082	0	0	0
1617789971	670020692	0	0	0
1617789971	679992937	0	0	0
1617789971	689915143	0	0	0
1617789971	699970803	0	0	0
1617789971	709953002	0	0	0
1617789971	719864577	0	0	0
1617789971	730030052	0	0	0
1617789971	739932916	0	0	0
1617789971	750058507	0	0	0
1617789971	760015903	0	0	0
1617789971	769917328	0	0	0
1617789971	780076231	0	0	0
1617789971	789886581	0	0	0
1617789971	800001676	0	0	0
1617789971	809870984	0	0	0
1617789971	819814298	0	0	0
1617789971	830091585	0	0	0
1617789971	839859983	0	0	0
1617789971	849950749	0	0	0
1617789971	859865291	0	0	0
1617789971	869898556	0	0	0
1617789971	879900596	0	0	0
1617789971	889933849	0	0	0
1617789971	899877703	0	0	0
1617789971	910029920	0	0	0
1617789971	919993705	0	0	0
1617789971	929910633	0	0	0
1617789971	939952208	0	0	0
1617789971	949953929	0	0	0
1617789971	959846109	0	0	0
1617789971	970090676	0	0	0
1617789971	979930956	0	0	0
1617789971	989924126	0	0	0
1617789972	6984	0	0	0
1617789972	9890458	0	0	0
1617789972	19899715	0	0	0
1617789972	29872802	0	0	0
1617789972	39818809	0	0	0
1617789972	49953399	0	0	0
1617789972	60156613	0	0	0
1617789972	69900547	0	0	0
1617789972	79978031	0	0	0
1617789972	89896918	0	0	0
1617789972	99940529	0	0	0
1617789972	109996228	0	0	0
1617789972	120026099	0	0	0
1617789972	130056265	0	0	0
1617789972	139869369	0	0	0
1617789972	150012612	0	0	0
1617789972	159864298	0	0	0
1617789972	169892671	0	0	0
1617789972	179846964	0	0	0
1617789972	190033329	0	0	0
1617789972	199959501	0	0	0
1617789972	209939809	0	0	0
1617789972	219888950	0	0	0
1617789972	229936982	0	0	0
1617789972	240033357	0	0	0
1617789972	250003606	0	0	0
1617789972	259849561	0	0	0
1617789972	269933288	0	0	0
1617789972	279868485	0	0	0
1617789972	289860814	0	0	0
1617789972	299942624	0	0	0
1617789972	310055461	0	0	0
1617789972	319968221	0	0	0
1617789972	329950130	0	0	0
1617789972	339813992	0	0	0
1617789972	349953273	0	0	0
1617789972	359822291	0	0	0
1617789972	369972674	0	0	0
1617789972	379843319	0	0	0
1617789972	389897739	0	0	0
1617789972	399989824	0	0	0
1617789972	410014479	0	0	0
1617789972	419930576	0	0	0
1617789972	429936630	0	0	0
1617789972	439918474	0	0	0
1617789972	449862702	0	0	0
1617789972	459937802	0	0	0
1617789972	469888265	0	0	0
1617789972	480039380	0	0	0
1617789972	489926219	0	0	0
1617789972	500006726	0	0	0
1617789972	510049865	0	0	0
1617789972	520077251	0	0	0
1617789972	529838939	0	0	0
1617789972	540009949	0	0	0
1617789972	549953037	0	0	0
1617789972	559982497	0	0	0
1617789972	569997877	0	0	0
1617789972	579918447	0	0	0
1617789972	589862221	0	0	0
1617789972	599968215	0	0	0
1617789972	609988108	0	0	0
1617789972	619916646	0	0	0
1617789972	629939751	0	0	0
1617789972	639945270	0	0	0
1617789972	649953329	0	0	0
1617789972	660029296	0	0	0
1617789972	669899206	0	0	0
1617789972	679861629	0	0	0
1617789972	689856895	0	0	0
1617789972	700018611	0	0	0
1617789972	710034028	0	0	0
1617789972	719991401	0	0	0
1617789972	730022843	0	0	0
1617789972	739906419	0	0	0
1617789972	750079579	0	0	0
1617789972	759990526	0	0	0
1617789972	769920279	0	0	0
1617789972	780006975	0	0	0
1617789972	789900896	0	0	0
1617789972	799847781	0	0	0
1617789972	809955319	0	0	0
1617789972	819941857	0	0	0
1617789972	829929091	0	0	0
1617789972	839961619	0	0	0
1617789972	849952800	0	0	0
1617789972	859982561	0	0	0
1617789972	869985502	0	0	0
1617789972	880017519	0	0	0
1617789972	889877937	0	0	0
1617789972	899920253	0	0	0
1617789972	909989181	0	0	0
1617789972	919906589	0	0	0
1617789972	929962397	0	0	0
1617789972	939927525	0	0	0
1617789972	949966075	0	0	0
1617789972	959884108	0	0	0
1617789972	969937178	0	0	0
1617789972	979983170	0	0	0
1617789972	989926991	0	0	0
1617789973	19386	0	0	0
1617789973	9959842	0	0	0
1617789973	19935563	0	0	0
1617789973	30062216	0	0	0
1617789973	40036700	0	0	0
1617789973	50030323	0	0	0
1617789973	59939128	0	0	0
1617789973	69976483	0	0	0
1617789973	80014705	0	0	0
1617789973	89996806	0	0	0
1617789973	99830169	0	0	0
1617789973	109951114	0	0	0
1617789973	119908890	0	0	0
1617789973	129888013	0	0	0
1617789973	139979087	0	0	0
1617789973	150029589	0	0	0
1617789973	159941087	0	0	0
1617789973	170024030	0	0	0
1617789973	179909180	0	0	0
1617789973	190062980	0	0	0
1617789973	199972474	0	0	0
1617789973	210025914	0	0	0
1617789973	219925743	0	0	0
1617789973	229901087	0	0	0
1617789973	239870077	0	0	0
1617789973	250003884	0	0	0
1617789973	260020646	0	0	0
1617789973	269988729	0	0	0
1617789973	280018777	0	0	0
1617789973	289929329	0	0	0
1617789973	299956211	0	0	0
1617789973	310043175	0	0	0
1617789973	319838543	0	0	0
1617789973	329922179	0	0	0
1617789973	339944795	0	0	0
1617789973	350014826	0	0	0
1617789973	359871729	0	0	0
1617789973	369945779	0	0	0
1617789973	379882728	0	0	0
1617789973	389910371	0	0	0
1617789973	399858478	0	0	0
1617789973	410001375	0	0	0
1617789973	419938207	0	0	0
1617789973	429974908	0	0	0
1617789973	439979021	0	0	0
1617789973	449857977	0	0	0
1617789973	459863652	0	0	0
1617789973	469930812	0	0	0
1617789973	479936913	0	0	0
1617789973	489992735	0	0	0
1617789973	499919359	0	0	0
1617789973	509949643	0	0	0
1617789973	519913151	0	0	0
1617789973	529908790	0	0	0
1617789973	539897221	0	0	0
1617789973	549942501	0	0	0
1617789973	559914808	0	0	0
1617789973	570027656	0	0	0
1617789973	579876223	0	0	0
1617789973	589956006	0	0	0
1617789973	599929664	0	0	0
1617789973	610018484	0	0	0
1617789973	620020089	0	0	0
1617789973	629936620	0	0	0
1617789973	639883722	0	0	0
1617789973	649945977	0	0	0
1617789973	659879653	0	0	0
1617789973	670020114	0	0	0
1617789973	680003446	0	0	0
1617789973	689998777	0	0	0
1617789973	700018597	0	0	0
1617789973	710147088	0	0	0
1617789973	720031819	0	0	0
1617789973	730041933	0	0	0
1617789973	739942045	0	0	0
1617789973	749956910	0	0	0
1617789973	759984176	0	0	0
1617789973	770027316	0	0	0
1617789973	779987487	0	0	0
1617789973	789934752	0	0	0
1617789973	799873188	0	0	0
1617789973	810034943	0	0	0
1617789973	819949914	0	0	0
1617789973	829884913	0	0	0
1617789973	839929902	0	0	0
1617789973	849884775	0	0	0
1617789973	859991560	0	0	0
1617789973	869961220	0	0	0
1617789973	880038299	0	0	0
1617789973	889985355	0	0	0
1617789973	899950527	0	0	0
1617789973	910059270	0	0	0
1617789973	919937669	0	0	0
1617789973	929921884	0	0	0
1617789973	939874322	0	0	0
1617789973	950044464	0	0	0
1617789973	960016207	0	0	0
1617789973	969921843	0	0	0
1617789973	979909182	0	0	0
1617789973	989876177	0	0	0
1617789974	18234	0	0	0
1617789974	10074655	0	0	0
1617789974	19992143	0	0	0
1617789974	30046985	0	0	0
1617789974	40051880	0	0	0
1617789974	49961108	0	0	0
1617789974	59933085	0	0	0
1617789974	70045526	0	0	0
1617789974	79850352	0	0	0
1617789974	89994001	0	0	0
1617789974	99970318	0	0	0
1617789974	109968861	0	0	0
1617789974	119875574	0	0	0
1617789974	129872042	0	0	0
1617789974	139882485	0	0	0
1617789974	149930787	0	0	0
1617789974	160084731	0	0	0
1617789974	170029899	0	0	0
1617789974	179990023	0	0	0
1617789974	189971682	0	0	0
1617789974	199836835	0	0	0
1617789974	210024975	0	0	0
1617789974	219892845	0	0	0
1617789974	229953929	0	0	0
1617789974	240006650	0	0	0
1617789974	250010665	0	0	0
1617789974	259941580	0	0	0
1617789974	270051726	0	0	0
1617789974	279911312	0	0	0
1617789974	289957182	0	0	0
1617789974	299978672	0	0	0
1617789974	309974159	0	0	0
1617789974	319980090	0	0	0
1617789974	329954414	0	0	0
1617789974	339948181	0	0	0
1617789974	349953169	0	0	0
1617789974	359887481	0	0	0
1617789974	370022073	0	0	0
1617789974	380028819	0	0	0
1617789974	390006662	0	0	0
1617789974	400003081	0	0	0
1617789974	409974591	0	0	0
1617789974	419941835	0	0	0
1617789974	429879385	0	0	0
1617789974	440059509	0	0	0
1617789974	449960775	0	0	0
1617789974	459913080	0	0	0
1617789974	470073079	0	0	0
1617789974	479888344	0	0	0
1617789974	490063483	0	0	0
1617789974	499898853	0	0	0
1617789974	509973795	0	0	0
1617789974	519946414	0	0	0
1617789974	529933838	0	0	0
1617789974	539930415	0	0	0
1617789974	549939883	0	0	0
1617789974	560031211	0	0	0
1617789974	569917371	0	0	0
1617789974	579969214	0	0	0
1617789974	590042627	0	0	0
1617789974	599943193	0	0	0
1617789974	609947594	0	0	0
1617789974	619997533	0	0	0
1617789974	629940964	0	0	0
1617789974	639996409	0	0	0
1617789974	649952261	0	0	0
1617789974	659988356	0	0	0
1617789974	670037449	0	0	0
1617789974	679914366	0	0	0
1617789974	690010219	0	0	0
1617789974	699919667	0	0	0
1617789974	709969945	0	0	0
1617789974	719901514	0	0	0
1617789974	730041940	0	0	0
1617789974	739891896	0	0	0
1617789974	750007414	0	0	0
1617789974	759892238	0	0	0
1617789974	769996653	0	0	0
1617789974	779929503	0	0	0
1617789974	789948602	0	0	0
1617789974	800045764	0	0	0
1617789974	809957962	0	0	0
1617789974	819909097	0	0	0
1617789974	829891921	0	0	0
1617789974	840040790	0	0	0
1617789974	850010616	0	0	0
1617789974	860041143	0	0	0
1617789974	870049001	0	0	0
1617789974	879789206	0	0	0
1617789974	889960007	0	0	0
1617789974	899850515	0	0	0
1617789974	910007506	0	0	0
1617789974	920046594	0	0	0
1617789974	930005046	0	0	0
1617789974	940078359	0	0	0
1617789974	950089140	0	0	0
1617789974	959991503	0	0	0
1617789974	970011882	0	0	0
1617789974	979947673	0	0	0
1617789974	989976818	0	0	0
1617789975	110787	0	0	0
1617789975	10064023	0	0	0
1617789975	20014666	0	0	0
1617789975	29895337	0	0	0
1617789975	40059665	0	0	0
1617789975	50001397	0	0	0
1617789975	59987360	0	0	0
1617789975	69925551	0	0	0
1617789975	79938170	0	0	0
1617789975	90015885	0	0	0
1617789975	100036751	0	0	0
1617789975	109847973	0	0	0
1617789975	119915938	0	0	0
1617789975	130069637	0	0	0
1617789975	140022342	0	0	0
1617789975	150121571	0	0	0
1617789975	160095908	0	0	0
1617789975	170053108	0	0	0
1617789975	179829985	0	0	0
1617789975	189773569	0	0	0
1617789975	199743151	0	0	0
1617789975	209642802	0	0	0
1617789975	219718819	0	0	0
1617789975	229730149	0	0	0
1617789975	239649475	0	0	0
1617789975	249838528	0	0	0
1617789975	259709105	0	0	0
1617789975	269730244	0	0	0
1617789975	279641664	0	0	0
1617789975	289632736	0	0	0
1617789975	299739285	0	0	0
1617789975	309702092	0	0	0
1617789975	319678749	0	0	0
1617789975	329721988	0	0	0
1617789975	339751976	0	0	0
1617789975	349666247	0	0	0
1617789975	359646919	0	0	0
1617789975	369660872	0	0	0
1617789975	379634449	0	0	0
1617789975	389683732	0	0	0
1617789975	399770064	0	0	0
1617789975	409712375	0	0	0
1617789975	419698552	0	0	0
1617789975	429687735	0	0	0
1617789975	439683707	0	0	0
1617789975	449620614	0	0	0
1617789975	459752200	0	0	0
1617789975	469641102	0	0	0
1617789975	479774154	0	0	0
1617789975	489812786	0	0	0
1617789975	499685882	0	0	0
1617789975	509710967	0	0	0
1617789975	519724046	0	0	0
1617789975	529787544	0	0	0
1617789975	539666355	0	0	0
1617789975	549652491	0	0	0
1617789975	559640477	0	0	0
1617789975	569599781	0	0	0
1617789975	579717677	0	0	0
1617789975	589740851	0	0	0
1617789975	599733734	0	0	0
1617789975	609692538	0	0	0
1617789975	619680636	0	0	0
1617789975	629781286	0	0	0
1617789975	639645172	0	0	0
1617789975	649667444	0	0	0
1617789975	659684786	0	0	0
1617789975	669748193	0	0	0
1617789975	679680586	0	0	0
1617789975	689662058	0	0	0
1617789975	699624126	0	0	0
1617789975	709719992	0	0	0
1617789975	719698692	0	0	0
1617789975	729680395	0	0	0
1617789975	739633836	0	0	0
1617789975	749641385	0	0	0
1617789975	759667181	0	0	0
1617789975	769700143	0	0	0
1617789975	779745708	0	0	0
1617789975	789629512	0	0	0
1617789975	799659433	0	0	0
1617789975	809687297	0	0	0
1617789975	819662809	0	0	0
1617789975	829657589	0	0	0
1617789975	839803187	0	0	0
1617789975	849689577	0	0	0
1617789975	859713025	0	0	0
1617789975	869694769	0	0	0
1617789975	879810146	0	0	0
1617789975	889681220	0	0	0
1617789975	899756546	0	0	0
1617789975	909668149	0	0	0
1617789975	919668107	0	0	0
1617789975	929625372	0	0	0
1617789975	939664080	0	0	0
1617789975	949681967	0	0	0
1617789975	959767493	0	0	0
1617789975	969675742	0	0	0
1617789975	979699878	0	0	0
1617789975	989663254	0	0	0
1617789975	999668321	0	0	0
1617789976	9702937	0	0	0
1617789976	19640035	0	0	0
1617789976	29675672	0	0	0
1617789976	39755493	0	0	0
1617789976	49773279	0	0	0
1617789976	59676258	0	0	0
1617789976	69711821	0	0	0
1617789976	79679432	0	0	0
1617789976	89667225	0	0	0
1617789976	99651193	0	0	0
1617789976	109686216	0	0	0
1617789976	119675992	0	0	0
1617789976	129597833	0	0	0
1617789976	139733053	0	0	0
1617789976	149709432	0	0	0
1617789976	159724573	0	0	0
1617789976	169681756	0	0	0
1617789976	179684529	0	0	0
1617789976	189656977	0	0	0
1617789976	199671508	0	0	0
1617789976	209656622	0	0	0
1617789976	219681100	0	0	0
1617789976	229720257	0	0	0
1617789976	239678793	0	0	0
1617789976	249680050	0	0	0
1617789976	259693618	0	0	0
1617789976	269695600	0	0	0
1617789976	279694193	0	0	0
1617789976	289644427	0	0	0
1617789976	299716274	0	0	0
1617789976	309791747	0	0	0
1617789976	319665634	0	0	0
1617789976	329685135	0	0	0
1617789976	339784541	0	0	0
1617789976	349676891	0	0	0
1617789976	359765701	0	0	0
1617789976	369725300	0	0	0
1617789976	379790974	0	0	0
1617789976	389720016	0	0	0
1617789976	399770122	0	0	0
1617789976	409659845	0	0	0
1617789976	419678553	0	0	0
1617789976	429655327	0	0	0
1617789976	439808348	0	0	0
1617789976	449827407	0	0	0
1617789976	459699087	0	0	0
1617789976	469700189	0	0	0
1617789976	479699929	0	0	0
1617789976	489673952	0	0	0
1617789976	499705758	0	0	0
1617789976	509675033	0	0	0
1617789976	519729372	0	0	0
1617789976	529745649	0	0	0
1617789976	539734797	0	0	0
1617789976	549699462	0	0	0
1617789976	559624445	0	0	0
1617789976	569659032	0	0	0
1617789976	579700681	0	0	0
1617789976	589643548	0	0	0
1617789976	599748649	0	0	0
1617789976	609784632	0	0	0
1617789976	619601161	0	0	0
1617789976	629788892	0	0	0
1617789976	639727959	0	0	0
1617789976	649695262	0	0	0
1617789976	660088176	0	0	0
1617789976	669932771	0	0	0
1617789976	680102451	0	0	0
1617789976	689950769	0	0	0
1617789976	700115734	0	0	0
1617789976	710097040	0	0	0
1617789976	720023044	0	0	0
1617789976	729961743	0	0	0
1617789976	739887589	0	0	0
1617789976	750076144	0	0	0
1617789976	760043362	0	0	0
1617789976	770034600	0	0	0
1617789976	780171180	0	0	0
1617789976	790093641	0	0	0
1617789976	799990850	0	0	0
1617789976	810094006	0	0	0
1617789976	819796999	0	0	0
1617789976	829869639	0	0	0
1617789976	839918168	0	0	0
1617789976	849888043	0	0	0
1617789976	859911026	0	0	0
1617789976	869924885	0	0	0
1617789976	879896246	0	0	0
1617789976	889990239	0	0	0
1617789976	900015235	0	0	0
1617789976	910083425	0	0	0
1617789976	920042024	0	0	0
1617789976	930019768	0	0	0
1617789976	940042686	0	0	0
1617789976	950114240	0	0	0
1617789976	960084279	0	0	0
1617789976	970134370	0	0	0
1617789976	980047895	0	0	0
1617789976	989940882	0	0	0
1617789977	97767	0	0	0
1617789977	10093742	0	0	0
1617789977	20023923	0	0	0
1617789977	30007240	0	0	0
1617789977	39981755	0	0	0
1617789977	49990331	0	0	0
1617789977	60077540	0	0	0
1617789977	70035218	0	0	0
1617789977	80076080	0	0	0
1617789977	89946542	0	0	0
