time_sec	time_nanosec	joint_velocity_0	joint_velocity_1	joint_velocity_2	joint_velocity_3
1608135072	281261198	0	0	0	0
1608135072	291244407	0	0	0	0
1608135072	301279457	0	0	0	0
1608135072	311279514	0	0	0	0
1608135072	321304992	0	0	0	0
1608135072	331285970	0	0	0	0
1608135072	341283870	0	0	0	0
1608135072	351287854	0	0	0	0
1608135072	361286770	0	0	0	0
1608135072	371283072	0	0	0	0
1608135072	381276325	0	0	0	0
1608135072	391277975	0	0	0	0
1608135072	401282617	0	0	0	0
1608135072	411282072	0	0	0	0
1608135072	421279143	0	0	0	0
1608135072	431279979	0	0	0	0
1608135072	441287122	0	0	0	0
1608135072	451278424	0	0	0	0
1608135072	461279951	0	0	0	0
1608135072	471280295	0	0	0	0
1608135072	481280273	0	0	0	0
1608135072	491279098	0	0	0	0
1608135072	501284213	0	0	0	0
1608135072	511284215	0	0	0	0
1608135072	521243883	0	0	0	0
1608135072	531282722	0	0	0	0
1608135072	541284207	0	0	0	0
1608135072	551300259	0	0	0	0
1608135072	561304170	0	0	0	0
1608135072	571305630	0	0	0	0
1608135072	581270130	0	0	0	0
1608135072	591261841	0	0	0	0
1608135072	601312256	0	0	0	0
1608135072	611304934	0	0	0	0
1608135072	621271150	0	0	0	0
1608135072	631294057	0	0	0	0
1608135072	641309816	0	0	0	0
1608135072	651294776	0	0	0	0
1608135072	661298744	0	0	0	0
1608135072	671264663	0	0	0	0
1608135072	681310230	0	0	0	0
1608135072	691306034	0	0	0	0
1608135072	701307083	0	0	0	0
1608135072	711310239	0	0	0	0
1608135072	721269090	0	0	0	0
1608135072	731277385	0	0	0	0
1608135072	741309947	0	0	0	0
1608135072	751283714	0	0	0	0
1608135072	761309797	0	0	0	0
1608135072	771270365	0	0	0	0
1608135072	781270539	0	0	0	0
1608135072	791278001	0	0	0	0
1608135072	801289095	0	0	0	0
1608135072	811266135	0	0	0	0
1608135072	821281013	0	0	0	0
1608135072	831312420	0	0	0	0
1608135072	841314495	0	0	0	0
1608135072	851275283	0	0	0	0
1608135072	861285364	0	0	0	0
1608135072	871271965	0	0	0	0
1608135072	881297843	0	0	0	0
1608135072	891306271	0	0	0	0
1608135072	901310286	0	0	0	0
1608135072	911305654	0	0	0	0
1608135072	921297602	0	0	0	0
1608135072	931280692	0	0	0	0
1608135072	941313823	0	0	0	0
1608135072	951307846	0	0	0	0
1608135072	961314172	0	0	0	0
1608135072	971319468	0	0	0	0
1608135072	981310481	0	0	0	0
1608135072	991310589	0	0	0	0
1608135073	1320947	0	0	0	0
1608135073	11284454	0	0	0	0
1608135073	21337016	0	0	0	0
1608135073	31314230	0	0	0	0
1608135073	41313987	0	0	0	0
1608135073	51316675	0	0	0	0
1608135073	61314946	0	0	0	0
1608135073	71311647	0	0	0	0
1608135073	81317278	0	0	0	0
1608135073	91311998	0	0	0	0
1608135073	101272754	0	0	0	0
1608135073	111315434	0	0	0	0
1608135073	121324442	0	0	0	0
1608135073	131286173	0	0	0	0
1608135073	141283533	0	0	0	0
1608135073	151333019	0	0	0	0
1608135073	161281624	0	0	0	0
1608135073	171336535	0	0	0	0
1608135073	181277122	0	0	0	0
1608135073	191269814	0	0	0	0
1608135073	201275378	0	0	0	0
1608135073	211272351	0	0	0	0
1608135073	221288604	0	0	0	0
1608135073	231288091	0	0	0	0
1608135073	241317042	0	0	0	0
1608135073	251315557	0	0	0	0
1608135073	261305255	0	0	0	0
1608135073	271326181	0	0	0	0
1608135073	281362752	0	0	0	0
1608135073	291346841	0	0	0	0
1608135073	301298185	0	0	0	0
1608135073	311312258	0	0	0	0
1608135073	321334097	0	0	0	0
1608135073	331331367	0	0	0	0
1608135073	341299223	0	0	0	0
1608135073	351289325	0	0	0	0
1608135073	361328742	0	0	0	0
1608135073	371329071	0	0	0	0
1608135073	381293579	0	0	0	0
1608135073	391290344	0	0	0	0
1608135073	401260766	0	0	0	0
1608135073	411262506	0	0	0	0
1608135073	421309633	0	0	0	0
1608135073	431300481	0	0	0	0
1608135073	441292892	0	0	0	0
1608135073	451317666	0	0	0	0
1608135073	461332249	0	0	0	0
1608135073	471316036	0	0	0	0
1608135073	481316383	0	0	0	0
1608135073	491302824	0	0	0	0
1608135073	501291550	0	0	0	0
1608135073	511273059	0	0	0	0
1608135073	521331634	0	0	0	0
1608135073	531324440	0	0	0	0
1608135073	541285666	0	0	0	0
1608135073	551303869	0	0	0	0
1608135073	561279131	0	0	0	0
1608135073	571318053	0	0	0	0
1608135073	581320013	0	0	0	0
1608135073	591288039	0	0	0	0
1608135073	601308871	0	0	0	0
1608135073	611311702	0	0	0	0
1608135073	621340594	0	0	0	0
1608135073	631322331	0	0	0	0
1608135073	641326834	0	0	0	0
1608135073	651320908	0	0	0	0
1608135073	661318547	0	0	0	0
1608135073	671321098	0	0	0	0
1608135073	681318382	0	0	0	0
1608135073	691284355	0	0	0	0
1608135073	701322939	0	0	0	0
1608135073	711283580	0	0	0	0
1608135073	721337737	0	0	0	0
1608135073	731293066	0	0	0	0
1608135073	741281575	0	0	0	0
1608135073	751319853	0	0	0	0
1608135073	761288847	0	0	0	0
1608135073	771323155	0	0	0	0
1608135073	781303522	0	0	0	0
1608135073	791323415	0	0	0	0
1608135073	801346907	0	0	0	0
1608135073	811323424	0	0	0	0
1608135073	821350731	0	0	0	0
1608135073	831323883	0	0	0	0
1608135073	841341387	0	0	0	0
1608135073	851361796	0	0	0	0
1608135073	861286900	0	0	0	0
1608135073	871320662	0	0	0	0
1608135073	881283523	0	0	0	0
1608135073	891275787	0	0	0	0
1608135073	901329047	0	0	0	0
1608135073	911328595	0	0	0	0
1608135073	921325360	0	0	0	0
1608135073	931287115	0	0	0	0
1608135073	941327023	0	0	0	0
1608135073	951323578	0	0	0	0
1608135073	961297648	0	0	0	0
1608135073	971291000	0	0	0	0
1608135073	981266100	0	0	0	0
1608135073	991299256	0	0	0	0
1608135074	1304993	0	0	0	0
1608135074	11314163	0	0	0	0
1608135074	21339807	0	0	0	0
1608135074	31357298	0	0	0	0
1608135074	41337085	0	0	0	0
1608135074	51326059	0	0	0	0
1608135074	61309020	0	0	0	0
1608135074	71355180	0	0	0	0
1608135074	81295195	0	0	0	0
1608135074	91342103	0	0	0	0
1608135074	101327251	0	0	0	0
1608135074	111342043	0	0	0	0
1608135074	121341724	0	0	0	0
1608135074	131340146	0	0	0	0
1608135074	141338433	0	0	0	0
1608135074	151309655	0	0	0	0
1608135074	161324893	0	0	0	0
1608135074	171298733	0	0	0	0
1608135074	181319130	0	0	0	0
1608135074	191327744	0	0	0	0
1608135074	201351749	0	0	0	0
1608135074	211342800	0	0	0	0
1608135074	221319596	0	0	0	0
1608135074	231256021	0	0	0	0
1608135074	241285398	0	0	0	0
1608135074	251254327	0	0	0	0
1608135074	261254446	0	0	0	0
1608135074	271318562	0	0	0	0
1608135074	281304338	0	0	0	0
1608135074	291298767	0	0	0	0
1608135074	301360698	0	0	0	0
1608135074	311322895	0	0	0	0
1608135074	321338913	0	0	0	0
1608135074	331341026	0	0	0	0
1608135074	341340965	0	0	0	0
1608135074	351310862	0	0	0	0
1608135074	361300809	0	0	0	0
1608135074	371324965	0	0	0	0
1608135074	381331948	0	0	0	0
1608135074	391303494	0	0	0	0
1608135074	401284217	0	0	0	0
1608135074	411356883	0	0	0	0
1608135074	421322020	0	0	0	0
1608135074	431320012	0	0	0	0
1608135074	441340751	0	0	0	0
1608135074	451341420	0	0	0	0
1608135074	461300746	0	0	0	0
1608135074	471343224	0	0	0	0
1608135074	481300477	0	0	0	0
1608135074	491308911	0	0	0	0
1608135074	501309313	0	0	0	0
1608135074	511340012	0	0	0	0
1608135074	521344628	0	0	0	0
1608135074	531343033	0	0	0	0
1608135074	541305289	0	0	0	0
1608135074	551312860	0	0	0	0
1608135074	561259527	0	0	0	0
1608135074	571293157	0	0	0	0
1608135074	581289717	0	0	0	0
1608135074	591264679	0	0	0	0
1608135074	601343967	0	0	0	0
1608135074	611325204	0	0	0	0
1608135074	621385324	0	0	0	0
1608135074	631339532	0	0	0	0
1608135074	641341008	0	0	0	0
1608135074	651329792	0	0	0	0
1608135074	661344115	0	0	0	0
1608135074	671268957	0	0	0	0
1608135074	681247667	0	0	0	0
1608135074	691285723	0	0	0	0
1608135074	701311711	0	0	0	0
1608135074	711376880	0	0	0	0
1608135074	721346121	0	0	0	0
1608135074	731347322	0	0	0	0
1608135074	741342732	0	0	0	0
1608135074	751354816	0	0	0	0
1608135074	761385481	0	0	0	0
1608135074	771359366	0	0	0	0
1608135074	781370104	0	0	0	0
1608135074	791347719	0	0	0	0
1608135074	801330425	0	0	0	0
1608135074	811309544	0	0	0	0
1608135074	821345477	0	0	0	0
1608135074	831316213	0	0	0	0
1608135074	841307265	0	0	0	0
1608135074	851276258	0	0	0	0
1608135074	861309968	0	0	0	0
1608135074	871353650	0	0	0	0
1608135074	881373826	0	0	0	0
1608135074	891348528	0	0	0	0
1608135074	901307504	0	0	0	0
1608135074	911298145	0	0	0	0
1608135074	921352030	0	0	0	0
1608135074	931350304	0	0	0	0
1608135074	941343635	0	0	0	0
1608135074	951305920	0	0	0	0
1608135074	961346495	0	0	0	0
1608135074	971349011	0	0	0	0
1608135074	981339774	0	0	0	0
1608135074	991350096	0	0	0	0
1608135075	1348601	0	0	0	0
1608135075	11304416	0	0	0	0
1608135075	21323406	0	0	0	0
1608135075	31350142	0	0	0	0
1608135075	41347155	0	0	0	0
1608135075	51339388	0	0	0	0
1608135075	61353237	0	0	0	0
1608135075	71362437	0	0	0	0
1608135075	81341533	0	0	0	0
1608135075	91327311	0	0	0	0
1608135075	101347694	0	0	0	0
1608135075	111352073	0	0	0	0
1608135075	121301293	0	0	0	0
1608135075	131350755	0	0	0	0
1608135075	141348259	0	0	0	0
1608135075	151356051	0	0	0	0
1608135075	161354030	0	0	0	0
1608135075	171322815	0	0	0	0
1608135075	181319193	0	0	0	0
1608135075	191355318	0	0	0	0
1608135075	201341299	0	0	0	0
1608135075	211331369	0	0	0	0
1608135075	221347797	0	0	0	0
1608135075	231333516	0	0	0	0
1608135075	241280466	0	0	0	0
1608135075	251290460	0	0	0	0
1608135075	261364745	0	0	0	0
1608135075	271333398	0	0	0	0
1608135075	281329990	0	0	0	0
1608135075	291322729	0	0	0	0
1608135075	301352227	0	0	0	0
1608135075	311350996	0	0	0	0
1608135075	321352524	0	0	0	0
1608135075	331351221	0	0	0	0
1608135075	341325413	0	0	0	0
1608135075	351307890	0	0	0	0
1608135075	361304633	0	0	0	0
1608135075	371333736	0	0	0	0
1608135075	381363968	0	0	0	0
1608135075	391353183	0	0	0	0
1608135075	401322812	0	0	0	0
1608135075	411303397	0	0	0	0
1608135075	421294800	0	0	0	0
1608135075	431274627	0	0	0	0
1608135075	441324643	0	0	0	0
1608135075	451324419	0	0	0	0
1608135075	461323079	0	0	0	0
1608135075	471329334	0	0	0	0
1608135075	481301803	0	0	0	0
1608135075	491351773	0	0	0	0
1608135075	501315301	0	0	0	0
1608135075	511321310	0	0	0	0
1608135075	521352915	0	0	0	0
1608135075	531351683	0	0	0	0
1608135075	541317594	0	0	0	0
1608135075	551312324	0	0	0	0
1608135075	561331249	0	0	0	0
1608135075	571288845	0	0	0	0
1608135075	581297308	0	0	0	0
1608135075	591359355	0	0	0	0
1608135075	601346318	0	0	0	0
1608135075	611342816	0	0	0	0
1608135075	621312074	0	0	0	0
1608135075	631267982	0	0	0	0
1608135075	641332962	0	0	0	0
1608135075	651320988	0	0	0	0
1608135075	661332022	0	0	0	0
1608135075	671387307	0	0	0	0
1608135075	681356629	0	0	0	0
1608135075	691343301	0	0	0	0
1608135075	701342263	0	0	0	0
1608135075	711324586	0	0	0	0
1608135075	721360492	0	0	0	0
1608135075	731319150	0	0	0	0
1608135075	741299915	0	0	0	0
1608135075	751309034	0	0	0	0
1608135075	761260895	0	0	0	0
1608135075	771268847	0	0	0	0
1608135075	781292907	0	0	0	0
1608135075	791351232	0	0	0	0
1608135075	801357502	0	0	0	0
1608135075	811356310	0	0	0	0
1608135075	821314160	0	0	0	0
1608135075	831344002	0	0	0	0
1608135075	841355483	0	0	0	0
1608135075	851359422	0	0	0	0
1608135075	861330271	0	0	0	0
1608135075	871360965	0	0	0	0
1608135075	881358976	0	0	0	0
1608135075	891320735	0	0	0	0
1608135075	901310651	0	0	0	0
1608135075	911318230	0	0	0	0
1608135075	921359942	0	0	0	0
1608135075	931361413	0	0	0	0
1608135075	941349670	0	0	0	0
1608135075	951331083	0	0	0	0
1608135075	961289655	0	0	0	0
1608135075	971307166	0	0	0	0
1608135075	981291009	0	0	0	0
1608135075	991383955	0	0	0	0
1608135076	1318351	0	0	0	0
1608135076	11338111	0	0	0	0
1608135076	21363337	0	0	0	0
1608135076	31333651	0	0	0	0
1608135076	41313369	0	0	0	0
1608135076	51366617	0	0	0	0
1608135076	61322687	0	0	0	0
1608135076	71322317	0	0	0	0
1608135076	81323501	0	0	0	0
1608135076	91311995	0	0	0	0
1608135076	101361898	0	0	0	0
1608135076	111356609	0	0	0	0
1608135076	121332408	0	0	0	0
1608135076	131291461	0	0	0	0
1608135076	141328571	0	0	0	0
1608135076	151327422	0	0	0	0
1608135076	161324851	0	0	0	0
1608135076	171323116	0	0	0	0
1608135076	181290758	0	0	0	0
1608135076	191359855	0	0	0	0
1608135076	201319530	0	0	0	0
1608135076	211349217	0	0	0	0
1608135076	221339416	0	0	0	0
1608135076	231333001	0	0	0	0
1608135076	241325669	0	0	0	0
1608135076	251309898	0	0	0	0
1608135076	261285586	0	0	0	0
1608135076	271360103	0	0	0	0
1608135076	281366290	0	0	0	0
1608135076	291365068	0	0	0	0
1608135076	301303717	0	0	0	0
1608135076	311329818	0	0	0	0
1608135076	321339267	0	0	0	0
1608135076	331326976	0	0	0	0
1608135076	341352304	0	0	0	0
1608135076	351368776	0	0	0	0
1608135076	361344934	0	0	0	0
1608135076	371347465	0	0	0	0
1608135076	381349620	0	0	0	0
1608135076	391365298	0	0	0	0
1608135076	401333456	0	0	0	0
1608135076	411367665	0	0	0	0
1608135076	421338094	0	0	0	0
1608135076	431373594	0	0	0	0
1608135076	441328362	0	0	0	0
1608135076	451327564	0	0	0	0
1608135076	461288564	0	0	0	0
1608135076	471295293	0	0	0	0
1608135076	481332435	0	0	0	0
1608135076	491297332	0	0	0	0
1608135076	501329929	0	0	0	0
1608135076	511328564	0	0	0	0
1608135076	521342896	0	0	0	0
1608135076	531354328	0	0	0	0
1608135076	541356756	0	0	0	0
1608135076	551343103	0	0	0	0
1608135076	561343202	0	0	0	0
1608135076	571357796	0	0	0	0
1608135076	581361592	0	0	0	0
1608135076	591331102	0	0	0	0
1608135076	601332028	0	0	0	0
1608135076	611325736	0	0	0	0
1608135076	621369311	0	0	0	0
1608135076	631360351	0	0	0	0
1608135076	641365559	0	0	0	0
1608135076	651328388	0	0	0	0
1608135076	661316538	0	0	0	0
1608135076	671342549	0	0	0	0
1608135076	681358642	0	0	0	0
1608135076	691320603	0	0	0	0
1608135076	701360237	0	0	0	0
1608135076	711321921	0	0	0	0
1608135076	721366442	0	0	0	0
1608135076	731322928	0	0	0	0
1608135076	741321761	0	0	0	0
1608135076	751335246	0	0	0	0
1608135076	761347465	0	0	0	0
1608135076	771378706	0	0	0	0
1608135076	781327856	0	0	0	0
1608135076	791361035	0	0	0	0
1608135076	801348102	0	0	0	0
1608135076	811332629	0	0	0	0
1608135076	821332081	0	0	0	0
1608135076	831331150	0	0	0	0
1608135076	841335770	0	0	0	0
1608135076	851327600	0	0	0	0
1608135076	861306149	0	0	0	0
1608135076	871334189	0	0	0	0
1608135076	881332895	0	0	0	0
1608135076	891328792	0	0	0	0
1608135076	901308612	0	0	0	0
1608135076	911331466	0	0	0	0
1608135076	921333245	0	0	0	0
1608135076	931371734	0	0	0	0
1608135076	941335453	0	0	0	0
1608135076	951323534	0	0	0	0
1608135076	961320685	0	0	0	0
1608135076	971361293	0	0	0	0
1608135076	981341114	0	0	0	0
1608135076	991296388	0	0	0	0
1608135077	1332313	0	0	0	0
1608135077	11291371	0	0	0	0
1608135077	21322250	0	0	0	0
1608135077	31368196	0	0	0	0
1608135077	41333993	0	0	0	0
1608135077	51373041	0	0	0	0
1608135077	61357848	0	0	0	0
1608135077	71328722	0	0	0	0
1608135077	81360014	0	0	0	0
1608135077	91334542	0	0	0	0
1608135077	101343197	0	0	0	0
1608135077	111345039	0	0	0	0
1608135077	121331159	0	0	0	0
1608135077	131354897	0	0	0	0
1608135077	141358346	0	0	0	0
1608135077	151379920	0	0	0	0
1608135077	161375159	0	0	0	0
1608135077	171320028	0	0	0	0
1608135077	181353538	0	0	0	0
1608135077	191404811	0	0	0	0
1608135077	201387460	0	0	0	0
1608135077	211376194	0	0	0	0
1608135077	221377458	0	0	0	0
1608135077	231335661	0	0	0	0
1608135077	241326698	0	0	0	0
1608135077	251335218	0	0	0	0
1608135077	261331821	0	0	0	0
1608135077	271363165	0	0	0	0
1608135077	281337702	0	0	0	0
1608135077	291361896	0	0	0	0
1608135077	301356599	0	0	0	0
1608135077	311324180	0	0	0	0
1608135077	321375149	0	0	0	0
1608135077	331376106	0	0	0	0
1608135077	341374211	0	0	0	0
1608135077	351373781	0	0	0	0
1608135077	361376457	0	0	0	0
1608135077	371378775	0	0	0	0
1608135077	381379065	0	0	0	0
1608135077	391380968	0	0	0	0
1608135077	401384729	0	0	0	0
1608135077	411379953	0	0	0	0
1608135077	421376240	0	0	0	0
1608135077	431377266	0	0	0	0
1608135077	441375512	0	0	0	0
1608135077	451377238	0	0	0	0
1608135077	461342459	0	0	0	0
1608135077	471353270	0	0	0	0
1608135077	481382668	0	0	0	0
1608135077	491386873	0	0	0	0
1608135077	501385998	0	0	0	0
1608135077	511369146	0	0	0	0
1608135077	521353498	0	0	0	0
1608135077	531378359	0	0	0	0
1608135077	541315797	0	0	0	0
1608135077	551343863	0	0	0	0
1608135077	561350519	0	0	0	0
1608135077	571319208	0	0	0	0
1608135077	581383033	0	0	0	0
1608135077	591380900	0	0	0	0
1608135077	601383539	0	0	0	0
1608135077	611355793	0	0	0	0
1608135077	621393233	0	0	0	0
1608135077	631368212	0	0	0	0
1608135077	641362928	0	0	0	0
1608135077	651344189	0	0	0	0
1608135077	661320230	0	0	0	0
1608135077	671380257	0	0	0	0
1608135077	681367994	0	0	0	0
1608135077	691366842	0	0	0	0
1608135077	701338169	0	0	0	0
1608135077	711363250	0	0	0	0
1608135077	721385336	0	0	0	0
1608135077	731350886	0	0	0	0
1608135077	741296893	0	0	0	0
1608135077	751386343	0	0	0	0
1608135077	761352237	0	0	0	0
1608135077	771389404	0	0	0	0
1608135077	781353853	0	0	0	0
1608135077	791367999	0	0	0	0
1608135077	801384898	0	0	0	0
1608135077	811349718	0	0	0	0
1608135077	821380674	0	0	0	0
1608135077	831382420	0	0	0	0
1608135077	841355630	0	0	0	0
1608135077	851336931	0	0	0	0
1608135077	861375673	0	0	0	0
1608135077	871357511	0	0	0	0
1608135077	881340383	0	0	0	0
1608135077	891350321	0	0	0	0
1608135077	901353449	0	0	0	0
1608135077	911346492	0	0	0	0
1608135077	921350452	0	0	0	0
1608135077	931352910	0	0	0	0
1608135077	941312767	0	0	0	0
1608135077	951313542	0	0	0	0
1608135077	961319539	0	0	0	0
1608135077	971364226	0	0	0	0
1608135077	981320361	0	0	0	0
1608135077	991372462	0	0	0	0
1608135078	1342204	0	0	0	0
1608135078	11383024	0	0	0	0
1608135078	21361072	0	0	0	0
1608135078	31348414	0	0	0	0
1608135078	41346337	0	0	0	0
1608135078	51308598	0	0	0	0
1608135078	61364863	0	0	0	0
1608135078	71290789	0	0	0	0
1608135078	81277112	0	0	0	0
1608135078	91279330	0	0	0	0
1608135078	101397984	0	0	0	0
1608135078	111346876	0	0	0	0
1608135078	121370296	0	0	0	0
1608135078	131399563	0	0	0	0
1608135078	141361686	0	0	0	0
1608135078	151330151	0	0	0	0
1608135078	161337258	0	0	0	0
1608135078	171359226	0	0	0	0
1608135078	181297539	0	0	0	0
1608135078	191300622	0	0	0	0
1608135078	201397940	0	0	0	0
1608135078	211387604	0	0	0	0
1608135078	221385755	0	0	0	0
1608135078	231346266	0	0	0	0
1608135078	241338237	0	0	0	0
1608135078	251392973	0	0	0	0
1608135078	261361016	0	0	0	0
1608135078	271375126	0	0	0	0
1608135078	281372240	0	0	0	0
1608135078	291354232	0	0	0	0
1608135078	301386959	0	0	0	0
1608135078	311351641	0	0	0	0
1608135078	321381800	0	0	0	0
1608135078	331420536	0	0	0	0
1608135078	341352340	0	0	0	0
1608135078	351406696	0	0	0	0
1608135078	361394751	0	0	0	0
1608135078	371416137	0	0	0	0
1608135078	381386198	0	0	0	0
1608135078	391351285	0	0	0	0
1608135078	401351419	0	0	0	0
1608135078	411388533	0	0	0	0
1608135078	421395948	0	0	0	0
1608135078	431326618	0	0	0	0
1608135078	441303890	0	0	0	0
1608135078	451341661	0	0	0	0
1608135078	461387400	0	0	0	0
1608135078	471425072	0	0	0	0
1608135078	481355595	0	0	0	0
1608135078	491400485	0	0	0	0
1608135078	501370976	0	0	0	0
1608135078	511373667	0	0	0	0
1608135078	521353111	0	0	0	0
1608135078	531368063	0	0	0	0
1608135078	541375995	0	0	0	0
1608135078	551365637	0	0	0	0
1608135078	561360558	0	0	0	0
1608135078	571396052	0	0	0	0
1608135078	581382037	0	0	0	0
1608135078	591394274	0	0	0	0
1608135078	601393313	0	0	0	0
1608135078	611394600	0	0	0	0
1608135078	621384957	0	0	0	0
1608135078	631381337	0	0	0	0
1608135078	641358517	0	0	0	0
1608135078	651364639	0	0	0	0
1608135078	661361808	0	0	0	0
1608135078	671323826	0	0	0	0
1608135078	681353149	0	0	0	0
1608135078	691363308	0	0	0	0
1608135078	701360137	0	0	0	0
1608135078	711351771	0	0	0	0
1608135078	721360544	0	0	0	0
1608135078	731361164	0	0	0	0
1608135078	741358953	0	0	0	0
1608135078	751367022	0	0	0	0
1608135078	761326907	0	0	0	0
1608135078	771358867	0	0	0	0
1608135078	781367093	0	0	0	0
1608135078	791361359	0	0	0	0
1608135078	801370835	0	0	0	0
1608135078	811323778	0	0	0	0
1608135078	821362911	0	0	0	0
1608135078	831329765	0	0	0	0
1608135078	841361490	0	0	0	0
1608135078	851368061	0	0	0	0
1608135078	861342325	0	0	0	0
1608135078	871334941	0	0	0	0
1608135078	881354010	0	0	0	0
1608135078	891346422	0	0	0	0
1608135078	901344437	0	0	0	0
1608135078	911334781	0	0	0	0
1608135078	921352356	0	0	0	0
1608135078	931371313	0	0	0	0
1608135078	941326907	0	0	0	0
1608135078	951382719	0	0	0	0
1608135078	961374607	0	0	0	0
1608135078	971365756	0	0	0	0
1608135078	981399814	0	0	0	0
1608135078	991384346	0	0	0	0
1608135079	1325963	0	0	0	0
1608135079	11395168	0	0	0	0
1608135079	21403276	0	0	0	0
1608135079	31386084	0	0	0	0
1608135079	41382511	0	0	0	0
1608135079	51396137	0	0	0	0
1608135079	61358525	0	0	0	0
1608135079	71351168	0	0	0	0
1608135079	81399370	0	0	0	0
1608135079	91397382	0	0	0	0
1608135079	101358383	0	0	0	0
1608135079	111384529	0	0	0	0
1608135079	121383825	0	0	0	0
1608135079	131355292	0	0	0	0
1608135079	141363682	0	0	0	0
1608135079	151360287	0	0	0	0
1608135079	161328331	0	0	0	0
1608135079	171320693	0	0	0	0
1608135079	181358900	0	0	0	0
1608135079	191363901	0	0	0	0
1608135079	201369183	0	0	0	0
1608135079	211408582	0	0	0	0
1608135079	221408553	0	0	0	0
1608135079	231408526	0	0	0	0
1608135079	241401009	0	0	0	0
1608135079	251401153	0	0	0	0
1608135079	261402547	0	0	0	0
1608135079	271389638	0	0	0	0
1608135079	281366037	0	0	0	0
1608135079	291366633	0	0	0	0
1608135079	301390098	0	0	0	0
1608135079	311400752	0	0	0	0
1608135079	321406438	0	0	0	0
1608135079	331412563	0	0	0	0
1608135079	341400181	0	0	0	0
1608135079	351403776	0	0	0	0
1608135079	361400885	0	0	0	0
1608135079	371399662	0	0	0	0
1608135079	381360718	0	0	0	0
1608135079	391368772	0	0	0	0
1608135079	401391317	0	0	0	0
1608135079	411388786	0	0	0	0
1608135079	421390001	0	0	0	0
1608135079	431365649	0	0	0	0
1608135079	441384491	0	0	0	0
1608135079	451327316	0	0	0	0
1608135079	461310206	0	0	0	0
1608135079	471354560	0	0	0	0
1608135079	481304498	0	0	0	0
1608135079	491354834	0	0	0	0
1608135079	501339080	0	0	0	0
1608135079	511343308	0	0	0	0
1608135079	521335014	0	0	0	0
1608135079	531328617	0	0	0	0
1608135079	541395795	0	0	0	0
1608135079	551408397	0	0	0	0
1608135079	561405017	0	0	0	0
1608135079	571371272	0	0	0	0
1608135079	581333312	0	0	0	0
1608135079	591370040	0	0	0	0
1608135079	601374117	0	0	0	0
1608135079	611371192	0	0	0	0
1608135079	621401786	0	0	0	0
1608135079	631358080	0	0	0	0
1608135079	641361940	0	0	0	0
1608135079	651338257	0	0	0	0
1608135079	661400386	0	0	0	0
1608135079	671367474	0	0	0	0
1608135079	681375290	0	0	0	0
1608135079	691360858	0	0	0	0
1608135079	701425140	0	0	0	0
1608135079	711409059	0	0	0	0
1608135079	721393112	0	0	0	0
1608135079	731378052	0	0	0	0
1608135079	741373502	0	0	0	0
1608135079	751428134	0	0	0	0
1608135079	761405727	0	0	0	0
1608135079	771390252	0	0	0	0
1608135079	781371928	0	0	0	0
1608135079	791366764	0	0	0	0
1608135079	801435023	0	0	0	0
1608135079	811410051	0	0	0	0
1608135079	821368656	0	0	0	0
1608135079	831337600	0	0	0	0
1608135079	841384053	0	0	0	0
1608135079	851368304	0	0	0	0
1608135079	861379087	0	0	0	0
1608135079	871337987	0	0	0	0
1608135079	881369957	0	0	0	0
1608135079	891372844	0	0	0	0
1608135079	901349685	0	0	0	0
1608135079	911357605	0	0	0	0
1608135079	921372186	0	0	0	0
1608135079	931370357	0	0	0	0
1608135079	941375647	0	0	0	0
1608135079	951337131	0	0	0	0
1608135079	961374681	0	0	0	0
1608135079	971382894	0	0	0	0
1608135079	981348941	0	0	0	0
1608135079	991376398	0	0	0	0
1608135080	1377768	0	0	0	0
1608135080	11379075	0	0	0	0
1608135080	21371011	0	0	0	0
1608135080	31377975	0	0	0	0
1608135080	41383378	0	0	0	0
1608135080	51373727	0	0	0	0
1608135080	61342298	0	0	0	0
1608135080	71341400	0	0	0	0
1608135080	81383401	0	0	0	0
1608135080	91430175	0	0	0	0
1608135080	101416273	0	0	0	0
1608135080	111398306	0	0	0	0
1608135080	121411413	0	0	0	0
1608135080	131375902	0	0	0	0
1608135080	141409929	0	0	0	0
1608135080	151401917	0	0	0	0
1608135080	161372621	0	0	0	0
1608135080	171413027	0	0	0	0
1608135080	181376727	0	0	0	0
1608135080	191442103	0	0	0	0
1608135080	201400256	0	0	0	0
1608135080	211373256	0	0	0	0
1608135080	221410348	0	0	0	0
1608135080	231395617	0	0	0	0
1608135080	241373523	0	0	0	0
1608135080	251395708	0	0	0	0
1608135080	261378511	0	0	0	0
1608135080	271378491	0	0	0	0
1608135080	281369414	0	0	0	0
1608135080	291364491	0	0	0	0
1608135080	301381830	0	0	0	0
1608135080	311374758	0	0	0	0
1608135080	321374873	0	0	0	0
1608135080	331342197	0	0	0	0
1608135080	341375146	0	0	0	0
1608135080	351347920	0	0	0	0
1608135080	361364756	0	0	0	0
1608135080	371423336	0	0	0	0
1608135080	381420716	0	0	0	0
1608135080	391419758	0	0	0	0
1608135080	401385135	0	0	0	0
1608135080	411416820	0	0	0	0
1608135080	421412802	0	0	0	0
1608135080	431418485	0	0	0	0
1608135080	441372177	0	0	0	0
1608135080	451378975	0	0	0	0
1608135080	461375073	0	0	0	0
1608135080	471351653	0	0	0	0
1608135080	481369208	0	0	0	0
1608135080	491356787	0	0	0	0
1608135080	501343152	0	0	0	0
1608135080	511404358	0	0	0	0
1608135080	521382438	0	0	0	0
1608135080	531384323	0	0	0	0
1608135080	541379380	0	0	0	0
1608135080	551435825	0	0	0	0
1608135080	561417260	0	0	0	0
1608135080	571405372	0	0	0	0
1608135080	581404392	0	0	0	0
1608135080	591393035	0	0	0	0
1608135080	601422918	0	0	0	0
1608135080	611401946	0	0	0	0
1608135080	621422833	0	0	0	0
1608135080	631419727	0	0	0	0
1608135080	641383016	0	0	0	0
1608135080	651420929	0	0	0	0
1608135080	661368255	0	0	0	0
1608135080	671398153	0	0	0	0
1608135080	681390390	0	0	0	0
1608135080	691355991	0	0	0	0
1608135080	701347593	0	0	0	0
1608135080	711379915	0	0	0	0
1608135080	721366160	0	0	0	0
1608135080	731366232	0	0	0	0
1608135080	741387490	0	0	0	0
1608135080	751439474	0	0	0	0
1608135080	761428292	0	0	0	0
1608135080	771422159	0	0	0	0
1608135080	781396107	0	0	0	0
1608135080	791374938	0	0	0	0
1608135080	801411936	0	0	0	0
1608135080	811409749	0	0	0	0
1608135080	821405373	0	0	0	0
1608135080	831347643	0	0	0	0
1608135080	841358795	0	0	0	0
1608135080	851344216	0	0	0	0
1608135080	861362233	0	0	0	0
1608135080	871361598	0	0	0	0
1608135080	881365149	0	0	0	0
1608135080	891373027	0	0	0	0
1608135080	901380220	0	0	0	0
1608135080	911382772	0	0	0	0
1608135080	921399034	0	0	0	0
1608135080	931362097	0	0	0	0
1608135080	941399677	0	0	0	0
1608135080	951419289	0	0	0	0
1608135080	961421782	0	0	0	0
1608135080	971404595	0	0	0	0
1608135080	981401493	0	0	0	0
1608135080	991398845	0	0	0	0
1608135081	1401604	0	0	0	0
1608135081	11404247	0	0	0	0
1608135081	21383073	0	0	0	0
1608135081	31401923	0	0	0	0
1608135081	41424484	0	0	0	0
1608135081	51417356	0	0	0	0
1608135081	61415936	0	0	0	0
1608135081	71403091	0	0	0	0
1608135081	81402900	0	0	0	0
1608135081	91370480	0	0	0	0
1608135081	101399916	0	0	0	0
1608135081	111387347	0	0	0	0
1608135081	121363155	0	0	0	0
1608135081	131398887	0	0	0	0
1608135081	141369529	0	0	0	0
1608135081	151417148	0	0	0	0
1608135081	161365309	0	0	0	0
1608135081	171404261	0	0	0	0
1608135081	181370918	0	0	0	0
1608135081	191375424	0	0	0	0
1608135081	201400784	0	0	0	0
1608135081	211406706	0	0	0	0
1608135081	221366907	0	0	0	0
1608135081	231368028	0	0	0	0
1608135081	241401811	0	0	0	0
1608135081	251415649	0	0	0	0
1608135081	261383164	0	0	0	0
1608135081	271391912	0	0	0	0
1608135081	281383069	0	0	0	0
1608135081	291405143	0	0	0	0
1608135081	301403029	0	0	0	0
1608135081	311375918	0	0	0	0
1608135081	321359909	0	0	0	0
1608135081	331432907	0	0	0	0
1608135081	341406209	0	0	0	0
1608135081	351393339	0	0	0	0
1608135081	361373974	0	0	0	0
1608135081	371408671	0	0	0	0
1608135081	381378403	0	0	0	0
1608135081	391405663	0	0	0	0
1608135081	401408519	0	0	0	0
1608135081	411416386	0	0	0	0
1608135081	421406239	0	0	0	0
1608135081	431409458	0	0	0	0
1608135081	441374154	0	0	0	0
1608135081	451413207	0	0	0	0
1608135081	461380037	0	0	0	0
1608135081	471406785	0	0	0	0
1608135081	481405942	0	0	0	0
1608135081	491394319	0	0	0	0
1608135081	501369205	0	0	0	0
1608135081	511381384	0	0	0	0
1608135081	521408310	0	0	0	0
1608135081	531388666	0	0	0	0
1608135081	541370937	0	0	0	0
1608135081	551364176	0	0	0	0
1608135081	561359842	0	0	0	0
1608135081	571363725	0	0	0	0
1608135081	581395944	0	0	0	0
1608135081	591411286	0	0	0	0
1608135081	601407274	0	0	0	0
1608135081	611432965	0	0	0	0
1608135081	621377006	0	0	0	0
1608135081	631405087	0	0	0	0
1608135081	641389832	0	0	0	0
1608135081	651390095	0	0	0	0
1608135081	661406978	0	0	0	0
1608135081	671411504	0	0	0	0
1608135081	681413348	0	0	0	0
1608135081	691415157	0	0	0	0
1608135081	701408762	0	0	0	0
1608135081	711433908	0	0	0	0
1608135081	721417148	0	0	0	0
1608135081	731401556	0	0	0	0
1608135081	741388452	0	0	0	0
1608135081	751394998	0	0	0	0
1608135081	761396237	0	0	0	0
1608135081	771445374	0	0	0	0
1608135081	781435965	0	0	0	0
1608135081	791402239	0	0	0	0
1608135081	801397679	0	0	0	0
1608135081	811434332	0	0	0	0
1608135081	821435294	0	0	0	0
1608135081	831442259	0	0	0	0
1608135081	841431940	0	0	0	0
1608135081	851433115	0	0	0	0
1608135081	861432764	0	0	0	0
1608135081	871432746	0	0	0	0
1608135081	881430628	0	0	0	0
1608135081	891432915	0	0	0	0
1608135081	901435793	0	0	0	0
1608135081	911432923	0	0	0	0
1608135081	921438358	0	0	0	0
1608135081	931438441	0	0	0	0
1608135081	941434257	0	0	0	0
1608135081	951435037	0	0	0	0
1608135081	961432393	0	0	0	0
1608135081	971434697	0	0	0	0
1608135081	981425030	0	0	0	0
1608135081	991434567	0	0	0	0
1608135082	1437204	0	0	0	0
1608135082	11436438	0	0	0	0
1608135082	21399712	0	0	0	0
1608135082	31439446	0	0	0	0
1608135082	41434404	0	0	0	0
1608135082	51433197	0	0	0	0
1608135082	61434454	0	0	0	0
1608135082	71448958	0	0	0	0
1608135082	81406276	0	0	0	0
1608135082	91441001	0	0	0	0
1608135082	101422441	0	0	0	0
1608135082	111442418	0	0	0	0
1608135082	121399652	0	0	0	0
1608135082	131404700	0	0	0	0
1608135082	141438725	0	0	0	0
1608135082	151433533	0	0	0	0
1608135082	161435158	0	0	0	0
1608135082	171434377	0	0	0	0
1608135082	181412468	0	0	0	0
1608135082	191438627	0	0	0	0
1608135082	201439172	0	0	0	0
1608135082	211440431	0	0	0	0
1608135082	221399818	0	0	0	0
1608135082	231438079	0	0	0	0
1608135082	241398834	0	0	0	0
1608135082	251389023	0	0	0	0
1608135082	261439036	0	0	0	0
1608135082	271441586	0	0	0	0
1608135082	281398372	0	0	0	0
1608135082	291446450	0	0	0	0
1608135082	301363100	0	0	0	0
1608135082	311381599	0	0	0	0
1608135082	321373616	0	0	0	0
1608135082	331354279	0	0	0	0
1608135082	341337552	0	0	0	0
1608135082	351373919	0	0	0	0
1608135082	361378576	0	0	0	0
1608135082	371374302	0	0	0	0
1608135082	381448773	0	0	0	0
1608135082	391442036	0	0	0	0
1608135082	401417218	0	0	0	0
1608135082	411403326	0	0	0	0
1608135082	421441480	0	0	0	0
1608135082	431439412	0	0	0	0
1608135082	441424229	0	0	0	0
1608135082	451440482	0	0	0	0
1608135082	461440094	0	0	0	0
1608135082	471440293	0	0	0	0
1608135082	481407987	0	0	0	0
1608135082	491441130	0	0	0	0
1608135082	501453600	0	0	0	0
1608135082	511460807	0	0	0	0
1608135082	521442804	0	0	0	0
1608135082	531441677	0	0	0	0
1608135082	541415105	0	0	0	0
1608135082	551441605	0	0	0	0
1608135082	561433348	0	0	0	0
1608135082	571460925	0	0	0	0
1608135082	581454660	0	0	0	0
1608135082	591449646	0	0	0	0
1608135082	601439293	0	0	0	0
1608135082	611408103	0	0	0	0
1608135082	621442924	0	0	0	0
1608135082	631449635	0	0	0	0
1608135082	641441978	0	0	0	0
1608135082	651443667	0	0	0	0
1608135082	661403072	0	0	0	0
1608135082	671372757	0	0	0	0
1608135082	681378238	0	0	0	0
1608135082	691378486	0	0	0	0
1608135082	701436412	0	0	0	0
1608135082	711378614	0	0	0	0
1608135082	721377101	0	0	0	0
1608135082	731363035	0	0	0	0
1608135082	741405197	0	0	0	0
1608135082	751410397	0	0	0	0
1608135082	761407283	0	0	0	0
1608135082	771424438	0	0	0	0
1608135082	781418138	0	0	0	0
1608135082	791448712	0	0	0	0
1608135082	801417474	0	0	0	0
1608135082	811407658	0	0	0	0
1608135082	821438777	0	0	0	0
1608135082	831424305	0	0	0	0
1608135082	841403092	0	0	0	0
1608135082	851406884	0	0	0	0
1608135082	861426299	0	0	0	0
1608135082	871438426	0	0	0	0
1608135082	881457412	0	0	0	0
1608135082	891423186	0	0	0	0
1608135082	901463188	0	0	0	0
1608135082	911445554	0	0	0	0
1608135082	921430595	0	0	0	0
1608135082	931375398	0	0	0	0
1608135082	941382109	0	0	0	0
1608135082	951384223	0	0	0	0
1608135082	961384364	0	0	0	0
1608135082	971391838	0	0	0	0
1608135082	981403786	0	0	0	0
1608135082	991391671	0	0	0	0
1608135083	1415046	0	0	0	0
1608135083	11425185	0	0	0	0
1608135083	21441919	0	0	0	0
1608135083	31446211	0	0	0	0
1608135083	41445846	0	0	0	0
1608135083	51447865	0	0	0	0
1608135083	61467384	0	0	0	0
1608135083	71425717	0	0	0	0
1608135083	81454415	0	0	0	0
1608135083	91448298	0	0	0	0
1608135083	101434740	0	0	0	0
1608135083	111448094	0	0	0	0
1608135083	121445609	0	0	0	0
1608135083	131448164	0	0	0	0
1608135083	141417317	0	0	0	0
1608135083	151451040	0	0	0	0
1608135083	161409081	0	0	0	0
1608135083	171452053	0	0	0	0
1608135083	181472518	0	0	0	0
1608135083	191463811	0	0	0	0
1608135083	201430765	0	0	0	0
1608135083	211450353	0	0	0	0
1608135083	221445234	0	0	0	0
1608135083	231444785	0	0	0	0
1608135083	241409814	0	0	0	0
1608135083	251394368	0	0	0	0
1608135083	261396840	0	0	0	0
1608135083	271405251	0	0	0	0
1608135083	281402601	0	0	0	0
1608135083	291371645	0	0	0	0
1608135083	301398865	0	0	0	0
1608135083	311393384	0	0	0	0
1608135083	321393318	0	0	0	0
1608135083	331399848	0	0	0	0
1608135083	341378829	0	0	0	0
1608135083	351410069	0	0	0	0
1608135083	361431558	0	0	0	0
1608135083	371440614	0	0	0	0
1608135083	381442728	0	0	0	0
1608135083	391454294	0	0	0	0
1608135083	401448440	0	0	0	0
1608135083	411451811	0	0	0	0
1608135083	421448221	0	0	0	0
1608135083	431427102	0	0	0	0
1608135083	441439727	0	0	0	0
1608135083	451407205	0	0	0	0
1608135083	461420163	0	0	0	0
1608135083	471389578	0	0	0	0
1608135083	481419860	0	0	0	0
1608135083	491414298	0	0	0	0
1608135083	501468768	0	0	0	0
1608135083	511452361	0	0	0	0
1608135083	521454144	0	0	0	0
1608135083	531412577	0	0	0	0
1608135083	541476517	0	0	0	0
1608135083	551457620	0	0	0	0
1608135083	561458887	0	0	0	0
1608135083	571454870	0	0	0	0
1608135083	581439049	0	0	0	0
1608135083	591413487	0	0	0	0
1608135083	601452036	0	0	0	0
1608135083	611460131	0	0	0	0
1608135083	621449795	0	0	0	0
1608135083	631385622	0	0	0	0
1608135083	641374200	0	0	0	0
1608135083	651443002	0	0	0	0
1608135083	661451500	0	0	0	0
1608135083	671437880	0	0	0	0
1608135083	681425303	0	0	0	0
1608135083	691459380	0	0	0	0
1608135083	701456589	0	0	0	0
1608135083	711440828	0	0	0	0
1608135083	721451687	0	0	0	0
1608135083	731417097	0	0	0	0
1608135083	741472069	0	0	0	0
1608135083	751444469	0	0	0	0
1608135083	761417821	0	0	0	0
1608135083	771448946	0	0	0	0
1608135083	781429899	0	0	0	0
1608135083	791457572	0	0	0	0
1608135083	801439531	0	0	0	0
1608135083	811418971	0	0	0	0
1608135083	821420314	0	0	0	0
1608135083	831422008	0	0	0	0
1608135083	841418204	0	0	0	0
1608135083	851407341	0	0	0	0
1608135083	861424549	0	0	0	0
1608135083	871426137	0	0	0	0
1608135083	881420738	0	0	0	0
1608135083	891443518	0	0	0	0
1608135083	901408902	0	0	0	0
1608135083	911412057	0	0	0	0
1608135083	921446400	0	0	0	0
1608135083	931454472	0	0	0	0
1608135083	941447868	0	0	0	0
1608135083	951416932	0	0	0	0
1608135083	961397084	0	0	0	0
1608135083	971398471	0	0	0	0
1608135083	981453344	0	0	0	0
1608135083	991445714	0	0	0	0
1608135084	1446664	0	0	0	0
1608135084	11416045	0	0	0	0
1608135084	21401782	0	0	0	0
1608135084	31450858	0	0	0	0
1608135084	41419424	0	0	0	0
1608135084	51452556	0	0	0	0
1608135084	61417689	0	0	0	0
1608135084	71446421	0	0	0	0
1608135084	81445798	0	0	0	0
1608135084	91416991	0	0	0	0
1608135084	101446750	0	0	0	0
1608135084	111440455	0	0	0	0
1608135084	121409605	0	0	0	0
1608135084	131473650	0	0	0	0
1608135084	141453806	0	0	0	0
1608135084	151453240	0	0	0	0
1608135084	161417666	0	0	0	0
1608135084	171449589	0	0	0	0
1608135084	181447152	0	0	0	0
1608135084	191446966	0	0	0	0
1608135084	201414528	0	0	0	0
1608135084	211452514	0	0	0	0
1608135084	221449239	0	0	0	0
1608135084	231452506	0	0	0	0
1608135084	241450602	0	0	0	0
1608135084	251450887	0	0	0	0
1608135084	261448041	0	0	0	0
1608135084	271450039	0	0	0	0
1608135084	281451042	0	0	0	0
1608135084	291454192	0	0	0	0
1608135084	301449939	0	0	0	0
1608135084	311426516	0	0	0	0
1608135084	321405722	0	0	0	0
1608135084	331425869	0	0	0	0
1608135084	341432251	0	0	0	0
1608135084	351452146	0	0	0	0
1608135084	361449152	0	0	0	0
1608135084	371451385	0	0	0	0
1608135084	381458017	0	0	0	0
1608135084	391451612	0	0	0	0
1608135084	401416574	0	0	0	0
1608135084	411435712	0	0	0	0
1608135084	421454582	0	0	0	0
1608135084	431459230	0	0	0	0
1608135084	441451235	0	0	0	0
1608135084	451451766	0	0	0	0
1608135084	461452258	0	0	0	0
1608135084	471433819	0	0	0	0
1608135084	481449217	0	0	0	0
1608135084	491437614	0	0	0	0
1608135084	501414334	0	0	0	0
1608135084	511377654	0	0	0	0
1608135084	521499707	0	0	0	0
1608135084	531471694	0	0	0	0
1608135084	541427128	0	0	0	0
1608135084	551412329	0	0	0	0
1608135084	561417144	0	0	0	0
1608135084	571424276	0	0	0	0
1608135084	581464541	0	0	0	0
1608135084	591436398	0	0	0	0
1608135084	601410085	0	0	0	0
1608135084	611432775	0	0	0	0
1608135084	621447231	0	0	0	0
1608135084	631410454	0	0	0	0
1608135084	641389179	0	0	0	0
1608135084	651427902	0	0	0	0
1608135084	661433512	0	0	0	0
1608135084	671433217	0	0	0	0
1608135084	681397654	0	0	0	0
1608135084	691401280	0	0	0	0
1608135084	701474261	0	0	0	0
1608135084	711499811	0	0	0	0
1608135084	721462751	0	0	0	0
1608135084	731428940	0	0	0	0
1608135084	741461079	0	0	0	0
1608135084	751469936	0	0	0	0
1608135084	761466528	0	0	0	0
1608135084	771467120	0	0	0	0
1608135084	781472078	0	0	0	0
1608135084	791472281	0	0	0	0
1608135084	801479174	0	0	0	0
1608135084	811474886	0	0	0	0
1608135084	821472685	0	0	0	0
1608135084	831430447	0	0	0	0
1608135084	841430580	0	0	0	0
1608135084	851437434	0	0	0	0
1608135084	861482930	0	0	0	0
1608135084	871467422	0	0	0	0
1608135084	881428678	0	0	0	0
1608135084	891427324	0	0	0	0
1608135084	901439803	0	0	0	0
1608135084	911470855	0	0	0	0
1608135084	921431173	0	0	0	0
1608135084	931462614	0	0	0	0
1608135084	941452931	0	0	0	0
1608135084	951453942	0	0	0	0
1608135084	961473129	0	0	0	0
1608135084	971446604	0	0	0	0
1608135084	981490606	0	0	0	0
1608135084	991471818	0	0	0	0
1608135085	1453938	0	0	0	0
1608135085	11459932	0	0	0	0
1608135085	21468302	0	0	0	0
1608135085	31446045	0	0	0	0
1608135085	41456404	0	0	0	0
1608135085	51426459	0	0	0	0
1608135085	61410285	0	0	0	0
1608135085	71382039	0	0	0	0
1608135085	81421078	0	0	0	0
1608135085	91465359	0	0	0	0
1608135085	101444173	0	0	0	0
1608135085	111431400	0	0	0	0
1608135085	121431689	0	0	0	0
1608135085	131454207	0	0	0	0
1608135085	141455660	0	0	0	0
1608135085	151458388	0	0	0	0
1608135085	161401716	0	0	0	0
1608135085	171400922	0	0	0	0
1608135085	181406568	0	0	0	0
1608135085	191461858	0	0	0	0
1608135085	201493681	0	0	0	0
1608135085	211433333	0	0	0	0
1608135085	221432737	0	0	0	0
1608135085	231452808	0	0	0	0
1608135085	241460874	0	0	0	0
1608135085	251462282	0	0	0	0
1608135085	261426493	0	0	0	0
1608135085	271466314	0	0	0	0
1608135085	281471937	0	0	0	0
1608135085	291491693	0	0	0	0
1608135085	301463627	0	0	0	0
1608135085	311480955	0	0	0	0
1608135085	321461029	0	0	0	0
1608135085	331434204	0	0	0	0
1608135085	341425035	0	0	0	0
1608135085	351464912	0	0	0	0
1608135085	361425697	0	0	0	0
1608135085	371465723	0	0	0	0
1608135085	381439532	0	0	0	0
1608135085	391454113	0	0	0	0
1608135085	401440089	0	0	0	0
1608135085	411425733	0	0	0	0
1608135085	421415901	0	0	0	0
1608135085	431417695	0	0	0	0
1608135085	441432139	0	0	0	0
1608135085	451464694	0	0	0	0
1608135085	461424898	0	0	0	0
1608135085	471466352	0	0	0	0
1608135085	481471508	0	0	0	0
1608135085	491451134	0	0	0	0
1608135085	501433523	0	0	0	0
1608135085	511424619	0	0	0	0
1608135085	521421990	0	0	0	0
1608135085	531423874	0	0	0	0
1608135085	541464059	0	0	0	0
1608135085	551444818	0	0	0	0
1608135085	561474558	0	0	0	0
1608135085	571469962	0	0	0	0
1608135085	581476263	0	0	0	0
1608135085	591447711	0	0	0	0
1608135085	601464016	0	0	0	0
1608135085	611469131	0	0	0	0
1608135085	621454836	0	0	0	0
1608135085	631468511	0	0	0	0
1608135085	641426961	0	0	0	0
1608135085	651429192	0	0	0	0
1608135085	661469059	0	0	0	0
1608135085	671468650	0	0	0	0
1608135085	681483875	0	0	0	0
1608135085	691453727	0	0	0	0
1608135085	701449660	0	0	0	0
1608135085	711433941	0	0	0	0
1608135085	721452305	0	0	0	0
1608135085	731470288	0	0	0	0
1608135085	741436275	0	0	0	0
1608135085	751438067	0	0	0	0
1608135085	761435738	0	0	0	0
1608135085	771471785	0	0	0	0
1608135085	781478565	0	0	0	0
1608135085	791436123	0	0	0	0
1608135085	801431958	0	0	0	0
1608135085	811509459	0	0	0	0
1608135085	821467052	0	0	0	0
1608135085	831473879	0	0	0	0
1608135085	841429732	0	0	0	0
1608135085	851460799	0	0	0	0
1608135085	861470186	0	0	0	0
1608135085	871472670	0	0	0	0
1608135085	881476498	0	0	0	0
1608135085	891471738	0	0	0	0
1608135085	901467893	0	0	0	0
1608135085	911471299	0	0	0	0
1608135085	921490407	0	0	0	0
1608135085	931471384	0	0	0	0
1608135085	941493224	0	0	0	0
1608135085	951455414	0	0	0	0
1608135085	961470590	0	0	0	0
1608135085	971431183	0	0	0	0
1608135085	981463304	0	0	0	0
1608135085	991446723	0	0	0	0
1608135086	1457258	0	0	0	0
1608135086	11470546	0	0	0	0
1608135086	21469992	0	0	0	0
1608135086	31504255	0	0	0	0
1608135086	41472461	0	0	0	0
1608135086	51474863	0	0	0	0
1608135086	61477178	0	0	0	0
1608135086	71473742	0	0	0	0
1608135086	81471921	0	0	0	0
1608135086	91442849	0	0	0	0
1608135086	101487514	0	0	0	0
1608135086	111473959	0	0	0	0
1608135086	121474117	0	0	0	0
1608135086	131438661	0	0	0	0
1608135086	141495850	0	0	0	0
1608135086	151481915	0	0	0	0
1608135086	161483546	0	0	0	0
1608135086	171476534	0	0	0	0
1608135086	181474261	0	0	0	0
1608135086	191466668	0	0	0	0
1608135086	201479434	0	0	0	0
1608135086	211473530	0	0	0	0
1608135086	221472421	0	0	0	0
1608135086	231433199	0	0	0	0
1608135086	241452776	0	0	0	0
1608135086	251480017	0	0	0	0
1608135086	261483586	0	0	0	0
1608135086	271478247	0	0	0	0
1608135086	281464594	0	0	0	0
1608135086	291447798	0	0	0	0
1608135086	301474458	0	0	0	0
1608135086	311473906	0	0	0	0
1608135086	321438124	0	0	0	0
1608135086	331478674	0	0	0	0
1608135086	341495407	0	0	0	0
1608135086	351491252	0	0	0	0
1608135086	361477958	0	0	0	0
1608135086	371476634	0	0	0	0
1608135086	381458353	0	0	0	0
1608135086	391436145	0	0	0	0
1608135086	401427014	0	0	0	0
1608135086	411477756	0	0	0	0
1608135086	421441537	0	0	0	0
1608135086	431447068	0	0	0	0
1608135086	441491255	0	0	0	0
1608135086	451492585	0	0	0	0
1608135086	461485735	0	0	0	0
1608135086	471478933	0	0	0	0
1608135086	481436944	0	0	0	0
1608135086	491441654	0	0	0	0
1608135086	501476175	0	0	0	0
1608135086	511480774	0	0	0	0
1608135086	521460944	0	0	0	0
1608135086	531459132	0	0	0	0
1608135086	541431913	0	0	0	0
1608135086	551419401	0	0	0	0
1608135086	561468474	0	0	0	0
1608135086	571480936	0	0	0	0
1608135086	581457155	0	0	0	0
1608135086	591426219	0	0	0	0
1608135086	601470727	0	0	0	0
1608135086	611469952	0	0	0	0
1608135086	621491673	0	0	0	0
1608135086	631469616	0	0	0	0
1608135086	641495627	0	0	0	0
1608135086	651492640	0	0	0	0
1608135086	661512643	0	0	0	0
1608135086	671489614	0	0	0	0
1608135086	681510945	0	0	0	0
1608135086	691489999	0	0	0	0
1608135086	701451831	0	0	0	0
1608135086	711491695	0	0	0	0
1608135086	721495445	0	0	0	0
1608135086	731454323	0	0	0	0
1608135086	741496122	0	0	0	0
1608135086	751458005	0	0	0	0
1608135086	761492999	0	0	0	0
1608135086	771452706	0	0	0	0
1608135086	781451747	0	0	0	0
1608135086	791444843	0	0	0	0
1608135086	801467532	0	0	0	0
1608135086	811423146	0	0	0	0
1608135086	821425415	0	0	0	0
1608135086	831471735	0	0	0	0
1608135086	841451936	0	0	0	0
1608135086	851473335	0	0	0	0
1608135086	861456819	0	0	0	0
1608135086	871477719	0	0	0	0
1608135086	881480939	0	0	0	0
1608135086	891483866	0	0	0	0
1608135086	901446256	0	0	0	0
1608135086	911465934	0	0	0	0
1608135086	921449669	0	0	0	0
1608135086	931491561	0	0	0	0
1608135086	941450492	0	0	0	0
1608135086	951488870	0	0	0	0
1608135086	961482214	0	0	0	0
1608135086	971478915	0	0	0	0
1608135086	981501019	0	0	0	0
1608135086	991449391	0	0	0	0
1608135087	1444864	0	0	0	0
1608135087	11480186	0	0	0	0
1608135087	21484073	0	0	0	0
1608135087	31492284	0	0	0	0
1608135087	41489379	0	0	0	0
1608135087	51483831	0	0	0	0
1608135087	61481448	0	0	0	0
1608135087	71486165	0	0	0	0
1608135087	81487302	0	0	0	0
1608135087	91447718	0	0	0	0
1608135087	101485305	0	0	0	0
1608135087	111503524	0	0	0	0
1608135087	121452308	0	0	0	0
1608135087	131466528	0	0	0	0
1608135087	141505323	0	0	0	0
1608135087	151456894	0	0	0	0
1608135087	161487416	0	0	0	0
1608135087	171484198	0	0	0	0
1608135087	181485751	0	0	0	0
1608135087	191448125	0	0	0	0
1608135087	201453634	0	0	0	0
1608135087	211477906	0	0	0	0
1608135087	221490087	0	0	0	0
1608135087	231506872	0	0	0	0
1608135087	241510923	0	0	0	0
1608135087	251486967	0	0	0	0
1608135087	261446530	0	0	0	0
1608135087	271486569	0	0	0	0
1608135087	281475535	0	0	0	0
1608135087	291457165	0	0	0	0
1608135087	301437207	0	0	0	0
1608135087	311406355	0	0	0	0
1608135087	321499135	0	0	0	0
1608135087	331501071	0	0	0	0
1608135087	341480195	0	0	0	0
1608135087	351467124	0	0	0	0
1608135087	361501583	0	0	0	0
1608135087	371502306	0	0	0	0
1608135087	381480086	0	0	0	0
1608135087	391502635	0	0	0	0
1608135087	401506119	0	0	0	0
1608135087	411502239	0	0	0	0
1608135087	421464317	0	0	0	0
1608135087	431487979	0	0	0	0
1608135087	441498970	0	0	0	0
1608135087	451501210	0	0	0	0
1608135087	461501201	0	0	0	0
1608135087	471499121	0	0	0	0
1608135087	481415382	0	0	0	0
1608135087	491470577	0	0	0	0
1608135087	501477332	0	0	0	0
1608135087	511464178	0	0	0	0
1608135087	521465147	0	0	0	0
1608135087	531492689	0	0	0	0
1608135087	541502449	0	0	0	0
1608135087	551501148	0	0	0	0
1608135087	561499870	0	0	0	0
1608135087	571501034	0	0	0	0
1608135087	581458619	0	0	0	0
1608135087	591473332	0	0	0	0
1608135087	601467654	0	0	0	0
1608135087	611463361	0	0	0	0
1608135087	621467190	0	0	0	0
1608135087	631469805	0	0	0	0
1608135087	641469116	0	0	0	0
1608135087	651466109	0	0	0	0
1608135087	661489081	0	0	0	0
1608135087	671453701	0	0	0	0
1608135087	681443655	0	0	0	0
1608135087	691492949	0	0	0	0
1608135087	701500743	0	0	0	0
1608135087	711499261	0	0	0	0
1608135087	721456870	0	0	0	0
1608135087	731479636	0	0	0	0
1608135087	741443769	0	0	0	0
1608135087	751445594	0	0	0	0
1608135087	761444274	0	0	0	0
1608135087	771459675	0	0	0	0
1608135087	781481456	0	0	0	0
1608135087	791492925	0	0	0	0
1608135087	801503473	0	0	0	0
1608135087	811496092	0	0	0	0
1608135087	821494898	0	0	0	0
1608135087	831494313	0	0	0	0
1608135087	841495738	0	0	0	0
1608135087	851497189	0	0	0	0
1608135087	861492971	0	0	0	0
1608135087	871458136	0	0	0	0
1608135087	881481401	0	0	0	0
1608135087	891496903	0	0	0	0
1608135087	901523504	0	0	0	0
1608135087	911497924	0	0	0	0
1608135087	921484817	0	0	0	0
1608135087	931480578	0	0	0	0
1608135087	941454342	0	0	0	0
1608135087	951461247	0	0	0	0
1608135087	961447991	0	0	0	0
1608135087	971472359	0	0	0	0
1608135087	981459094	0	0	0	0
1608135087	991467114	0	0	0	0
1608135088	1432059	0	0	0	0
1608135088	11503902	0	0	0	0
1608135088	21474861	0	0	0	0
1608135088	31498916	0	0	0	0
1608135088	41545515	0	0	0	0
1608135088	51432176	0	0	0	0
1608135088	61454452	0	0	0	0
1608135088	71484495	0	0	0	0
1608135088	81463821	0	0	0	0
1608135088	91501343	0	0	0	0
1608135088	101477312	0	0	0	0
1608135088	111483652	0	0	0	0
1608135088	121496708	0	0	0	0
1608135088	131510533	0	0	0	0
1608135088	141518637	0	0	0	0
1608135088	151434348	0	0	0	0
1608135088	161433247	0	0	0	0
1608135088	171444106	0	0	0	0
1608135088	181475873	0	0	0	0
1608135088	191461775	0	0	0	0
1608135088	201416811	0	0	0	0
1608135088	211409716	0	0	0	0
1608135088	221423696	0	0	0	0
1608135088	231451107	0	0	0	0
1608135088	241450318	0	0	0	0
1608135088	251444697	0	0	0	0
1608135088	261448307	0	0	0	0
1608135088	271481404	0	0	0	0
1608135088	281480338	0	0	0	0
1608135088	291472202	0	0	0	0
1608135088	301448162	0	0	0	0
1608135088	311473269	0	0	0	0
1608135088	321471498	0	0	0	0
1608135088	331482714	0	0	0	0
1608135088	341479714	0	0	0	0
1608135088	351534088	0	0	0	0
1608135088	361509854	0	0	0	0
1608135088	371514639	0	0	0	0
1608135088	381480347	0	0	0	0
1608135088	391476059	0	0	0	0
1608135088	401477896	0	0	0	0
1608135088	411469806	0	0	0	0
1608135088	421484543	0	0	0	0
1608135088	431466557	0	0	0	0
1608135088	441425707	0	0	0	0
1608135088	451416045	0	0	0	0
1608135088	461411988	0	0	0	0
1608135088	471461513	0	0	0	0
1608135088	481422737	0	0	0	0
1608135088	491419457	0	0	0	0
1608135088	501524662	0	0	0	0
1608135088	511501743	0	0	0	0
1608135088	521502953	0	0	0	0
1608135088	531469674	0	0	0	0
1608135088	541427101	0	0	0	0
1608135088	551456131	0	0	0	0
1608135088	561455320	0	0	0	0
1608135088	571452908	0	0	0	0
1608135088	581468703	0	0	0	0
1608135088	591509907	0	0	0	0
1608135088	601485018	0	0	0	0
1608135088	611479287	0	0	0	0
1608135088	621518305	0	0	0	0
1608135088	631516286	0	0	0	0
1608135088	641495846	0	0	0	0
1608135088	651490764	0	0	0	0
1608135088	661516973	0	0	0	0
1608135088	671520873	0	0	0	0
1608135088	681485300	0	0	0	0
1608135088	691515789	0	0	0	0
1608135088	701504711	0	0	0	0
1608135088	711516914	0	0	0	0
1608135088	721515406	0	0	0	0
1608135088	731472834	0	0	0	0
1608135088	741482254	0	0	0	0
1608135088	751519737	0	0	0	0
1608135088	761530061	0	0	0	0
1608135088	771518363	0	0	0	0
1608135088	781502505	0	0	0	0
1608135088	791514301	0	0	0	0
1608135088	801483031	0	0	0	0
1608135088	811518415	0	0	0	0
1608135088	821515880	0	0	0	0
1608135088	831491228	0	0	0	0
1608135088	841539121	0	0	0	0
1608135088	851493368	0	0	0	0
1608135088	861535484	0	0	0	0
1608135088	871507826	0	0	0	0
1608135088	881518328	0	0	0	0
1608135088	891489869	0	0	0	0
1608135088	901493695	0	0	0	0
1608135088	911433743	0	0	0	0
1608135088	921429573	0	0	0	0
1608135088	931458880	0	0	0	0
1608135088	941538191	0	0	0	0
1608135088	951523942	0	0	0	0
1608135088	961485370	0	0	0	0
1608135088	971520409	0	0	0	0
1608135088	981503440	0	0	0	0
1608135088	991484172	0	0	0	0
1608135089	1519507	0	0	0	0
1608135089	11521878	0	0	0	0
1608135089	21480917	0	0	0	0
1608135089	31499018	0	0	0	0
1608135089	41442605	0	0	0	0
1608135089	51493644	0	0	0	0
1608135089	61493257	0	0	0	0
1608135089	71476193	0	0	0	0
1608135089	81450315	0	0	0	0
1608135089	91451699	0	0	0	0
1608135089	101480499	0	0	0	0
1608135089	111488990	0	0	0	0
1608135089	121489344	0	0	0	0
1608135089	131485101	0	0	0	0
1608135089	141492704	0	0	0	0
1608135089	151489326	0	0	0	0
1608135089	161501356	0	0	0	0
1608135089	171456657	0	0	0	0
1608135089	181483509	0	0	0	0
1608135089	191484735	0	0	0	0
1608135089	201495230	0	0	0	0
1608135089	211462471	0	0	0	0
1608135089	221524309	0	0	0	0
1608135089	231533264	0	0	0	0
1608135089	241508891	0	0	0	0
1608135089	251512638	0	0	0	0
1608135089	261469180	0	0	0	0
1608135089	271442452	0	0	0	0
1608135089	281469664	0	0	0	0
1608135089	291513362	0	0	0	0
1608135089	301524266	0	0	0	0
1608135089	311485291	0	0	0	0
1608135089	321477311	0	0	0	0
1608135089	331478011	0	0	0	0
1608135089	341475094	0	0	0	0
1608135089	351479075	0	0	0	0
1608135089	361470173	0	0	0	0
1608135089	371475839	0	0	0	0
1608135089	381470687	0	0	0	0
1608135089	391501485	0	0	0	0
1608135089	401504788	0	0	0	0
1608135089	411476707	0	0	0	0
1608135089	421503313	0	0	0	0
1608135089	431477324	0	0	0	0
1608135089	441505423	0	0	0	0
1608135089	451509757	0	0	0	0
1608135089	461500635	0	0	0	0
1608135089	471500380	0	0	0	0
1608135089	481506082	0	0	0	0
1608135089	491503779	0	0	0	0
1608135089	501458152	0	0	0	0
1608135089	511469093	0	0	0	0
1608135089	521485898	0	0	0	0
1608135089	531532938	0	0	0	0
1608135089	541519679	0	0	0	0
1608135089	551528251	0	0	0	0
1608135089	561525928	0	0	0	0
1608135089	571525750	0	0	0	0
1608135089	581525692	0	0	0	0
1608135089	591527279	0	0	0	0
1608135089	601476000	0	0	0	0
1608135089	611523375	0	0	0	0
1608135089	621489175	0	0	0	0
1608135089	631525824	0	0	0	0
1608135089	641529640	0	0	0	0
1608135089	651528749	0	0	0	0
1608135089	661487258	0	0	0	0
1608135089	671478762	0	0	0	0
1608135089	681526104	0	0	0	0
1608135089	691513423	0	0	0	0
1608135089	701493557	0	0	0	0
1608135089	711477042	0	0	0	0
1608135089	721561393	0	0	0	0
1608135089	731541446	0	0	0	0
1608135089	741496049	0	0	0	0
1608135089	751508267	0	0	0	0
1608135089	761505208	0	0	0	0
1608135089	771532322	0	0	0	0
1608135089	781549030	0	0	0	0
1608135089	791519890	0	0	0	0
1608135089	801519812	0	0	0	0
1608135089	811500667	0	0	0	0
1608135089	821522901	0	0	0	0
1608135089	831535276	0	0	0	0
1608135089	841530996	0	0	0	0
1608135089	851490616	0	0	0	0
1608135089	861474371	0	0	0	0
1608135089	871529471	0	0	0	0
1608135089	881500260	0	0	0	0
1608135089	891492924	0	0	0	0
1608135089	901482366	0	0	0	0
1608135089	911466683	0	0	0	0
1608135089	921552410	0	0	0	0
1608135089	931541563	0	0	0	0
1608135089	941491758	0	0	0	0
1608135089	951492087	0	0	0	0
1608135089	961551379	0	0	0	0
1608135089	971530430	0	0	0	0
1608135089	981532600	0	0	0	0
1608135089	991463641	0	0	0	0
1608135090	1491139	0	0	0	0
1608135090	11501666	0	0	0	0
1608135090	21537173	0	0	0	0
1608135090	31500245	0	0	0	0
1608135090	41497599	0	0	0	0
1608135090	51469000	0	0	0	0
1608135090	61485816	0	0	0	0
1608135090	71499991	0	0	0	0
1608135090	81468873	0	0	0	0
1608135090	91497270	0	0	0	0
1608135090	101499142	0	0	0	0
1608135090	111492110	0	0	0	0
1608135090	121502625	0	0	0	0
1608135090	131507080	0	0	0	0
1608135090	141495556	0	0	0	0
1608135090	151501181	0	0	0	0
1608135090	161500250	0	0	0	0
1608135090	171496394	0	0	0	0
1608135090	181495945	0	0	0	0
1608135090	191469989	0	0	0	0
1608135090	201461223	0	0	0	0
1608135090	211475026	0	0	0	0
1608135090	221461383	0	0	0	0
1608135090	231498856	0	0	0	0
1608135090	241498393	0	0	0	0
1608135090	251530035	0	0	0	0
1608135090	261534870	0	0	0	0
1608135090	271518782	0	0	0	0
1608135090	281496226	0	0	0	0
1608135090	291538370	0	0	0	0
1608135090	301539119	0	0	0	0
1608135090	311544260	0	0	0	0
1608135090	321536368	0	0	0	0
1608135090	331539262	0	0	0	0
1608135090	341555275	0	0	0	0
1608135090	351536748	0	0	0	0
1608135090	361520249	0	0	0	0
1608135090	371497269	0	0	0	0
1608135090	381538505	0	0	0	0
1608135090	391502986	0	0	0	0
1608135090	401542257	0	0	0	0
1608135090	411520355	0	0	0	0
1608135090	421504352	0	0	0	0
1608135090	431538411	0	0	0	0
1608135090	441509467	0	0	0	0
1608135090	451494761	0	0	0	0
1608135090	461557993	0	0	0	0
1608135090	471536532	0	0	0	0
1608135090	481538706	0	0	0	0
1608135090	491539629	0	0	0	0
1608135090	501512941	0	0	0	0
1608135090	511504999	0	0	0	0
1608135090	521502293	0	0	0	0
1608135090	531499781	0	0	0	0
1608135090	541523726	0	0	0	0
1608135090	551530525	0	0	0	0
1608135090	561547367	0	0	0	0
1608135090	571490220	0	0	0	0
1608135090	581528523	0	0	0	0
1608135090	591526988	0	0	0	0
1608135090	601540868	0	0	0	0
1608135090	611502547	0	0	0	0
1608135090	621514111	0	0	0	0
1608135090	631526908	0	0	0	0
1608135090	641548632	0	0	0	0
1608135090	651529549	0	0	0	0
1608135090	661527683	0	0	0	0
1608135090	671534556	0	0	0	0
1608135090	681511245	0	0	0	0
1608135090	691536879	0	0	0	0
1608135090	701518895	0	0	0	0
1608135090	711531189	0	0	0	0
1608135090	721527081	0	0	0	0
1608135090	731543426	0	0	0	0
1608135090	741546293	0	0	0	0
1608135090	751528233	0	0	0	0
1608135090	761492656	0	0	0	0
1608135090	771533382	0	0	0	0
1608135090	781534613	0	0	0	0
1608135090	791541878	0	0	0	0
1608135090	801534834	0	0	0	0
1608135090	811535150	0	0	0	0
1608135090	821533003	0	0	0	0
1608135090	831509343	0	0	0	0
1608135090	841488192	0	0	0	0
1608135090	851528965	0	0	0	0
1608135090	861507786	0	0	0	0
1608135090	871531854	0	0	0	0
1608135090	881506073	0	0	0	0
1608135090	891559966	0	0	0	0
1608135090	901499239	0	0	0	0
1608135090	911516762	0	0	0	0
1608135090	921519114	0	0	0	0
1608135090	931496858	0	0	0	0
1608135090	941528741	0	0	0	0
1608135090	951530911	0	0	0	0
1608135090	961495576	0	0	0	0
1608135090	971534157	0	0	0	0
1608135090	981536379	0	0	0	0
1608135090	991535825	0	0	0	0
1608135091	1539191	0	0	0	0
1608135091	11532246	0	0	0	0
1608135091	21531119	0	0	0	0
1608135091	31494946	0	0	0	0
1608135091	41533490	0	0	0	0
1608135091	51495024	0	0	0	0
1608135091	61548995	0	0	0	0
1608135091	71515561	0	0	0	0
1608135091	81546247	0	0	0	0
1608135091	91534069	0	0	0	0
1608135091	101547295	0	0	0	0
1608135091	111533714	0	0	0	0
1608135091	121521943	0	0	0	0
1608135091	131536960	0	0	0	0
1608135091	141497208	0	0	0	0
1608135091	151472732	0	0	0	0
1608135091	161492814	0	0	0	0
1608135091	171503153	0	0	0	0
1608135091	181522802	0	0	0	0
1608135091	191545007	0	0	0	0
1608135091	201532611	0	0	0	0
1608135091	211514908	0	0	0	0
1608135091	221513176	0	0	0	0
1608135091	231547462	0	0	0	0
1608135091	241546565	0	0	0	0
1608135091	251515043	0	0	0	0
1608135091	261586861	0	0	0	0
1608135091	271538923	0	0	0	0
1608135091	281528271	0	0	0	0
1608135091	291538058	0	0	0	0
1608135091	301554987	0	0	0	0
1608135091	311549610	0	0	0	0
1608135091	321549470	0	0	0	0
1608135091	331548717	0	0	0	0
1608135091	341515106	0	0	0	0
1608135091	351551651	0	0	0	0
1608135091	361553007	0	0	0	0
1608135091	371555627	0	0	0	0
1608135091	381550227	0	0	0	0
1608135091	391549845	0	0	0	0
1608135091	401566204	0	0	0	0
1608135091	411547121	0	0	0	0
1608135091	421524224	0	0	0	0
1608135091	431547328	0	0	0	0
1608135091	441549484	0	0	0	0
1608135091	451552033	0	0	0	0
1608135091	461521721	0	0	0	0
1608135091	471554461	0	0	0	0
1608135091	481555130	0	0	0	0
1608135091	491522706	0	0	0	0
1608135091	501511464	0	0	0	0
1608135091	511512940	0	0	0	0
1608135091	521517881	0	0	0	0
1608135091	531511910	0	0	0	0
1608135091	541481123	0	0	0	0
1608135091	551536936	0	0	0	0
1608135091	561520963	0	0	0	0
1608135091	571516825	0	0	0	0
1608135091	581541300	0	0	0	0
1608135091	591521811	0	0	0	0
1608135091	601529701	0	0	0	0
1608135091	611535977	0	0	0	0
1608135091	621509250	0	0	0	0
1608135091	631554872	0	0	0	0
1608135091	641548682	0	0	0	0
1608135091	651523832	0	0	0	0
1608135091	661496067	0	0	0	0
1608135091	671518709	0	0	0	0
1608135091	681525074	0	0	0	0
1608135091	691516671	0	0	0	0
1608135091	701514934	0	0	0	0
1608135091	711489223	0	0	0	0
1608135091	721514764	0	0	0	0
1608135091	731485143	0	0	0	0
1608135091	741491565	0	0	0	0
1608135091	751538653	0	0	0	0
1608135091	761544467	0	0	0	0
1608135091	771534658	0	0	0	0
1608135091	781520762	0	0	0	0
1608135091	791505952	0	0	0	0
1608135091	801553023	0	0	0	0
1608135091	811520340	0	0	0	0
1608135091	821552316	0	0	0	0
1608135091	831532478	0	0	0	0
1608135091	841575389	0	0	0	0
1608135091	851557765	0	0	0	0
1608135091	861552650	0	0	0	0
1608135091	871556067	0	0	0	0
1608135091	881544051	0	0	0	0
1608135091	891537433	0	0	0	0
1608135091	901555447	0	0	0	0
1608135091	911554529	0	0	0	0
1608135091	921513458	0	0	0	0
1608135091	931539597	0	0	0	0
1608135091	941574557	0	0	0	0
1608135091	951558101	0	0	0	0
1608135091	961598976	0	0	0	0
1608135091	971574948	0	0	0	0
1608135091	981531586	0	0	0	0
1608135091	991556613	0	0	0	0
1608135092	1569875	0	0	0	0
1608135092	11537816	0	0	0	0
1608135092	21554962	0	0	0	0
1608135092	31522337	0	0	0	0
1608135092	41558725	0	0	0	0
1608135092	51560744	0	0	0	0
1608135092	61563320	0	0	0	0
1608135092	71542621	0	0	0	0
1608135092	81578015	0	0	0	0
1608135092	91556637	0	0	0	0
1608135092	101557637	0	0	0	0
1608135092	111557791	0	0	0	0
1608135092	121564444	0	0	0	0
1608135092	131564939	0	0	0	0
1608135092	141558897	0	0	0	0
1608135092	151528251	0	0	0	0
1608135092	161530661	0	0	0	0
1608135092	171559928	0	0	0	0
1608135092	181518921	0	0	0	0
1608135092	191543191	0	0	0	0
1608135092	201567836	0	0	0	0
1608135092	211579480	0	0	0	0
1608135092	221520780	0	0	0	0
1608135092	231561031	0	0	0	0
1608135092	241559758	0	0	0	0
1608135092	251547823	0	0	0	0
1608135092	261524901	0	0	0	0
1608135092	271514608	0	0	0	0
1608135092	281528089	0	0	0	0
1608135092	291527617	0	0	0	0
1608135092	301559084	0	0	0	0
1608135092	311538960	0	0	0	0
1608135092	321520128	0	0	0	0
1608135092	331564608	0	0	0	0
1608135092	341540913	0	0	0	0
1608135092	351530924	0	0	0	0
1608135092	361498867	0	0	0	0
1608135092	371526296	0	0	0	0
1608135092	381531456	0	0	0	0
1608135092	391532654	0	0	0	0
1608135092	401558032	0	0	0	0
1608135092	411547698	0	0	0	0
1608135092	421519635	0	0	0	0
1608135092	431570805	0	0	0	0
1608135092	441561963	0	0	0	0
1608135092	451538161	0	0	0	0
1608135092	461530913	0	0	0	0
1608135092	471565384	0	0	0	0
1608135092	481518751	0	0	0	0
1608135092	491563514	0	0	0	0
1608135092	501567194	0	0	0	0
1608135092	511560741	0	0	0	0
1608135092	521556871	0	0	0	0
1608135092	531566499	0	0	0	0
1608135092	541529343	0	0	0	0
1608135092	551552080	0	0	0	0
1608135092	561529939	0	0	0	0
1608135092	571528565	0	0	0	0
1608135092	581497079	0	0	0	0
1608135092	591552258	0	0	0	0
1608135092	601547841	0	0	0	0
1608135092	611527999	0	0	0	0
1608135092	621565455	0	0	0	0
1608135092	631567566	0	0	0	0
1608135092	641551241	0	0	0	0
1608135092	651538310	0	0	0	0
1608135092	661495578	0	0	0	0
1608135092	671487721	0	0	0	0
1608135092	681574930	0	0	0	0
1608135092	691566876	0	0	0	0
1608135092	701570934	0	0	0	0
1608135092	711504362	0	0	0	0
1608135092	721529507	0	0	0	0
1608135092	731569863	0	0	0	0
1608135092	741570661	0	0	0	0
1608135092	751569904	0	0	0	0
1608135092	761563751	0	0	0	0
1608135092	771536733	0	0	0	0
1608135092	781533373	0	0	0	0
1608135092	791554575	0	0	0	0
1608135092	801552776	0	0	0	0
1608135092	811523729	0	0	0	0
1608135092	821569755	0	0	0	0
1608135092	831508999	0	0	0	0
1608135092	841582586	0	0	0	0
1608135092	851530488	0	0	0	0
1608135092	861596099	0	0	0	0
1608135092	871533775	0	0	0	0
1608135092	881579763	0	0	0	0
1608135092	891551629	0	0	0	0
1608135092	901579773	0	0	0	0
1608135092	911536895	0	0	0	0
1608135092	921548067	0	0	0	0
1608135092	931571681	0	0	0	0
1608135092	941580209	0	0	0	0
1608135092	951576988	0	0	0	0
1608135092	961534639	0	0	0	0
1608135092	971526345	0	0	0	0
1608135092	981568569	0	0	0	0
1608135092	991563828	0	0	0	0
1608135093	1520565	0	0	0	0
1608135093	11479239	0	0	0	0
1608135093	21523682	0	0	0	0
1608135093	31503498	0	0	0	0
1608135093	41534058	0	0	0	0
1608135093	51479530	0	0	0	0
1608135093	61580747	0	0	0	0
1608135093	71567231	0	0	0	0
1608135093	81569816	0	0	0	0
1608135093	91569881	0	0	0	0
1608135093	101595811	0	0	0	0
1608135093	111531386	0	0	0	0
1608135093	121548944	0	0	0	0
1608135093	131579119	0	0	0	0
1608135093	141578185	0	0	0	0
1608135093	151575538	0	0	0	0
1608135093	161571394	0	0	0	0
1608135093	171570680	0	0	0	0
1608135093	181584668	0	0	0	0
1608135093	191571474	0	0	0	0
1608135093	201573555	0	0	0	0
