time_sec	time_nanosec	control_action_0	control_action_1	control_action_2	control_action_3
1608133969	88000890	135.22	121.82	130.15	138.9
1608133969	97952171	137.15	123.57	132.01	140.88
1608133969	107921329	139.09	125.31	133.87	142.87
1608133969	118152477	141.02	127.06	135.74	144.85
1608133969	128199456	142.95	128.8	137.6	146.84
1608133969	138211001	144.89	130.55	139.46	148.82
1608133969	148268390	146.82	132.29	141.32	150.8
1608133969	158273088	148.75	134.04	143.19	152.79
1608133969	168233812	150.69	135.79	145.05	154.77
1608133969	178174730	152.62	137.53	146.91	156.76
1608133969	188141164	154.55	139.28	148.77	158.74
1608133969	198293428	156.49	141.03	150.64	160.73
1608133969	208215564	158.42	142.77	152.5	162.71
1608133969	218256835	160.36	144.52	154.36	164.7
1608133969	228182469	162.29	146.27	156.22	166.68
1608133969	238151618	164.22	148.01	158.09	168.67
1608133969	248168909	166.16	149.76	159.95	170.65
1608133969	258088490	168.09	151.51	161.81	172.64
1608133969	268167129	170.02	153.25	163.68	174.62
1608133969	278125097	171.96	155	165.54	176.61
1608133969	288129911	173.89	156.75	167.4	178.59
1608133969	298079119	175.83	158.5	169.27	180.57
1608133969	308171790	177.76	160.25	171.13	182.56
1608133969	318188848	179.69	161.99	173	184.54
1608133969	328176478	181.63	163.74	174.86	186.53
1608133969	338170140	183.56	165.49	176.72	188.51
1608133969	348161437	185.5	167.24	178.59	190.5
1608133969	358198421	187.43	168.99	180.45	192.48
1608133969	368207462	189.36	170.74	182.31	194.47
1608133969	378199083	191.3	172.48	184.18	196.45
1608133969	388210722	193.23	174.23	186.04	198.44
1608133969	398205352	195.17	175.98	187.91	200.42
1608133969	408194848	197.1	177.73	189.77	202.41
1608133969	418185836	199.04	179.48	191.64	204.39
1608133969	428191733	200.97	181.23	193.5	206.38
1608133969	438220317	202.9	182.98	195.37	208.36
1608133969	448217778	204.84	184.73	197.23	210.35
1608133969	458238273	206.77	186.48	199.09	212.33
1608133969	468122325	208.71	188.23	200.96	214.32
1608133969	478186313	210.64	189.98	202.82	216.3
1608133969	488153842	212.58	191.73	204.69	218.29
1608133969	498112663	214.51	193.48	206.55	220.27
1608133969	508138337	216.45	195.23	208.42	222.26
1608133969	518244732	218.38	196.98	210.28	224.24
1608133969	528181774	220.32	198.73	212.15	226.23
1608133969	538124170	222.25	200.48	214.02	228.21
1608133969	548215708	224.19	202.23	215.88	230.2
1608133969	558562765	226.12	203.98	217.75	232.18
1608133969	568019561	228.05	205.74	219.61	234.17
1608133969	578032300	229.99	207.49	221.48	236.15
1608133969	588210545	231.92	209.24	223.34	238.14
1608133969	598283106	233.86	210.99	225.21	240.12
1608133969	608095443	235.79	212.74	227.07	242.11
1608133969	618294735	237.73	214.49	228.94	244.09
1608133969	628273154	239.66	216.25	230.81	246.08
1608133969	638195376	241.6	218	232.67	248.06
1608133969	648287198	243.54	219.75	234.54	250.05
1608133969	658078221	245.47	221.5	236.4	252.03
1608133969	668215695	247.41	223.26	238.27	254.02
1608133969	678181007	249.34	225.01	240.14	256
1608133969	688147059	251.28	226.76	242	257.99
1608133969	698303948	253.21	228.51	243.87	259.97
1608133969	708179019	255.15	230.27	245.74	261.96
1608133969	718227608	257.08	232.02	247.6	263.94
1608133969	728272755	259.02	233.77	249.47	265.93
1608133969	738095676	260.95	235.53	251.34	267.91
1608133969	748514488	262.89	237.28	253.2	269.9
1608133969	758486944	264.82	239.03	255.07	271.88
1608133969	768214129	266.76	240.79	256.94	273.87
1608133969	777995357	268.7	242.54	258.81	275.85
1608133969	788196743	270.63	244.3	260.67	277.84
1608133969	798243738	272.57	246.05	262.54	279.82
1608133969	808094038	274.5	247.8	264.41	281.81
1608133969	818268061	276.44	249.56	266.27	283.79
1608133969	828082934	278.37	251.31	268.14	285.78
1608133969	838130911	280.31	253.07	270.01	287.76
1608133969	848217083	282.25	254.82	271.88	289.75
1608133969	858175246	284.18	256.58	273.74	291.73
1608133969	868181712	286.12	258.33	275.61	293.72
1608133969	878131407	288.05	260.09	277.48	295.7
1608133969	888160306	289.99	261.84	279.35	297.69
1608133969	898339994	291.93	263.6	281.22	299.68
1608133969	908076946	293.86	265.35	283.08	301.66
1608133969	918299372	295.8	267.11	284.95	303.65
1608133969	928161692	297.74	268.87	286.82	305.63
1608133969	938196866	299.67	270.62	288.69	307.62
1608133969	948265106	301.61	272.38	290.56	309.6
1608133969	958163821	303.54	274.13	292.42	311.59
1608133969	968092777	305.48	275.89	294.29	313.57
1608133969	978368721	307.42	277.65	296.16	315.56
1608133969	988159859	309.35	279.4	298.03	317.54
1608133969	998283073	311.29	281.16	299.9	319.53
1608133970	8243149	313.23	282.92	301.77	321.51
1608133970	18250383	315.16	284.67	303.64	323.5
1608133970	28242127	317.1	286.43	305.51	325.48
1608133970	38037190	319.04	288.19	307.37	327.47
1608133970	48272052	320.97	289.95	309.24	329.46
1608133970	58203864	322.91	291.7	311.11	331.44
1608133970	68166057	324.85	293.46	312.98	333.43
1608133970	78236702	326.78	295.22	314.85	335.41
1608133970	88024153	328.72	296.98	316.72	337.4
1608133970	98317514	330.66	298.73	318.59	339.38
1608133970	108139432	332.59	300.49	320.46	341.37
1608133970	118238181	334.53	302.25	322.33	343.35
1608133970	128175291	336.47	304.01	324.2	345.34
1608133970	138021306	338.4	305.77	326.07	347.32
1608133970	148247864	340.34	307.52	327.94	349.31
1608133970	158185019	342.28	309.28	329.81	351.3
1608133970	168191077	344.21	311.04	331.68	353.28
1608133970	178216733	346.15	312.8	333.55	355.27
1608133970	188163543	348.09	314.56	335.42	357.25
1608133970	198227450	350.03	316.32	337.29	359.24
1608133970	208172171	351.96	318.08	339.16	361.22
1608133970	218194687	353.9	319.84	341.03	363.21
1608133970	228240320	355.84	321.6	342.9	365.19
1608133970	238201098	357.77	323.36	344.77	367.18
1608133970	248247992	359.71	325.12	346.64	369.16
1608133970	258156463	361.65	326.88	348.51	371.15
1608133970	268107571	363.59	328.64	350.38	373.14
1608133970	278327986	365.52	330.4	352.25	375.12
1608133970	288257491	367.46	332.16	354.12	377.11
1608133970	298246588	367.46	332.16	354.12	377.11
1608133970	308242618	367.46	332.16	354.12	377.11
1608133970	318240142	367.46	332.16	354.12	377.11
1608133970	328236751	367.46	332.16	354.12	377.11
1608133970	338168388	367.46	332.16	354.12	377.11
1608133970	348212472	367.46	332.16	354.12	377.11
1608133970	358078178	367.46	332.16	354.12	377.11
1608133970	368165537	367.46	332.16	354.12	377.11
1608133970	378205279	367.46	332.16	354.12	377.11
1608133970	388101753	367.46	332.16	354.12	377.11
1608133970	398301387	367.46	332.16	354.12	377.11
1608133970	408183275	367.46	332.16	354.12	377.11
1608133970	418181988	367.46	332.16	354.12	377.11
1608133970	428159918	367.46	332.16	354.12	377.11
1608133970	438119662	367.46	332.16	354.12	377.11
1608133970	448161730	367.46	332.16	354.12	377.11
1608133970	458185320	367.46	332.16	354.12	377.11
1608133970	468039695	367.46	332.16	354.12	377.11
1608133970	478275043	367.46	332.16	354.12	377.11
1608133970	488258636	367.46	332.16	354.12	377.11
1608133970	498277251	367.46	332.16	354.12	377.11
1608133970	508228240	367.46	332.16	354.12	377.11
1608133970	518226556	367.46	332.16	354.12	377.11
1608133970	528237940	367.46	332.16	354.12	377.11
1608133970	538303971	367.46	332.16	354.12	377.11
1608133970	548176371	367.46	332.16	354.12	377.11
1608133970	558090429	367.46	332.16	354.12	377.11
1608133970	568270177	367.46	332.16	354.12	377.11
1608133970	578156268	367.46	332.16	354.12	377.11
1608133970	588217158	367.46	332.16	354.12	377.11
1608133970	598212005	367.46	332.16	354.12	377.11
1608133970	608182379	367.46	332.16	354.12	377.11
1608133970	618301801	367.46	332.16	354.12	377.11
1608133970	628250733	367.46	332.16	354.12	377.11
1608133970	638154783	367.46	332.16	354.12	377.11
1608133970	648225061	367.46	332.16	354.12	377.11
1608133970	658071007	367.46	332.16	354.12	377.11
1608133970	668154836	367.46	332.16	354.12	377.11
1608133970	678191313	367.46	332.16	354.12	377.11
1608133970	688246425	367.46	332.16	354.12	377.11
1608133970	698203267	367.46	332.16	354.12	377.11
1608133970	708188084	367.46	332.16	354.12	377.11
1608133970	718380811	367.46	332.16	354.12	377.11
1608133970	728152844	367.46	332.16	354.12	377.11
1608133970	738293047	367.46	332.16	354.12	377.11
1608133970	748142799	367.46	332.16	354.12	377.11
1608133970	758251633	367.46	332.16	354.12	377.11
1608133970	768401459	367.46	332.16	354.12	377.11
1608133970	778289595	367.46	332.16	354.12	377.11
1608133970	788254840	367.46	332.16	354.12	377.11
1608133970	798271054	367.46	332.16	354.12	377.11
1608133970	808216811	367.46	332.16	354.12	377.11
1608133970	818286837	367.46	332.16	354.12	377.11
1608133970	828188108	367.46	332.16	354.12	377.11
1608133970	838234491	367.46	332.16	354.12	377.11
1608133970	848041117	367.46	332.16	354.12	377.11
1608133970	858243717	367.46	332.16	354.12	377.11
1608133970	868393304	367.46	332.16	354.12	377.11
1608133970	878267029	367.46	332.16	354.12	377.11
1608133970	888120482	367.46	332.16	354.12	377.11
1608133970	898227530	367.46	332.16	354.12	377.11
1608133970	908282610	367.46	332.16	354.12	377.11
1608133970	918290532	367.46	332.16	354.12	377.11
1608133970	928299324	367.46	332.16	354.12	377.11
1608133970	938293028	367.46	332.16	354.12	377.11
1608133970	948137944	367.46	332.16	354.12	377.11
1608133970	958309536	367.46	332.16	354.12	377.11
1608133970	968197882	367.46	332.16	354.12	377.11
1608133970	978323572	367.46	332.16	354.12	377.11
1608133970	988281622	367.46	332.16	354.12	377.11
1608133970	998084510	367.46	332.16	354.12	377.11
1608133971	8317572	367.46	332.16	354.12	377.11
1608133971	18276038	367.46	332.16	354.12	377.11
1608133971	28156434	367.46	332.16	354.12	377.11
1608133971	38219465	367.46	332.16	354.12	377.11
1608133971	48090510	367.46	332.16	354.12	377.11
1608133971	58281874	367.46	332.16	354.12	377.11
1608133971	68255921	367.46	332.16	354.12	377.11
1608133971	78437178	367.46	332.16	354.12	377.11
1608133971	88059567	367.46	332.16	354.12	377.11
1608133971	97814119	367.46	332.16	354.12	377.11
1608133971	107909103	367.46	332.16	354.12	377.11
1608133971	117778546	367.46	332.16	354.12	377.11
1608133971	128090631	367.46	332.16	354.12	377.11
1608133971	137969832	367.46	332.16	354.12	377.11
1608133971	148107770	367.46	332.16	354.12	377.11
1608133971	158181251	367.46	332.16	354.12	377.11
1608133971	168077202	367.46	332.16	354.12	377.11
1608133971	178148597	367.46	332.16	354.12	377.11
1608133971	188089964	367.46	332.16	354.12	377.11
1608133971	198040083	367.46	332.16	354.12	377.11
1608133971	208142720	367.46	332.16	354.12	377.11
1608133971	218219797	367.46	332.16	354.12	377.11
1608133971	228246278	367.46	332.16	354.12	377.11
1608133971	238172935	367.46	332.16	354.12	377.11
1608133971	248232202	367.46	332.16	354.12	377.11
1608133971	258343371	367.46	332.16	354.12	377.11
1608133971	268209997	367.46	332.16	354.12	377.11
1608133971	278207577	367.46	332.16	354.12	377.11
1608133971	288343948	367.46	332.16	354.12	377.11
1608133971	298075520	369.4	333.92	355.99	379.09
1608133971	308283354	371.34	335.68	357.86	381.08
1608133971	318100683	373.27	337.44	359.73	383.06
1608133971	328241996	375.21	339.2	361.6	385.05
1608133971	338199508	377.15	340.96	363.48	387.04
1608133971	348239316	379.09	342.72	365.35	389.02
1608133971	358255553	381.02	344.48	367.22	391.01
1608133971	368266397	382.96	346.24	369.09	392.99
1608133971	378341322	384.9	348	370.96	394.98
1608133971	388057566	386.84	349.77	372.83	396.96
1608133971	398298693	388.78	351.53	374.7	398.95
1608133971	408245677	390.71	353.29	376.57	400.94
1608133971	418192528	392.65	355.05	378.45	402.92
1608133971	428331263	394.59	356.81	380.32	404.91
1608133971	438086962	396.53	358.58	382.19	406.89
1608133971	448166404	398.47	360.34	384.06	408.88
1608133971	458393602	400.4	362.1	385.93	410.86
1608133971	468197721	402.34	363.86	387.81	412.85
1608133971	478337624	404.28	365.62	389.68	414.84
1608133971	488031334	406.22	367.39	391.55	416.82
1608133971	498277762	408.16	369.15	393.42	418.81
1608133971	508141650	410.09	370.91	395.29	420.79
1608133971	518364169	412.03	372.68	397.17	422.78
1608133971	528106913	413.97	374.44	399.04	424.76
1608133971	538230764	415.91	376.2	400.91	426.75
1608133971	548311626	417.85	377.97	402.78	428.74
1608133971	558221760	419.79	379.73	404.66	430.72
1608133971	568210458	421.72	381.49	406.53	432.71
1608133971	578187489	423.66	383.26	408.4	434.69
1608133971	588334410	425.6	385.02	410.27	436.68
1608133971	598173683	427.54	386.78	412.15	438.67
1608133971	608269417	429.48	388.55	414.02	440.65
1608133971	618292585	431.42	390.31	415.89	442.64
1608133971	628200647	433.36	392.08	417.77	444.62
1608133971	638208066	435.29	393.84	419.64	446.61
1608133971	648328703	437.23	395.61	421.51	448.59
1608133971	658353232	439.17	397.37	423.39	450.58
1608133971	668324885	441.11	399.14	425.26	452.57
1608133971	678331671	443.05	400.9	427.13	454.55
1608133971	688335122	444.99	402.67	429.01	456.54
1608133971	698333985	446.93	404.43	430.88	458.52
1608133971	708321319	448.87	406.2	432.75	460.51
1608133971	718323684	450.8	407.96	434.63	462.5
1608133971	728028976	452.74	409.73	436.5	464.48
1608133971	738259147	454.68	411.49	438.37	466.47
1608133971	748213689	456.62	413.26	440.25	468.45
1608133971	758276878	458.56	415.02	442.12	470.44
1608133971	768215873	460.5	416.79	444	472.43
1608133971	778315513	462.44	418.56	445.87	474.41
1608133971	788199947	464.38	420.32	447.74	476.4
1608133971	798207111	466.32	422.09	449.62	478.38
1608133971	808282299	468.26	423.86	451.49	480.37
1608133971	818143687	470.2	425.62	453.37	482.36
1608133971	828107238	472.13	427.39	455.24	484.34
1608133971	838111336	474.07	429.16	457.11	486.33
1608133971	848127829	476.01	430.92	458.99	488.31
1608133971	858280636	477.95	432.69	460.86	490.3
1608133971	868112440	479.89	434.46	462.74	492.29
1608133971	878178669	481.83	436.22	464.61	494.27
1608133971	888322597	483.77	437.99	466.49	496.26
1608133971	898183258	485.71	439.76	468.36	498.25
1608133971	908284378	487.65	441.53	470.24	500.23
1608133971	918197446	489.59	443.29	472.11	502.22
1608133971	928288562	491.53	445.06	473.99	504.2
1608133971	938290112	493.47	446.83	475.86	506.19
1608133971	948282984	495.41	448.6	477.74	508.18
1608133971	958208458	497.35	450.37	479.61	510.16
1608133971	968254400	499.29	452.13	481.49	512.15
1608133971	978241754	501.23	453.9	483.36	514.13
1608133971	988056906	503.17	455.67	485.24	516.12
1608133971	998358981	505.11	457.44	487.12	518.11
1608133972	8375919	507.05	459.21	488.99	520.09
1608133972	18105873	508.99	460.98	490.87	522.08
1608133972	28292246	510.93	462.75	492.74	524.07
1608133972	38139603	512.87	464.52	494.62	526.05
1608133972	48356340	514.81	466.28	496.49	528.04
1608133972	58238677	516.75	468.05	498.37	530.02
1608133972	68165370	518.69	469.82	500.25	532.01
1608133972	78325697	520.63	471.59	502.12	534
1608133972	88071550	522.57	473.36	504	535.98
1608133972	98186548	524.51	475.13	505.87	537.97
1608133972	108187889	526.45	476.9	507.75	539.96
1608133972	118169894	528.39	478.67	509.63	541.94
1608133972	128186653	530.33	480.44	511.5	543.93
1608133972	138255901	532.27	482.21	513.38	545.91
1608133972	148182876	534.21	483.98	515.26	547.9
1608133972	158246392	536.15	485.75	517.13	549.89
1608133972	168252136	538.09	487.52	519.01	551.87
1608133972	178327838	540.03	489.3	520.89	553.86
1608133972	188016215	541.97	491.07	522.76	555.85
1608133972	198087585	543.91	492.84	524.64	557.83
1608133972	208210538	545.85	494.61	526.52	559.82
1608133972	218058127	547.79	496.38	528.39	561.8
1608133972	228306780	549.73	498.15	530.27	563.79
1608133972	238196566	551.67	499.92	532.15	565.78
1608133972	248166369	553.61	501.69	534.02	567.76
1608133972	258144094	555.55	503.47	535.9	569.75
1608133972	268177373	557.49	505.24	537.78	571.74
1608133972	278157707	559.44	507.01	539.66	573.72
1608133972	288241580	561.38	508.78	541.53	575.71
1608133972	298268597	563.32	510.55	543.41	577.7
1608133972	308144412	565.26	512.33	545.29	579.68
1608133972	318186210	567.2	514.1	547.17	581.67
1608133972	328285307	569.14	515.87	549.04	583.66
1608133972	338244593	571.08	517.64	550.92	585.64
1608133972	348255991	573.02	519.42	552.8	587.63
1608133972	358191256	574.96	521.19	554.68	589.61
1608133972	368185602	576.9	522.96	556.55	591.6
1608133972	378222756	578.84	524.73	558.43	593.59
1608133972	388241428	580.79	526.51	560.31	595.57
1608133972	398236829	582.73	528.28	562.19	597.56
1608133972	408066449	584.67	530.05	564.07	599.55
1608133972	418196436	586.61	531.83	565.95	601.53
1608133972	428348263	588.55	533.6	567.82	603.52
1608133972	438194150	590.49	535.37	569.7	605.51
1608133972	448324298	592.43	537.15	571.58	607.49
1608133972	458180010	594.37	538.92	573.46	609.48
1608133972	468182594	596.32	540.7	575.34	611.47
1608133972	478192142	598.26	542.47	577.22	613.45
1608133972	488199973	600.2	544.24	579.09	615.44
1608133972	498097240	602.14	546.02	580.97	617.43
1608133972	508172759	604.08	547.79	582.85	619.41
1608133972	518174600	606.02	549.57	584.73	621.4
1608133972	528233316	607.96	551.34	586.61	623.39
1608133972	538239061	609.91	553.12	588.49	625.37
1608133972	548220526	611.85	554.89	590.37	627.36
1608133972	558115281	613.79	556.67	592.25	629.35
1608133972	568334397	615.73	558.44	594.13	631.33
1608133972	578227539	617.67	560.22	596.01	633.32
1608133972	588268378	619.61	561.99	597.88	635.31
1608133972	598170209	621.56	563.77	599.76	637.29
1608133972	608194827	623.5	565.54	601.64	639.28
1608133972	618160462	625.44	567.32	603.52	641.27
1608133972	628294181	627.38	569.1	605.4	643.25
1608133972	638174268	629.32	570.87	607.28	645.24
1608133972	648219208	631.26	572.65	609.16	647.23
1608133972	658158890	633.21	574.42	611.04	649.21
1608133972	668089547	635.15	576.2	612.92	651.2
1608133972	678297991	637.09	577.98	614.8	653.19
1608133972	688290955	639.03	579.75	616.68	655.17
1608133972	698035317	640.97	581.53	618.56	657.16
1608133972	708359699	642.92	583.31	620.44	659.15
1608133972	718248495	644.86	585.08	622.32	661.13
1608133972	728198151	646.8	586.86	624.2	663.12
1608133972	738186812	648.74	588.64	626.08	665.11
1608133972	748539102	650.68	590.41	627.96	667.09
1608133972	758563990	652.63	592.19	629.84	669.08
1608133972	768180266	654.57	593.97	631.72	671.07
1608133972	778185260	656.51	595.75	633.6	673.05
1608133972	788174653	658.45	597.52	635.48	675.04
1608133972	798105410	658.45	597.52	635.48	675.04
1608133972	808305077	658.45	597.52	635.48	675.04
1608133972	818274211	658.45	597.52	635.48	675.04
1608133972	828241615	658.45	597.52	635.48	675.04
1608133972	838272795	658.45	597.52	635.48	675.04
1608133972	848238370	658.45	597.52	635.48	675.04
1608133972	858199962	658.45	597.52	635.48	675.04
1608133972	868178402	658.45	597.52	635.48	675.04
1608133972	878175477	658.45	597.52	635.48	675.04
1608133972	888184950	658.45	597.52	635.48	675.04
1608133972	898185963	658.45	597.52	635.48	675.04
1608133972	908279160	658.45	597.52	635.48	675.04
1608133972	918351067	658.45	597.52	635.48	675.04
1608133972	928298347	658.45	597.52	635.48	675.04
1608133972	938254642	658.45	597.52	635.48	675.04
1608133972	948241064	658.45	597.52	635.48	675.04
1608133972	958323871	658.45	597.52	635.48	675.04
1608133972	968259977	658.45	597.52	635.48	675.04
1608133972	978263325	658.45	597.52	635.48	675.04
1608133972	988330094	658.45	597.52	635.48	675.04
1608133972	998285933	658.45	597.52	635.48	675.04
1608133973	8334058	658.45	597.52	635.48	675.04
1608133973	18246658	658.45	597.52	635.48	675.04
1608133973	28256371	658.45	597.52	635.48	675.04
1608133973	38262543	658.45	597.52	635.48	675.04
1608133973	48272516	658.45	597.52	635.48	675.04
1608133973	58266518	658.45	597.52	635.48	675.04
1608133973	68281588	658.45	597.52	635.48	675.04
1608133973	78299330	658.45	597.52	635.48	675.04
1608133973	88176734	658.45	597.52	635.48	675.04
1608133973	98296557	658.45	597.52	635.48	675.04
1608133973	108248700	658.45	597.52	635.48	675.04
1608133973	118206647	658.45	597.52	635.48	675.04
1608133973	128254102	658.45	597.52	635.48	675.04
1608133973	138262019	658.45	597.52	635.48	675.04
1608133973	148321041	658.45	597.52	635.48	675.04
1608133973	158331940	658.45	597.52	635.48	675.04
1608133973	168225644	658.45	597.52	635.48	675.04
1608133973	178324875	658.45	597.52	635.48	675.04
1608133973	188188090	658.45	597.52	635.48	675.04
1608133973	198309078	658.45	597.52	635.48	675.04
1608133973	208380266	658.45	597.52	635.48	675.04
1608133973	218087894	658.45	597.52	635.48	675.04
1608133973	228237861	658.45	597.52	635.48	675.04
1608133973	238217748	658.45	597.52	635.48	675.04
1608133973	248234320	658.45	597.52	635.48	675.04
1608133973	258267229	658.45	597.52	635.48	675.04
1608133973	268300578	658.45	597.52	635.48	675.04
1608133973	278314500	658.45	597.52	635.48	675.04
1608133973	288068089	658.45	597.52	635.48	675.04
1608133973	298311077	658.45	597.52	635.48	675.04
1608133973	308393501	658.45	597.52	635.48	675.04
1608133973	318245029	658.45	597.52	635.48	675.04
1608133973	328327426	658.45	597.52	635.48	675.04
1608133973	338262875	658.45	597.52	635.48	675.04
1608133973	348318315	658.45	597.52	635.48	675.04
1608133973	358235120	658.45	597.52	635.48	675.04
1608133973	368153766	658.45	597.52	635.48	675.04
1608133973	378219684	658.45	597.52	635.48	675.04
1608133973	388162543	658.45	597.52	635.48	675.04
1608133973	398235580	658.45	597.52	635.48	675.04
1608133973	408328290	658.45	597.52	635.48	675.04
1608133973	418082703	658.45	597.52	635.48	675.04
1608133973	428318805	658.45	597.52	635.48	675.04
1608133973	438289522	658.45	597.52	635.48	675.04
1608133973	448309341	658.45	597.52	635.48	675.04
1608133973	458220780	658.45	597.52	635.48	675.04
1608133973	468208979	658.45	597.52	635.48	675.04
1608133973	478099599	658.45	597.52	635.48	675.04
1608133973	488248698	658.45	597.52	635.48	675.04
1608133973	498383851	658.45	597.52	635.48	675.04
1608133973	508254419	658.45	597.52	635.48	675.04
1608133973	518233852	658.45	597.52	635.48	675.04
1608133973	528127634	658.45	597.52	635.48	675.04
1608133973	538304467	658.45	597.52	635.48	675.04
1608133973	548351896	658.45	597.52	635.48	675.04
1608133973	558229108	658.45	597.52	635.48	675.04
1608133973	568266146	658.45	597.52	635.48	675.04
1608133973	578186630	658.45	597.52	635.48	675.04
1608133973	588379235	658.45	597.52	635.48	675.04
1608133973	598394117	658.45	597.52	635.48	675.04
1608133973	608305011	658.45	597.52	635.48	675.04
1608133973	618387612	658.45	597.52	635.48	675.04
1608133973	628137750	658.45	597.52	635.48	675.04
1608133973	638137678	658.45	597.52	635.48	675.04
1608133973	648210511	658.45	597.52	635.48	675.04
1608133973	658091961	658.45	597.52	635.48	675.04
1608133973	668146133	658.45	597.52	635.48	675.04
1608133973	678061489	658.45	597.52	635.48	675.04
1608133973	688229146	658.45	597.52	635.48	675.04
1608133973	698352790	658.45	597.52	635.48	675.04
1608133973	708159164	658.45	597.52	635.48	675.04
1608133973	718242511	658.45	597.52	635.48	675.04
1608133973	728287113	658.45	597.52	635.48	675.04
1608133973	738322744	658.45	597.52	635.48	675.04
1608133973	748336363	658.45	597.52	635.48	675.04
1608133973	758329909	658.45	597.52	635.48	675.04
1608133973	768391119	658.45	597.52	635.48	675.04
1608133973	778164220	658.45	597.52	635.48	675.04
1608133973	788252146	658.45	597.52	635.48	675.04
1608133973	798116759	660.4	599.3	637.36	677.03
1608133973	808300887	662.34	601.08	639.25	679.01
1608133973	818269848	664.28	602.86	641.13	681
1608133973	828069058	666.22	604.63	643.01	682.99
1608133973	838223443	668.17	606.41	644.89	684.97
1608133973	848145045	670.11	608.19	646.77	686.96
1608133973	858278578	672.05	609.97	648.65	688.95
1608133973	868100768	673.99	611.75	650.53	690.93
1608133973	878314707	675.94	613.53	652.41	692.92
1608133973	888303951	677.88	615.3	654.29	694.91
1608133973	898354895	679.82	617.08	656.17	696.9
1608133973	908175314	681.76	618.86	658.06	698.88
1608133973	918239408	683.71	620.64	659.94	700.87
1608133973	928360329	685.65	622.42	661.82	702.86
1608133973	938203043	687.59	624.2	663.7	704.84
1608133973	948333916	689.54	625.98	665.58	706.83
1608133973	958122048	691.48	627.76	667.46	708.82
1608133973	968222903	693.42	629.54	669.34	710.8
1608133973	978191227	695.36	631.32	671.23	712.79
1608133973	988198586	697.31	633.1	673.11	714.78
1608133973	998247666	699.25	634.88	674.99	716.76
1608133974	8293294	701.19	636.66	676.87	718.75
1608133974	18242611	703.14	638.44	678.75	720.74
1608133974	28213047	705.08	640.22	680.64	722.73
1608133974	38259112	707.02	642	682.52	724.71
1608133974	48220869	708.96	643.78	684.4	726.7
1608133974	58327873	710.91	645.56	686.28	728.69
1608133974	68189504	712.85	647.34	688.16	730.67
1608133974	78260904	714.79	649.12	690.05	732.66
1608133974	88250628	716.74	650.9	691.93	734.65
1608133974	98188760	718.68	652.68	693.81	736.63
1608133974	108286516	720.62	654.46	695.69	738.62
1608133974	118253352	722.57	656.24	697.58	740.61
1608133974	128278859	724.51	658.02	699.46	742.6
1608133974	138255567	726.45	659.81	701.34	744.58
1608133974	148251408	728.4	661.59	703.22	746.57
1608133974	158203665	730.34	663.37	705.11	748.56
1608133974	168183874	732.28	665.15	706.99	750.54
1608133974	178109330	734.23	666.93	708.87	752.53
1608133974	188164276	736.17	668.71	710.76	754.52
1608133974	198303791	738.11	670.5	712.64	756.51
1608133974	208219237	740.06	672.28	714.52	758.49
1608133974	218260941	742	674.06	716.41	760.48
1608133974	228195929	743.95	675.84	718.29	762.47
1608133974	238193713	745.89	677.62	720.17	764.45
1608133974	248282918	747.83	679.41	722.06	766.44
1608133974	258161020	749.78	681.19	723.94	768.43
1608133974	268335417	751.72	682.97	725.82	770.42
1608133974	278293003	753.66	684.76	727.71	772.4
1608133974	288234498	755.61	686.54	729.59	774.39
1608133974	298241790	757.55	688.32	731.47	776.38
1608133974	308215728	759.5	690.1	733.36	778.36
1608133974	318250400	761.44	691.89	735.24	780.35
1608133974	328292887	763.38	693.67	737.12	782.34
1608133974	338086853	765.33	695.45	739.01	784.33
1608133974	348327154	767.27	697.24	740.89	786.31
1608133974	358137875	769.22	699.02	742.78	788.3
1608133974	368299472	771.16	700.81	744.66	790.29
1608133974	378378061	773.1	702.59	746.54	792.27
1608133974	388314693	775.05	704.37	748.43	794.26
1608133974	398138638	776.99	706.16	750.31	796.25
1608133974	408306760	778.94	707.94	752.2	798.24
1608133974	418403213	780.88	709.73	754.08	800.22
1608133974	428304391	782.82	711.51	755.97	802.21
1608133974	438456267	784.77	713.29	757.85	804.2
1608133974	448256244	786.71	715.08	759.73	806.19
1608133974	458199983	788.66	716.86	761.62	808.17
1608133974	468291213	790.6	718.65	763.5	810.16
1608133974	478360111	792.55	720.43	765.39	812.15
1608133974	488315370	794.49	722.22	767.27	814.13
1608133974	498127065	796.43	724	769.16	816.12
1608133974	508208895	798.38	725.79	771.04	818.11
1608133974	518109425	800.32	727.57	772.93	820.1
1608133974	528335645	802.27	729.36	774.81	822.08
1608133974	538300422	804.21	731.15	776.7	824.07
1608133974	548213728	806.16	732.93	778.58	826.06
1608133974	558267076	808.1	734.72	780.47	828.05
1608133974	568238076	810.05	736.5	782.35	830.03
1608133974	578327997	811.99	738.29	784.24	832.02
1608133974	588957736	813.94	740.07	786.12	834.01
1608133974	598377577	815.88	741.86	788.01	836
1608133974	608179673	817.83	743.65	789.9	837.98
1608133974	618271532	819.77	745.43	791.78	839.97
1608133974	628142424	821.71	747.22	793.67	841.96
1608133974	638204153	823.66	749.01	795.55	843.95
1608133974	648099498	825.6	750.79	797.44	845.93
1608133974	658174570	827.55	752.58	799.32	847.92
1608133974	668285327	829.49	754.37	801.21	849.91
1608133974	678211248	831.44	756.15	803.1	851.89
1608133974	688259220	833.38	757.94	804.98	853.88
1608133974	698333145	835.33	759.73	806.87	855.87
1608133974	708130894	837.27	761.52	808.75	857.86
1608133974	718282521	839.22	763.3	810.64	859.84
1608133974	728252148	841.16	765.09	812.53	861.83
1608133974	738229391	843.11	766.88	814.41	863.82
1608133974	748072406	845.05	768.67	816.3	865.81
1608133974	758297429	847	770.45	818.18	867.79
1608133974	768401100	848.95	772.24	820.07	869.78
1608133974	778248080	850.89	774.03	821.96	871.77
1608133974	788266396	852.84	775.82	823.84	873.76
1608133974	798295114	854.78	777.61	825.73	875.74
1608133974	808304382	856.73	779.39	827.62	877.73
1608133974	818316480	858.67	781.18	829.5	879.72
1608133974	828255313	860.62	782.97	831.39	881.71
1608133974	838373339	862.56	784.76	833.28	883.69
1608133974	848101359	864.51	786.55	835.16	885.68
1608133974	858378960	866.45	788.34	837.05	887.67
1608133974	868186711	868.4	790.13	838.94	889.66
1608133974	878254288	870.34	791.92	840.83	891.65
1608133974	888268284	872.29	793.7	842.71	893.63
1608133974	898201247	874.24	795.49	844.6	895.62
1608133974	908319089	876.18	797.28	846.49	897.61
1608133974	918104435	878.13	799.07	848.37	899.6
1608133974	928301594	880.07	800.86	850.26	901.58
1608133974	938199662	882.02	802.65	852.15	903.57
1608133974	948108872	883.96	804.44	854.04	905.56
1608133974	958334408	885.91	806.23	855.92	907.55
1608133974	968248350	887.86	808.02	857.81	909.53
1608133974	978315022	889.8	809.81	859.7	911.52
1608133974	988218819	891.75	811.6	861.59	913.51
1608133974	998150635	893.69	813.39	863.47	915.5
1608133975	8316626	895.64	815.18	865.36	917.48
1608133975	18103509	897.58	816.97	867.25	919.47
1608133975	28290267	899.53	818.76	869.14	921.46
1608133975	38344171	901.48	820.55	871.03	923.45
1608133975	48321277	903.42	822.34	872.91	925.43
1608133975	58313258	905.37	824.14	874.8	927.42
1608133975	68244875	907.31	825.93	876.69	929.41
1608133975	78241235	909.26	827.72	878.58	931.4
1608133975	88211194	911.21	829.51	880.47	933.39
1608133975	98303279	913.15	831.3	882.35	935.37
1608133975	108223568	915.1	833.09	884.24	937.36
1608133975	118160890	917.04	834.88	886.13	939.35
1608133975	128169245	918.99	836.67	888.02	941.34
1608133975	138188852	920.94	838.47	889.91	943.32
1608133975	148223804	922.88	840.26	891.8	945.31
1608133975	158258138	924.83	842.05	893.69	947.3
1608133975	168297664	926.78	843.84	895.57	949.29
1608133975	178223772	928.72	845.63	897.46	951.28
1608133975	188204176	930.67	847.43	899.35	953.26
1608133975	198226375	932.62	849.22	901.24	955.25
1608133975	208204661	934.56	851.01	903.13	957.24
1608133975	218217354	936.51	852.8	905.02	959.23
1608133975	228209673	938.45	854.6	906.91	961.21
1608133975	238196931	940.4	856.39	908.8	963.2
1608133975	248220790	942.35	858.18	910.69	965.19
1608133975	258264267	944.29	859.97	912.58	967.18
1608133975	268243346	946.24	861.77	914.46	969.17
1608133975	278214529	948.19	863.56	916.35	971.15
1608133975	288334015	950.13	865.35	918.24	973.14
1608133975	298158062	952.08	867.15	920.13	975.13
1608133975	308271077	954.03	868.94	922.02	977.12
1608133975	318214424	955.97	870.73	923.91	979.11
1608133975	328260032	957.92	872.53	925.8	981.09
1608133975	338233469	959.87	874.32	927.69	983.08
1608133975	348214303	961.81	876.11	929.58	985.07
1608133975	358213207	963.76	877.91	931.47	987.06
1608133975	368352474	965.71	879.7	933.36	989.04
1608133975	378321154	967.65	881.5	935.25	991.03
1608133975	388335454	969.6	883.29	937.14	993.02
1608133975	398161896	971.55	885.08	939.03	995.01
1608133975	408176863	973.5	886.88	940.92	997
1608133975	418211746	975.44	888.67	942.81	998.98
1608133975	428195547	977.39	890.47	944.7	1000.97
1608133975	438360451	979.34	892.26	946.59	1002.96
1608133975	448381355	981.28	894.06	948.48	1004.95
1608133975	458292192	983.23	895.85	950.37	1006.94
1608133975	468263879	985.18	897.65	952.26	1008.92
1608133975	478287646	987.13	899.44	954.15	1010.91
1608133975	488184981	989.07	901.24	956.04	1012.9
1608133975	498233781	991.02	903.03	957.93	1014.89
1608133975	508340235	992.97	904.83	959.82	1016.88
1608133975	518326002	994.91	906.62	961.71	1018.86
1608133975	528091719	996.86	908.42	963.6	1020.85
1608133975	538265899	998.81	910.21	965.49	1022.84
1608133975	548373250	1000.76	912.01	967.39	1024.83
1608133975	558402027	1002.7	913.8	969.28	1026.82
1608133975	568266720	1004.65	915.6	971.17	1028.8
1608133975	578293276	1006.6	917.4	973.06	1030.79
1608133975	588197356	1008.55	919.19	974.95	1032.78
1608133975	598279403	1010.49	920.99	976.84	1034.77
1608133975	608383861	1012.44	922.79	978.73	1036.76
1608133975	618334208	1014.39	924.58	980.62	1038.74
1608133975	628038293	1016.34	926.38	982.51	1040.73
1608133975	637976454	1018.28	928.17	984.4	1042.72
1608133975	648336651	1020.23	929.97	986.3	1044.71
1608133975	658167030	1022.18	931.77	988.19	1046.7
1608133975	668120582	1024.13	933.56	990.08	1048.68
1608133975	678340225	1026.07	935.36	991.97	1050.67
1608133975	688294460	1028.02	937.16	993.86	1052.66
1608133975	698125527	1029.97	938.96	995.75	1054.65
1608133975	708398789	1031.92	940.75	997.65	1056.64
1608133975	718187141	1033.86	942.55	999.54	1058.63
1608133975	728088739	1035.81	944.35	1001.43	1060.61
1608133975	738478518	1037.76	946.15	1003.32	1062.6
1608133975	748708700	1039.71	947.94	1005.21	1064.59
1608133975	758618411	1041.66	949.74	1007.1	1066.58
1608133975	768340746	1043.6	951.54	1009	1068.57
1608133975	778238032	1045.55	953.34	1010.89	1070.55
1608133975	788244404	1047.5	955.13	1012.78	1072.54
1608133975	798339531	1049.45	956.93	1014.67	1074.53
1608133975	808283922	1051.4	958.73	1016.56	1076.52
1608133975	818247802	1053.34	960.53	1018.46	1078.51
1608133975	828276852	1055.29	962.33	1020.35	1080.5
1608133975	838267634	1057.24	964.13	1022.24	1082.48
1608133975	848374436	1059.19	965.92	1024.13	1084.47
1608133975	858286049	1061.14	967.72	1026.03	1086.46
1608133975	868256561	1063.08	969.52	1027.92	1088.45
1608133975	878183999	1065.03	971.32	1029.81	1090.44
1608133975	888296135	1066.98	973.12	1031.7	1092.42
1608133975	898045768	1068.93	974.92	1033.6	1094.41
1608133975	908322101	1070.88	976.72	1035.49	1096.4
1608133975	918186347	1072.83	978.52	1037.38	1098.39
1608133975	928346491	1074.77	980.32	1039.27	1100.38
1608133975	938274068	1076.72	982.12	1041.17	1102.37
1608133975	948277427	1078.67	983.92	1043.06	1104.35
1608133975	958378330	1080.62	985.72	1044.95	1106.34
1608133975	968192666	1082.57	987.51	1046.85	1108.33
1608133975	978293435	1084.52	989.31	1048.74	1110.32
1608133975	988280964	1086.47	991.11	1050.63	1112.31
1608133975	998209146	1088.41	992.91	1052.53	1114.3
1608133976	8271303	1090.36	994.71	1054.42	1116.28
1608133976	18188759	1092.31	996.51	1056.31	1118.27
1608133976	28195883	1094.26	998.32	1058.21	1120.26
1608133976	38293999	1096.21	1000.12	1060.1	1122.25
1608133976	48423183	1098.16	1001.92	1061.99	1124.24
1608133976	58395850	1100.11	1003.72	1063.89	1126.23
1608133976	68233563	1102.05	1005.52	1065.78	1128.21
1608133976	78157526	1104	1007.32	1067.67	1130.2
1608133976	88268326	1105.95	1009.12	1069.57	1132.19
1608133976	98358452	1107.9	1010.92	1071.46	1134.18
1608133976	108087100	1109.85	1012.72	1073.35	1136.17
1608133976	118227221	1111.8	1014.52	1075.25	1138.16
1608133976	128440516	1113.75	1016.32	1077.14	1140.14
1608133976	138335775	1115.7	1018.12	1079.04	1142.13
1608133976	148340166	1117.64	1019.93	1080.93	1144.12
1608133976	158310451	1119.59	1021.73	1082.82	1146.11
1608133976	168270351	1121.54	1023.53	1084.72	1148.1
1608133976	178218292	1123.49	1025.33	1086.61	1150.09
1608133976	188268293	1125.44	1027.13	1088.51	1152.07
1608133976	198276732	1127.39	1028.93	1090.4	1154.06
1608133976	208123164	1129.34	1030.74	1092.29	1156.05
1608133976	218275897	1131.29	1032.54	1094.19	1158.04
1608133976	228358630	1133.24	1034.34	1096.08	1160.03
1608133976	238224231	1135.19	1036.14	1097.98	1162.02
1608133976	248307852	1137.13	1037.94	1099.87	1164.01
1608133976	258356562	1139.08	1039.75	1101.77	1165.99
1608133976	268229628	1141.03	1041.55	1103.66	1167.98
1608133976	278286563	1142.98	1043.35	1105.56	1169.97
1608133976	288149952	1144.93	1045.16	1107.45	1171.96
1608133976	298302266	1146.88	1046.96	1109.35	1173.95
1608133976	308101126	1148.83	1048.76	1111.24	1175.94
1608133976	318239496	1150.78	1050.56	1113.14	1177.92
1608133976	328282991	1152.73	1052.37	1115.03	1179.91
1608133976	338356722	1154.68	1054.17	1116.93	1181.9
1608133976	348378142	1156.63	1055.97	1118.82	1183.89
1608133976	358338651	1158.58	1057.78	1120.72	1185.88
1608133976	368045575	1160.53	1059.58	1122.61	1187.87
1608133976	378124930	1162.48	1061.38	1124.51	1189.86
1608133976	388251216	1164.43	1063.19	1126.4	1191.84
1608133976	398111226	1166.38	1064.99	1128.3	1193.83
1608133976	408309796	1168.32	1066.79	1130.19	1195.82
1608133976	418258935	1170.27	1068.6	1132.09	1197.81
1608133976	428301701	1172.22	1070.4	1133.98	1199.8
1608133976	438323307	1174.17	1072.21	1135.88	1201.79
1608133976	448349902	1176.12	1074.01	1137.77	1203.78
1608133976	458193462	1178.07	1075.81	1139.67	1205.76
1608133976	468154578	1180.02	1077.62	1141.56	1207.75
1608133976	478227491	1181.97	1079.42	1143.46	1209.74
1608133976	488118962	1183.92	1081.23	1145.36	1211.73
1608133976	498121662	1185.87	1083.03	1147.25	1213.72
1608133976	508408740	1187.82	1084.84	1149.15	1215.71
1608133976	518338705	1189.77	1086.64	1151.04	1217.7
1608133976	528256589	1191.72	1088.45	1152.94	1219.68
1608133976	538254966	1193.67	1090.25	1154.84	1221.67
1608133976	548285751	1195.62	1092.06	1156.73	1223.66
1608133976	558224628	1197.57	1093.86	1158.63	1225.65
1608133976	568191531	1199.52	1095.67	1160.52	1227.64
1608133976	578308824	1201.47	1097.47	1162.42	1229.63
1608133976	588262609	1203.42	1099.28	1164.32	1231.62
1608133976	598183643	1205.37	1101.08	1166.21	1233.61
1608133976	608224859	1207.32	1102.89	1168.11	1235.59
1608133976	618222693	1209.27	1104.7	1170	1237.58
1608133976	628192335	1211.22	1106.5	1171.9	1239.57
1608133976	638181744	1213.17	1108.31	1173.8	1241.56
1608133976	648181337	1215.12	1110.11	1175.69	1243.55
1608133976	658147857	1217.07	1111.92	1177.59	1245.54
1608133976	668115377	1219.02	1113.73	1179.49	1247.53
1608133976	678340851	1220.97	1115.53	1181.38	1249.52
1608133976	688400702	1222.92	1117.34	1183.28	1251.5
1608133976	698458800	1224.87	1119.14	1185.18	1253.49
1608133976	708306790	1226.82	1120.95	1187.07	1255.48
1608133976	718223581	1228.77	1122.76	1188.97	1257.47
1608133976	728235594	1230.72	1124.56	1190.87	1259.46
1608133976	738383472	1232.67	1126.37	1192.77	1261.45
1608133976	748329099	1234.62	1128.18	1194.66	1263.44
1608133976	758321127	1236.58	1129.98	1196.56	1265.43
1608133976	768292870	1238.53	1131.79	1198.46	1267.41
1608133976	778356304	1240.48	1133.6	1200.35	1269.4
1608133976	788106311	1242.43	1135.41	1202.25	1271.39
1608133976	798299576	1244.38	1137.21	1204.15	1273.38
1608133976	808370091	1246.33	1139.02	1206.05	1275.37
1608133976	818389756	1248.28	1140.83	1207.94	1277.36
1608133976	828366971	1250.23	1142.64	1209.84	1279.35
1608133976	838210977	1252.18	1144.44	1211.74	1281.34
1608133976	848245581	1254.13	1146.25	1213.64	1283.32
1608133976	858229245	1256.08	1148.06	1215.53	1285.31
1608133976	868299888	1258.03	1149.87	1217.43	1287.3
1608133976	878298339	1259.98	1151.68	1219.33	1289.29
1608133976	888091194	1261.93	1153.48	1221.23	1291.28
1608133976	898411984	1263.88	1155.29	1223.12	1293.27
1608133976	908356376	1265.83	1157.1	1225.02	1295.26
1608133976	918334725	1267.79	1158.91	1226.92	1297.25
1608133976	928192908	1269.74	1160.72	1228.82	1299.24
1608133976	938323635	1271.69	1162.53	1230.72	1301.22
1608133976	948228850	1273.64	1164.33	1232.61	1303.21
1608133976	958305330	1275.59	1166.14	1234.51	1305.2
1608133976	968182286	1277.54	1167.95	1236.41	1307.19
1608133976	978184977	1279.49	1169.76	1238.31	1309.18
1608133976	988353577	1281.44	1171.57	1240.21	1311.17
1608133976	998309098	1283.39	1173.38	1242.1	1313.16
1608133977	8205133	1285.34	1175.19	1244	1315.15
1608133977	18282327	1287.29	1177	1245.9	1317.14
1608133977	28284466	1289.25	1178.81	1247.8	1319.12
1608133977	38284485	1291.2	1180.62	1249.7	1321.11
1608133977	48278106	1293.15	1182.43	1251.6	1323.1
1608133977	58283510	1295.1	1184.24	1253.49	1325.09
1608133977	68287951	1297.05	1186.04	1255.39	1327.08
1608133977	78076923	1299	1187.85	1257.29	1329.07
1608133977	88345097	1300.95	1189.66	1259.19	1331.06
1608133977	98292607	1302.9	1191.47	1261.09	1333.05
1608133977	108319017	1304.86	1193.28	1262.99	1335.04
1608133977	118342018	1306.81	1195.09	1264.89	1337.02
1608133977	128165498	1308.76	1196.9	1266.79	1339.01
1608133977	138129930	1310.71	1198.72	1268.69	1341
1608133977	148355439	1312.66	1200.53	1270.58	1342.99
1608133977	158370192	1314.61	1202.34	1272.48	1344.98
1608133977	168373075	1316.56	1204.15	1274.38	1346.97
1608133977	178090458	1318.52	1205.96	1276.28	1348.96
1608133977	188283481	1320.47	1207.77	1278.18	1350.95
1608133977	198281854	1322.42	1209.58	1280.08	1352.94
1608133977	208301875	1324.37	1211.39	1281.98	1354.93
1608133977	218355540	1326.32	1213.2	1283.88	1356.91
1608133977	228158186	1328.27	1215.01	1285.78	1358.9
1608133977	238248214	1330.22	1216.82	1287.68	1360.89
1608133977	248271329	1332.18	1218.63	1289.58	1362.88
1608133977	258400815	1334.13	1220.45	1291.48	1364.87
1608133977	268227819	1336.08	1222.26	1293.38	1366.86
1608133977	278138266	1338.03	1224.07	1295.28	1368.85
1608133977	288329304	1339.98	1225.88	1297.18	1370.84
1608133977	298364636	1341.93	1227.69	1299.08	1372.83
1608133977	308346708	1343.89	1229.5	1300.97	1374.82
1608133977	318200233	1345.84	1231.32	1302.87	1376.81
1608133977	328288274	1347.79	1233.13	1304.77	1378.79
1608133977	338261026	1349.74	1234.94	1306.67	1380.78
1608133977	348127494	1351.69	1236.75	1308.57	1382.77
1608133977	358171496	1353.65	1238.56	1310.47	1384.76
1608133977	368163028	1355.6	1240.38	1312.37	1386.75
1608133977	378259184	1357.55	1242.19	1314.27	1388.74
1608133977	388339196	1359.5	1244	1316.17	1390.73
1608133977	398338628	1361.45	1245.81	1318.07	1392.72
1608133977	408399956	1363.4	1247.63	1319.98	1394.71
1608133977	418298994	1365.36	1249.44	1321.88	1396.7
1608133977	428168864	1367.31	1251.25	1323.78	1398.69
1608133977	438245385	1369.26	1253.07	1325.68	1400.67
1608133977	448258040	1371.21	1254.88	1327.58	1402.66
1608133977	458252204	1373.16	1256.69	1329.48	1404.65
1608133977	468216656	1375.12	1258.5	1331.38	1406.64
1608133977	478299032	1377.07	1260.32	1333.28	1408.63
1608133977	488395441	1379.02	1262.13	1335.18	1410.62
1608133977	498221309	1380.97	1263.94	1337.08	1412.61
1608133977	508357478	1382.93	1265.76	1338.98	1414.6
1608133977	518128062	1384.88	1267.57	1340.88	1416.59
1608133977	528114990	1386.83	1269.39	1342.78	1418.58
1608133977	538343471	1388.78	1271.2	1344.68	1420.57
1608133977	548316349	1390.73	1273.01	1346.58	1422.56
1608133977	558141094	1392.69	1274.83	1348.48	1424.55
1608133977	568305797	1394.64	1276.64	1350.39	1426.53
1608133977	578422435	1396.59	1278.46	1352.29	1428.52
1608133977	588348661	1398.54	1280.27	1354.19	1430.51
1608133977	598361495	1400.5	1282.08	1356.09	1432.5
1608133977	608249587	1402.45	1283.9	1357.99	1434.49
1608133977	618287647	1404.4	1285.71	1359.89	1436.48
1608133977	628414554	1406.35	1287.53	1361.79	1438.47
1608133977	638263758	1408.31	1289.34	1363.69	1440.46
1608133977	648260372	1410.26	1291.16	1365.6	1442.45
1608133977	658253746	1412.21	1292.97	1367.5	1444.44
1608133977	668361348	1414.16	1294.79	1369.4	1446.43
1608133977	678342070	1416.12	1296.6	1371.3	1448.42
1608133977	688191975	1418.07	1298.42	1373.2	1450.41
1608133977	698155550	1420.02	1300.23	1375.1	1452.39
1608133977	708250402	1421.97	1302.05	1377	1454.38
1608133977	718222627	1423.93	1303.86	1378.91	1456.37
1608133977	728389128	1425.88	1305.68	1380.81	1458.36
1608133977	738153340	1427.83	1307.49	1382.71	1460.35
1608133977	748283075	1429.79	1309.31	1384.61	1462.34
1608133977	758245311	1431.74	1311.12	1386.51	1464.33
1608133977	768266483	1433.69	1312.94	1388.42	1466.32
1608133977	778387132	1435.64	1314.76	1390.32	1468.31
1608133977	788212385	1437.6	1316.57	1392.22	1470.3
1608133977	798269442	1439.55	1318.39	1394.12	1472.29
1608133977	808293692	1441.5	1320.2	1396.02	1474.28
1608133977	818222914	1443.46	1322.02	1397.93	1476.27
1608133977	828171453	1445.41	1323.84	1399.83	1478.26
1608133977	838341331	1447.36	1325.65	1401.73	1480.25
1608133977	848167972	1449.31	1327.47	1403.63	1482.24
1608133977	858311286	1451.27	1329.28	1405.54	1484.22
1608133977	868126641	1453.22	1331.1	1407.44	1486.21
1608133977	878354555	1455.17	1332.92	1409.34	1488.2
1608133977	888304416	1457.13	1334.73	1411.24	1490.19
1608133977	898297744	1459.08	1336.55	1413.15	1492.18
1608133977	908317800	1461.03	1338.37	1415.05	1494.17
1608133977	918181859	1462.99	1340.19	1416.95	1496.16
1608133977	928246182	1464.94	1342	1418.85	1498.15
1608133977	938324662	1466.89	1343.82	1420.76	1500.14
1608133977	948257206	1468.85	1345.64	1422.66	1502.13
1608133977	958417051	1470.8	1347.45	1424.56	1504.12
1608133977	968271628	1472.75	1349.27	1426.46	1506.11
1608133977	978386954	1474.71	1351.09	1428.37	1508.1
1608133977	988220080	1476.66	1352.91	1430.27	1510.09
1608133977	998365847	1478.61	1354.72	1432.17	1512.08
1608133978	8133156	1480.57	1356.54	1434.08	1514.07
1608133978	18228148	1482.52	1358.36	1435.98	1516.06
1608133978	28349325	1484.47	1360.18	1437.88	1518.04
1608133978	38391695	1486.43	1362	1439.79	1520.03
1608133978	48095989	1488.38	1363.81	1441.69	1522.02
1608133978	58210519	1490.33	1365.63	1443.59	1524.01
1608133978	68402143	1492.29	1367.45	1445.5	1526
1608133978	78284376	1494.24	1369.27	1447.4	1527.99
1608133978	88320204	1496.19	1371.09	1449.3	1529.98
1608133978	98205006	1498.15	1372.9	1451.21	1531.97
1608133978	108236292	1500.1	1374.72	1453.11	1533.96
1608133978	118420085	1502.05	1376.54	1455.01	1535.95
1608133978	128128913	1504.01	1378.36	1456.92	1537.94
1608133978	138179960	1505.96	1380.18	1458.82	1539.93
1608133978	148291219	1507.91	1382	1460.72	1541.92
1608133978	158270441	1509.87	1383.82	1462.63	1543.91
1608133978	168308911	1511.82	1385.64	1464.53	1545.9
1608133978	178389531	1513.78	1387.46	1466.44	1547.89
1608133978	188259056	1515.73	1389.27	1468.34	1549.88
1608133978	198297559	1517.68	1391.09	1470.24	1551.87
1608133978	208209641	1519.64	1392.91	1472.15	1553.86
1608133978	218261892	1521.59	1394.73	1474.05	1555.85
1608133978	228285162	1523.54	1396.55	1475.95	1557.84
1608133978	238089526	1525.5	1398.37	1477.86	1559.83
1608133978	248301716	1527.45	1400.19	1479.76	1561.81
1608133978	258314258	1529.41	1402.01	1481.67	1563.8
1608133978	268262640	1531.36	1403.83	1483.57	1565.79
1608133978	278400774	1533.31	1405.65	1485.48	1567.78
1608133978	288258815	1535.27	1407.47	1487.38	1569.77
1608133978	298301885	1535.27	1407.47	1487.38	1569.77
1608133978	308367055	1535.27	1407.47	1487.38	1569.77
1608133978	318236716	1535.27	1407.47	1487.38	1569.77
1608133978	328353648	1535.27	1407.47	1487.38	1569.77
1608133978	338160776	1535.27	1407.47	1487.38	1569.77
1608133978	348375709	1535.27	1407.47	1487.38	1569.77
1608133978	358282958	1535.27	1407.47	1487.38	1569.77
1608133978	368251753	1535.27	1407.47	1487.38	1569.77
1608133978	378280023	1535.27	1407.47	1487.38	1569.77
1608133978	388353029	1535.27	1407.47	1487.38	1569.77
1608133978	398262793	1535.27	1407.47	1487.38	1569.77
1608133978	408267643	1535.27	1407.47	1487.38	1569.77
1608133978	418282630	1535.27	1407.47	1487.38	1569.77
1608133978	428272168	1535.27	1407.47	1487.38	1569.77
1608133978	438261957	1535.27	1407.47	1487.38	1569.77
1608133978	448495970	1535.27	1407.47	1487.38	1569.77
1608133978	458372757	1535.27	1407.47	1487.38	1569.77
1608133978	468230014	1535.27	1407.47	1487.38	1569.77
1608133978	478259797	1535.27	1407.47	1487.38	1569.77
1608133978	488342358	1535.27	1407.47	1487.38	1569.77
1608133978	498074099	1535.27	1407.47	1487.38	1569.77
1608133978	508112172	1535.27	1407.47	1487.38	1569.77
1608133978	518116680	1535.27	1407.47	1487.38	1569.77
1608133978	527856326	1535.27	1407.47	1487.38	1569.77
1608133978	538015710	1535.27	1407.47	1487.38	1569.77
1608133978	548398605	1535.27	1407.47	1487.38	1569.77
1608133978	558385801	1535.27	1407.47	1487.38	1569.77
1608133978	568325669	1535.27	1407.47	1487.38	1569.77
1608133978	578377809	1535.27	1407.47	1487.38	1569.77
1608133978	588369394	1535.27	1407.47	1487.38	1569.77
1608133978	598355119	1535.27	1407.47	1487.38	1569.77
1608133978	608362931	1535.27	1407.47	1487.38	1569.77
1608133978	618240577	1535.27	1407.47	1487.38	1569.77
1608133978	628179063	1535.27	1407.47	1487.38	1569.77
1608133978	638165193	1535.27	1407.47	1487.38	1569.77
1608133978	648259141	1535.27	1407.47	1487.38	1569.77
1608133978	658247730	1535.27	1407.47	1487.38	1569.77
1608133978	668321518	1535.27	1407.47	1487.38	1569.77
1608133978	678261912	1535.27	1407.47	1487.38	1569.77
1608133978	688372993	1535.27	1407.47	1487.38	1569.77
1608133978	698228004	1535.27	1407.47	1487.38	1569.77
1608133978	708233864	1535.27	1407.47	1487.38	1569.77
1608133978	718245367	1535.27	1407.47	1487.38	1569.77
1608133978	728213999	1535.27	1407.47	1487.38	1569.77
1608133978	738355666	1535.27	1407.47	1487.38	1569.77
1608133978	748452186	1535.27	1407.47	1487.38	1569.77
1608133978	758567646	1535.27	1407.47	1487.38	1569.77
1608133978	768343750	1535.27	1407.47	1487.38	1569.77
1608133978	778235405	1535.27	1407.47	1487.38	1569.77
1608133978	788266199	1535.27	1407.47	1487.38	1569.77
1608133978	798318446	1535.27	1407.47	1487.38	1569.77
1608133978	808243451	1535.27	1407.47	1487.38	1569.77
1608133978	818218641	1535.27	1407.47	1487.38	1569.77
1608133978	828274021	1535.27	1407.47	1487.38	1569.77
1608133978	838319941	1535.27	1407.47	1487.38	1569.77
1608133978	848350898	1535.27	1407.47	1487.38	1569.77
1608133978	858259879	1535.27	1407.47	1487.38	1569.77
1608133978	868217229	1535.27	1407.47	1487.38	1569.77
1608133978	878308244	1535.27	1407.47	1487.38	1569.77
1608133978	888258438	1535.27	1407.47	1487.38	1569.77
1608133978	898254692	1535.27	1407.47	1487.38	1569.77
1608133978	908236840	1535.27	1407.47	1487.38	1569.77
1608133978	918324444	1535.27	1407.47	1487.38	1569.77
1608133978	928360973	1535.27	1407.47	1487.38	1569.77
1608133978	938341472	1535.27	1407.47	1487.38	1569.77
1608133978	948338556	1535.27	1407.47	1487.38	1569.77
1608133978	958270404	1535.27	1407.47	1487.38	1569.77
1608133978	968246564	1535.27	1407.47	1487.38	1569.77
1608133978	978240391	1535.27	1407.47	1487.38	1569.77
1608133978	988250530	1535.27	1407.47	1487.38	1569.77
1608133978	998255135	1535.27	1407.47	1487.38	1569.77
1608133979	8232914	1535.27	1407.47	1487.38	1569.77
1608133979	18279181	1535.27	1407.47	1487.38	1569.77
1608133979	28425241	1535.27	1407.47	1487.38	1569.77
1608133979	38233069	1535.27	1407.47	1487.38	1569.77
1608133979	48390631	1535.27	1407.47	1487.38	1569.77
1608133979	58387590	1535.27	1407.47	1487.38	1569.77
1608133979	68366268	1535.27	1407.47	1487.38	1569.77
1608133979	78064116	1535.27	1407.47	1487.38	1569.77
1608133979	88308062	1535.27	1407.47	1487.38	1569.77
1608133979	98153046	1535.27	1407.47	1487.38	1569.77
1608133979	108100475	1535.27	1407.47	1487.38	1569.77
1608133979	118329454	1535.27	1407.47	1487.38	1569.77
1608133979	128310615	1535.27	1407.47	1487.38	1569.77
1608133979	138226367	1535.27	1407.47	1487.38	1569.77
1608133979	148295456	1535.27	1407.47	1487.38	1569.77
1608133979	158240736	1535.27	1407.47	1487.38	1569.77
1608133979	168259697	1535.27	1407.47	1487.38	1569.77
1608133979	178255690	1535.27	1407.47	1487.38	1569.77
1608133979	188238862	1535.27	1407.47	1487.38	1569.77
1608133979	198180783	1535.27	1407.47	1487.38	1569.77
1608133979	208280322	1535.27	1407.47	1487.38	1569.77
1608133979	218360973	1535.27	1407.47	1487.38	1569.77
1608133979	228330856	1535.27	1407.47	1487.38	1569.77
1608133979	238342643	1535.27	1407.47	1487.38	1569.77
1608133979	248120101	1535.27	1407.47	1487.38	1569.77
1608133979	258218469	1535.27	1407.47	1487.38	1569.77
1608133979	268247821	1535.27	1407.47	1487.38	1569.77
1608133979	278374575	1535.27	1407.47	1487.38	1569.77
1608133979	288488231	1535.27	1407.47	1487.38	1569.77
1608133979	298182569	1533.31	1405.65	1485.48	1567.78
1608133979	308323303	1531.36	1403.83	1483.57	1565.79
1608133979	318273076	1529.41	1402.01	1481.67	1563.8
1608133979	328211613	1527.45	1400.19	1479.76	1561.81
1608133979	338410885	1525.5	1398.37	1477.86	1559.83
1608133979	348242470	1523.54	1396.55	1475.95	1557.84
1608133979	358198669	1521.59	1394.73	1474.05	1555.85
1608133979	368421125	1519.64	1392.91	1472.15	1553.86
1608133979	378251157	1517.68	1391.09	1470.24	1551.87
1608133979	388214340	1515.73	1389.27	1468.34	1549.88
1608133979	398116987	1513.78	1387.46	1466.44	1547.89
1608133979	408317461	1511.82	1385.64	1464.53	1545.9
1608133979	418402660	1509.87	1383.82	1462.63	1543.91
1608133979	428309787	1507.91	1382	1460.72	1541.92
1608133979	438260490	1505.96	1380.18	1458.82	1539.93
1608133979	448349917	1504.01	1378.36	1456.92	1537.94
1608133979	458273484	1502.05	1376.54	1455.01	1535.95
1608133979	468395086	1500.1	1374.72	1453.11	1533.96
1608133979	478267816	1498.15	1372.9	1451.21	1531.97
1608133979	488300277	1496.19	1371.09	1449.3	1529.98
1608133979	498306139	1494.24	1369.27	1447.4	1527.99
1608133979	508352279	1492.29	1367.45	1445.5	1526
1608133979	518244378	1490.33	1365.63	1443.59	1524.01
1608133979	528244816	1488.38	1363.81	1441.69	1522.02
1608133979	538252516	1486.43	1362	1439.79	1520.03
1608133979	548254145	1484.47	1360.18	1437.88	1518.04
1608133979	558277877	1482.52	1358.36	1435.98	1516.06
1608133979	568284104	1480.57	1356.54	1434.08	1514.07
1608133979	578253299	1478.61	1354.72	1432.17	1512.08
1608133979	588254197	1476.66	1352.91	1430.27	1510.09
1608133979	598252853	1474.71	1351.09	1428.37	1508.1
1608133979	608464423	1472.75	1349.27	1426.46	1506.11
1608133979	618197644	1470.8	1347.45	1424.56	1504.12
1608133979	628314375	1468.85	1345.64	1422.66	1502.13
1608133979	638416414	1466.89	1343.82	1420.76	1500.14
1608133979	648169220	1464.94	1342	1418.85	1498.15
1608133979	658277623	1462.99	1340.19	1416.95	1496.16
1608133979	668314286	1461.03	1338.37	1415.05	1494.17
1608133979	678285590	1459.08	1336.55	1413.15	1492.18
1608133979	688155529	1457.13	1334.73	1411.24	1490.19
1608133979	698291160	1455.17	1332.92	1409.34	1488.2
1608133979	708233396	1453.22	1331.1	1407.44	1486.21
1608133979	718330032	1451.27	1329.28	1405.54	1484.22
1608133979	728349854	1449.31	1327.47	1403.63	1482.24
1608133979	738177388	1447.36	1325.65	1401.73	1480.25
1608133979	748273703	1445.41	1323.84	1399.83	1478.26
1608133979	758356318	1443.46	1322.02	1397.93	1476.27
1608133979	768271408	1441.5	1320.2	1396.02	1474.28
1608133979	778142068	1439.55	1318.39	1394.12	1472.29
1608133979	788240894	1437.6	1316.57	1392.22	1470.3
1608133979	798289869	1435.64	1314.76	1390.32	1468.31
1608133979	808267745	1433.69	1312.94	1388.42	1466.32
1608133979	818214188	1431.74	1311.12	1386.51	1464.33
1608133979	828144159	1429.79	1309.31	1384.61	1462.34
1608133979	838087831	1427.83	1307.49	1382.71	1460.35
1608133979	848265472	1425.88	1305.68	1380.81	1458.36
1608133979	858269104	1423.93	1303.86	1378.91	1456.37
1608133979	868139745	1421.97	1302.05	1377	1454.38
1608133979	878115808	1420.02	1300.23	1375.1	1452.39
1608133979	888283797	1418.07	1298.42	1373.2	1450.41
1608133979	898421988	1416.12	1296.6	1371.3	1448.42
1608133979	908370789	1414.16	1294.79	1369.4	1446.43
1608133979	918312590	1412.21	1292.97	1367.5	1444.44
1608133979	928266129	1410.26	1291.16	1365.6	1442.45
1608133979	938248936	1408.31	1289.34	1363.69	1440.46
1608133979	948276726	1406.35	1287.53	1361.79	1438.47
1608133979	958285561	1404.4	1285.71	1359.89	1436.48
1608133979	968384161	1402.45	1283.9	1357.99	1434.49
1608133979	978238430	1400.5	1282.08	1356.09	1432.5
1608133979	988362184	1398.54	1280.27	1354.19	1430.51
1608133979	998262708	1396.59	1278.46	1352.29	1428.52
1608133980	8367368	1394.64	1276.64	1350.39	1426.53
1608133980	18238476	1392.69	1274.83	1348.48	1424.55
1608133980	28386774	1390.73	1273.01	1346.58	1422.56
1608133980	38246509	1388.78	1271.2	1344.68	1420.57
1608133980	48244270	1386.83	1269.39	1342.78	1418.58
1608133980	58348175	1384.88	1267.57	1340.88	1416.59
1608133980	68256046	1382.93	1265.76	1338.98	1414.6
1608133980	78330026	1380.97	1263.94	1337.08	1412.61
1608133980	88376457	1379.02	1262.13	1335.18	1410.62
1608133980	98373858	1377.07	1260.32	1333.28	1408.63
1608133980	108338379	1375.12	1258.5	1331.38	1406.64
1608133980	118275962	1373.16	1256.69	1329.48	1404.65
1608133980	128318636	1371.21	1254.88	1327.58	1402.66
1608133980	138252611	1369.26	1253.07	1325.68	1400.67
1608133980	148237955	1367.31	1251.25	1323.78	1398.69
1608133980	158225870	1365.36	1249.44	1321.88	1396.7
1608133980	168224374	1363.4	1247.63	1319.98	1394.71
1608133980	178264485	1361.45	1245.81	1318.07	1392.72
1608133980	188308745	1359.5	1244	1316.17	1390.73
1608133980	198269495	1357.55	1242.19	1314.27	1388.74
1608133980	208364869	1355.6	1240.38	1312.37	1386.75
1608133980	218372414	1353.65	1238.56	1310.47	1384.76
1608133980	228122693	1351.69	1236.75	1308.57	1382.77
1608133980	238389077	1349.74	1234.94	1306.67	1380.78
1608133980	248157333	1347.79	1233.13	1304.77	1378.79
1608133980	258350222	1345.84	1231.32	1302.87	1376.81
1608133980	268140492	1343.89	1229.5	1300.97	1374.82
1608133980	278323001	1341.93	1227.69	1299.08	1372.83
1608133980	288484272	1339.98	1225.88	1297.18	1370.84
1608133980	298410611	1338.03	1224.07	1295.28	1368.85
1608133980	308465890	1336.08	1222.26	1293.38	1366.86
1608133980	318474559	1334.13	1220.45	1291.48	1364.87
1608133980	328416145	1332.18	1218.63	1289.58	1362.88
1608133980	338374492	1330.22	1216.82	1287.68	1360.89
1608133980	348343323	1328.27	1215.01	1285.78	1358.9
1608133980	358214218	1326.32	1213.2	1283.88	1356.91
1608133980	368214115	1324.37	1211.39	1281.98	1354.93
1608133980	378322965	1322.42	1209.58	1280.08	1352.94
1608133980	388355080	1320.47	1207.77	1278.18	1350.95
1608133980	398372834	1318.52	1205.96	1276.28	1348.96
1608133980	408340729	1316.56	1204.15	1274.38	1346.97
1608133980	418251136	1314.61	1202.34	1272.48	1344.98
1608133980	428253387	1312.66	1200.53	1270.58	1342.99
1608133980	438370589	1310.71	1198.72	1268.69	1341
1608133980	448330400	1308.76	1196.9	1266.79	1339.01
1608133980	458293091	1306.81	1195.09	1264.89	1337.02
1608133980	468137782	1304.86	1193.28	1262.99	1335.04
1608133980	478201434	1302.9	1191.47	1261.09	1333.05
1608133980	488191943	1300.95	1189.66	1259.19	1331.06
1608133980	498095364	1299	1187.85	1257.29	1329.07
1608133980	508236334	1297.05	1186.04	1255.39	1327.08
1608133980	518268853	1295.1	1184.24	1253.49	1325.09
1608133980	528372718	1293.15	1182.43	1251.6	1323.1
1608133980	538158760	1291.2	1180.62	1249.7	1321.11
1608133980	548359797	1289.25	1178.81	1247.8	1319.12
1608133980	558222724	1287.29	1177	1245.9	1317.14
1608133980	568340925	1285.34	1175.19	1244	1315.15
1608133980	578286314	1283.39	1173.38	1242.1	1313.16
1608133980	588293185	1281.44	1171.57	1240.21	1311.17
1608133980	598421717	1279.49	1169.76	1238.31	1309.18
1608133980	608216342	1277.54	1167.95	1236.41	1307.19
1608133980	618277461	1275.59	1166.14	1234.51	1305.2
1608133980	628447829	1273.64	1164.33	1232.61	1303.21
1608133980	638357778	1271.69	1162.53	1230.72	1301.22
1608133980	648183716	1269.74	1160.72	1228.82	1299.24
1608133980	658390515	1267.79	1158.91	1226.92	1297.25
1608133980	668393482	1265.83	1157.1	1225.02	1295.26
1608133980	678417475	1263.88	1155.29	1223.12	1293.27
1608133980	688441493	1261.93	1153.48	1221.23	1291.28
1608133980	698400500	1259.98	1151.68	1219.33	1289.29
1608133980	708257168	1258.03	1149.87	1217.43	1287.3
1608133980	718202479	1256.08	1148.06	1215.53	1285.31
1608133980	728329653	1254.13	1146.25	1213.64	1283.32
1608133980	738366908	1252.18	1144.44	1211.74	1281.34
1608133980	748255384	1250.23	1142.64	1209.84	1279.35
1608133980	758315148	1248.28	1140.83	1207.94	1277.36
1608133980	768321706	1246.33	1139.02	1206.05	1275.37
1608133980	778302925	1244.38	1137.21	1204.15	1273.38
1608133980	788281852	1242.43	1135.41	1202.25	1271.39
1608133980	798321496	1240.48	1133.6	1200.35	1269.4
1608133980	808243952	1238.53	1131.79	1198.46	1267.41
1608133980	818130956	1236.58	1129.98	1196.56	1265.43
1608133980	828277391	1234.62	1128.18	1194.66	1263.44
1608133980	838296813	1232.67	1126.37	1192.77	1261.45
1608133980	848159016	1230.72	1124.56	1190.87	1259.46
1608133980	858201097	1228.77	1122.76	1188.97	1257.47
1608133980	868206179	1226.82	1120.95	1187.07	1255.48
1608133980	878306092	1224.87	1119.14	1185.18	1253.49
1608133980	888263193	1222.92	1117.34	1183.28	1251.5
1608133980	898259680	1220.97	1115.53	1181.38	1249.52
1608133980	908261609	1219.02	1113.73	1179.49	1247.53
1608133980	918248548	1217.07	1111.92	1177.59	1245.54
1608133980	928210782	1215.12	1110.11	1175.69	1243.55
1608133980	938212477	1213.17	1108.31	1173.8	1241.56
1608133980	948382610	1211.22	1106.5	1171.9	1239.57
1608133980	958340213	1209.27	1104.7	1170	1237.58
1608133980	968032995	1207.32	1102.89	1168.11	1235.59
1608133980	978026362	1205.37	1101.08	1166.21	1233.61
1608133980	988375652	1203.42	1099.28	1164.32	1231.62
1608133980	998429461	1201.47	1097.47	1162.42	1229.63
1608133981	8280005	1199.52	1095.67	1160.52	1227.64
1608133981	18189227	1197.57	1093.86	1158.63	1225.65
1608133981	28311891	1195.62	1092.06	1156.73	1223.66
1608133981	38286958	1193.67	1090.25	1154.84	1221.67
1608133981	48427244	1191.72	1088.45	1152.94	1219.68
1608133981	58402720	1189.77	1086.64	1151.04	1217.7
1608133981	68477877	1187.82	1084.84	1149.15	1215.71
1608133981	78130473	1185.87	1083.03	1147.25	1213.72
1608133981	87838795	1183.92	1081.23	1145.36	1211.73
1608133981	98022974	1181.97	1079.42	1143.46	1209.74
1608133981	107898929	1180.02	1077.62	1141.56	1207.75
1608133981	118127799	1178.07	1075.81	1139.67	1205.76
1608133981	128389187	1176.12	1074.01	1137.77	1203.78
1608133981	138126648	1174.17	1072.21	1135.88	1201.79
1608133981	148461349	1172.22	1070.4	1133.98	1199.8
1608133981	158411208	1170.27	1068.6	1132.09	1197.81
1608133981	168411183	1168.32	1066.79	1130.19	1195.82
1608133981	178512505	1166.38	1064.99	1128.3	1193.83
1608133981	188178774	1164.43	1063.19	1126.4	1191.84
1608133981	198358748	1162.48	1061.38	1124.51	1189.86
1608133981	208360538	1160.53	1059.58	1122.61	1187.87
1608133981	218382671	1158.58	1057.78	1120.72	1185.88
1608133981	228307673	1156.63	1055.97	1118.82	1183.89
1608133981	238000484	1154.68	1054.17	1116.93	1181.9
1608133981	248032645	1152.73	1052.37	1115.03	1179.91
1608133981	257984893	1150.78	1050.56	1113.14	1177.92
1608133981	268014246	1148.83	1048.76	1111.24	1175.94
1608133981	278091442	1146.88	1046.96	1109.35	1173.95
1608133981	288257183	1144.93	1045.16	1107.45	1171.96
1608133981	298356349	1142.98	1043.35	1105.56	1169.97
1608133981	308297428	1141.03	1041.55	1103.66	1167.98
1608133981	318344204	1139.08	1039.75	1101.77	1165.99
1608133981	328207085	1137.13	1037.94	1099.87	1164.01
1608133981	338364000	1135.19	1036.14	1097.98	1162.02
1608133981	348314793	1133.24	1034.34	1096.08	1160.03
1608133981	358318377	1131.29	1032.54	1094.19	1158.04
1608133981	368261649	1129.34	1030.74	1092.29	1156.05
1608133981	378282621	1127.39	1028.93	1090.4	1154.06
1608133981	388286686	1125.44	1027.13	1088.51	1152.07
1608133981	398302865	1123.49	1025.33	1086.61	1150.09
1608133981	408264066	1121.54	1023.53	1084.72	1148.1
1608133981	418249839	1119.59	1021.73	1082.82	1146.11
1608133981	428260018	1117.64	1019.93	1080.93	1144.12
1608133981	438330943	1115.7	1018.12	1079.04	1142.13
1608133981	448330525	1113.75	1016.32	1077.14	1140.14
1608133981	458374879	1111.8	1014.52	1075.25	1138.16
1608133981	468300171	1109.85	1012.72	1073.35	1136.17
1608133981	478298335	1107.9	1010.92	1071.46	1134.18
1608133981	488291470	1105.95	1009.12	1069.57	1132.19
1608133981	498305802	1104	1007.32	1067.67	1130.2
1608133981	508277131	1102.05	1005.52	1065.78	1128.21
1608133981	518291938	1100.11	1003.72	1063.89	1126.23
1608133981	528402432	1098.16	1001.92	1061.99	1124.24
1608133981	538287555	1096.21	1000.12	1060.1	1122.25
1608133981	548319698	1094.26	998.32	1058.21	1120.26
1608133981	558279961	1092.31	996.51	1056.31	1118.27
1608133981	568332850	1090.36	994.71	1054.42	1116.28
1608133981	578345621	1088.41	992.91	1052.53	1114.3
1608133981	588226169	1086.47	991.11	1050.63	1112.31
1608133981	598267628	1084.52	989.31	1048.74	1110.32
1608133981	608282497	1082.57	987.51	1046.85	1108.33
1608133981	618271697	1080.62	985.72	1044.95	1106.34
1608133981	628269493	1078.67	983.92	1043.06	1104.35
1608133981	638449402	1076.72	982.12	1041.17	1102.37
1608133981	648312491	1074.77	980.32	1039.27	1100.38
1608133981	658236251	1072.83	978.52	1037.38	1098.39
1608133981	668354793	1070.88	976.72	1035.49	1096.4
1608133981	678230551	1068.93	974.92	1033.6	1094.41
1608133981	688407087	1066.98	973.12	1031.7	1092.42
1608133981	698178583	1065.03	971.32	1029.81	1090.44
1608133981	708378441	1063.08	969.52	1027.92	1088.45
1608133981	718189549	1061.14	967.72	1026.03	1086.46
1608133981	728174636	1059.19	965.92	1024.13	1084.47
1608133981	738471856	1057.24	964.13	1022.24	1082.48
1608133981	748469668	1055.29	962.33	1020.35	1080.5
1608133981	758798650	1053.34	960.53	1018.46	1078.51
1608133981	768231131	1051.4	958.73	1016.56	1076.52
1608133981	778428724	1049.45	956.93	1014.67	1074.53
1608133981	788357806	1047.5	955.13	1012.78	1072.54
1608133981	798352861	1045.55	953.34	1010.89	1070.55
1608133981	808287753	1043.6	951.54	1009	1068.57
1608133981	818306136	1041.66	949.74	1007.1	1066.58
1608133981	828251346	1039.71	947.94	1005.21	1064.59
1608133981	838347355	1037.76	946.15	1003.32	1062.6
1608133981	848274922	1035.81	944.35	1001.43	1060.61
1608133981	858232263	1033.86	942.55	999.54	1058.63
1608133981	868289971	1031.92	940.75	997.65	1056.64
1608133981	878387071	1029.97	938.96	995.75	1054.65
1608133981	888299210	1028.02	937.16	993.86	1052.66
1608133981	898315126	1026.07	935.36	991.97	1050.67
1608133981	908140795	1024.13	933.56	990.08	1048.68
1608133981	918240590	1022.18	931.77	988.19	1046.7
1608133981	928425601	1020.23	929.97	986.3	1044.71
1608133981	938373827	1018.28	928.17	984.4	1042.72
1608133981	948386741	1016.34	926.38	982.51	1040.73
1608133981	958277149	1014.39	924.58	980.62	1038.74
1608133981	968301206	1012.44	922.79	978.73	1036.76
1608133981	978301583	1010.49	920.99	976.84	1034.77
1608133981	988206530	1008.55	919.19	974.95	1032.78
1608133981	998177082	1006.6	917.4	973.06	1030.79
1608133982	8223945	1004.65	915.6	971.17	1028.8
1608133982	18237995	1002.7	913.8	969.28	1026.82
1608133982	28423124	1000.76	912.01	967.39	1024.83
1608133982	38369295	998.81	910.21	965.49	1022.84
1608133982	48256759	996.86	908.42	963.6	1020.85
1608133982	58274626	994.91	906.62	961.71	1018.86
1608133982	68327319	992.97	904.83	959.82	1016.88
1608133982	78268529	991.02	903.03	957.93	1014.89
1608133982	88398445	989.07	901.24	956.04	1012.9
1608133982	98221092	987.13	899.44	954.15	1010.91
1608133982	108286935	985.18	897.65	952.26	1008.92
1608133982	118261352	983.23	895.85	950.37	1006.94
1608133982	128376602	981.28	894.06	948.48	1004.95
1608133982	138378832	979.34	892.26	946.59	1002.96
1608133982	148347392	977.39	890.47	944.7	1000.97
1608133982	158309195	975.44	888.67	942.81	998.98
1608133982	168265791	973.5	886.88	940.92	997
1608133982	178405589	971.55	885.08	939.03	995.01
1608133982	188313789	969.6	883.29	937.14	993.02
1608133982	198128275	967.65	881.5	935.25	991.03
1608133982	208390895	965.71	879.7	933.36	989.04
1608133982	218389932	963.76	877.91	931.47	987.06
1608133982	228304412	961.81	876.11	929.58	985.07
1608133982	238415788	959.87	874.32	927.69	983.08
1608133982	248358310	957.92	872.53	925.8	981.09
1608133982	258368702	955.97	870.73	923.91	979.11
1608133982	268287079	954.03	868.94	922.02	977.12
1608133982	278404173	952.08	867.15	920.13	975.13
1608133982	288405555	950.13	865.35	918.24	973.14
1608133982	298167243	948.19	863.56	916.35	971.15
1608133982	308297034	946.24	861.77	914.46	969.17
1608133982	318300351	944.29	859.97	912.58	967.18
1608133982	328434667	942.35	858.18	910.69	965.19
1608133982	338438492	940.4	856.39	908.8	963.2
1608133982	348256994	938.45	854.6	906.91	961.21
1608133982	358189537	936.51	852.8	905.02	959.23
1608133982	368269372	934.56	851.01	903.13	957.24
1608133982	378255066	932.62	849.22	901.24	955.25
1608133982	388343292	930.67	847.43	899.35	953.26
1608133982	398237736	928.72	845.63	897.46	951.28
1608133982	408252334	926.78	843.84	895.57	949.29
1608133982	418254153	924.83	842.05	893.69	947.3
1608133982	428324743	922.88	840.26	891.8	945.31
1608133982	438298933	920.94	838.47	889.91	943.32
1608133982	448473543	918.99	836.67	888.02	941.34
1608133982	458266063	917.04	834.88	886.13	939.35
1608133982	468415455	915.1	833.09	884.24	937.36
1608133982	478236656	913.15	831.3	882.35	935.37
1608133982	488197542	911.21	829.51	880.47	933.39
1608133982	498313971	909.26	827.72	878.58	931.4
1608133982	508378999	907.31	825.93	876.69	929.41
1608133982	518350307	905.37	824.14	874.8	927.42
1608133982	528383256	903.42	822.34	872.91	925.43
1608133982	538254653	901.48	820.55	871.03	923.45
1608133982	548357250	899.53	818.76	869.14	921.46
1608133982	558338451	897.58	816.97	867.25	919.47
1608133982	568262829	895.64	815.18	865.36	917.48
1608133982	578501317	893.69	813.39	863.47	915.5
1608133982	588177337	891.75	811.6	861.59	913.51
1608133982	598420864	889.8	809.81	859.7	911.52
1608133982	608406415	887.86	808.02	857.81	909.53
1608133982	618406176	885.91	806.23	855.92	907.55
1608133982	628357073	883.96	804.44	854.04	905.56
1608133982	638337140	882.02	802.65	852.15	903.57
1608133982	648280855	880.07	800.86	850.26	901.58
1608133982	658317700	878.13	799.07	848.37	899.6
1608133982	668286824	876.18	797.28	846.49	897.61
1608133982	678279919	874.24	795.49	844.6	895.62
1608133982	688226190	872.29	793.7	842.71	893.63
1608133982	698281727	870.34	791.92	840.83	891.65
1608133982	708310543	868.4	790.13	838.94	889.66
1608133982	718359648	866.45	788.34	837.05	887.67
1608133982	728351742	864.51	786.55	835.16	885.68
1608133982	738299256	862.56	784.76	833.28	883.69
1608133982	748407997	860.62	782.97	831.39	881.71
1608133982	758511907	858.67	781.18	829.5	879.72
1608133982	768192509	856.73	779.39	827.62	877.73
1608133982	778305214	854.78	777.61	825.73	875.74
1608133982	788270851	852.84	775.82	823.84	873.76
1608133982	798419775	850.89	774.03	821.96	871.77
1608133982	808462636	848.95	772.24	820.07	869.78
1608133982	818425986	847	770.45	818.18	867.79
1608133982	828443885	845.05	768.67	816.3	865.81
1608133982	838454882	843.11	766.88	814.41	863.82
1608133982	848341208	841.16	765.09	812.53	861.83
1608133982	858273971	839.22	763.3	810.64	859.84
1608133982	868363567	837.27	761.52	808.75	857.86
1608133982	878292468	835.33	759.73	806.87	855.87
1608133982	888398823	833.38	757.94	804.98	853.88
1608133982	898326511	831.44	756.15	803.1	851.89
1608133982	908390119	829.49	754.37	801.21	849.91
1608133982	918235078	827.55	752.58	799.32	847.92
1608133982	928399216	825.6	750.79	797.44	845.93
1608133982	938334359	823.66	749.01	795.55	843.95
1608133982	948200931	821.71	747.22	793.67	841.96
1608133982	958311818	819.77	745.43	791.78	839.97
1608133982	968389194	817.83	743.65	789.9	837.98
1608133982	978227939	815.88	741.86	788.01	836
1608133982	988324017	813.94	740.07	786.12	834.01
1608133982	998285110	811.99	738.29	784.24	832.02
1608133983	8361424	810.05	736.5	782.35	830.03
1608133983	18451206	808.1	734.72	780.47	828.05
1608133983	28208540	806.16	732.93	778.58	826.06
1608133983	38426080	804.21	731.15	776.7	824.07
1608133983	48198331	802.27	729.36	774.81	822.08
1608133983	58318195	800.32	727.57	772.93	820.1
1608133983	68237056	798.38	725.79	771.04	818.11
1608133983	78168931	796.43	724	769.16	816.12
1608133983	88410853	794.49	722.22	767.27	814.13
1608133983	98279039	792.55	720.43	765.39	812.15
1608133983	108424085	790.6	718.65	763.5	810.16
1608133983	118215789	788.66	716.86	761.62	808.17
1608133983	128233514	786.71	715.08	759.73	806.19
1608133983	138255967	784.77	713.29	757.85	804.2
1608133983	148362352	782.82	711.51	755.97	802.21
1608133983	158381748	780.88	709.73	754.08	800.22
1608133983	168319507	778.94	707.94	752.2	798.24
1608133983	178195094	776.99	706.16	750.31	796.25
1608133983	188358999	775.05	704.37	748.43	794.26
1608133983	198415924	773.1	702.59	746.54	792.27
1608133983	208344382	771.16	700.81	744.66	790.29
1608133983	218263305	769.22	699.02	742.78	788.3
1608133983	228410756	767.27	697.24	740.89	786.31
1608133983	238414604	765.33	695.45	739.01	784.33
1608133983	248272314	763.38	693.67	737.12	782.34
1608133983	258258213	761.44	691.89	735.24	780.35
1608133983	268261953	759.5	690.1	733.36	778.36
1608133983	278244418	757.55	688.32	731.47	776.38
1608133983	288381589	755.61	686.54	729.59	774.39
1608133983	298277693	753.66	684.76	727.71	772.4
1608133983	308445046	751.72	682.97	725.82	770.42
1608133983	318289464	749.78	681.19	723.94	768.43
1608133983	328137394	747.83	679.41	722.06	766.44
1608133983	338397069	745.89	677.62	720.17	764.45
1608133983	348363701	743.95	675.84	718.29	762.47
1608133983	358132973	742	674.06	716.41	760.48
1608133983	368250670	740.06	672.28	714.52	758.49
1608133983	378312671	738.11	670.5	712.64	756.51
1608133983	388376774	736.17	668.71	710.76	754.52
1608133983	398267494	734.23	666.93	708.87	752.53
1608133983	408539611	732.28	665.15	706.99	750.54
1608133983	418335733	730.34	663.37	705.11	748.56
1608133983	428310900	728.4	661.59	703.22	746.57
1608133983	438218054	726.45	659.81	701.34	744.58
1608133983	448327960	724.51	658.02	699.46	742.6
1608133983	458281696	722.57	656.24	697.58	740.61
1608133983	468319248	720.62	654.46	695.69	738.62
1608133983	478386717	718.68	652.68	693.81	736.63
1608133983	488462977	716.74	650.9	691.93	734.65
1608133983	498418445	714.79	649.12	690.05	732.66
1608133983	508357357	712.85	647.34	688.16	730.67
1608133983	518379216	710.91	645.56	686.28	728.69
1608133983	528277475	708.96	643.78	684.4	726.7
1608133983	538299116	707.02	642	682.52	724.71
1608133983	548340947	705.08	640.22	680.64	722.73
1608133983	558314763	703.14	638.44	678.75	720.74
1608133983	568203781	701.19	636.66	676.87	718.75
1608133983	578392041	699.25	634.88	674.99	716.76
1608133983	588446923	697.31	633.1	673.11	714.78
1608133983	598374765	695.36	631.32	671.23	712.79
1608133983	608321175	693.42	629.54	669.34	710.8
1608133983	618316886	691.48	627.76	667.46	708.82
1608133983	628302279	689.54	625.98	665.58	706.83
1608133983	638263731	687.59	624.2	663.7	704.84
1608133983	648349399	685.65	622.42	661.82	702.86
1608133983	658241433	683.71	620.64	659.94	700.87
1608133983	668171745	681.76	618.86	658.06	698.88
1608133983	678252798	679.82	617.08	656.17	696.9
1608133983	688335486	677.88	615.3	654.29	694.91
1608133983	698287033	675.94	613.53	652.41	692.92
1608133983	708210619	673.99	611.75	650.53	690.93
1608133983	718339930	672.05	609.97	648.65	688.95
1608133983	728439155	670.11	608.19	646.77	686.96
1608133983	738406318	668.17	606.41	644.89	684.97
1608133983	748409760	666.22	604.63	643.01	682.99
1608133983	758168921	664.28	602.86	641.13	681
1608133983	768407851	662.34	601.08	639.25	679.01
1608133983	778351563	660.4	599.3	637.36	677.03
1608133983	788450905	658.45	597.52	635.48	675.04
1608133983	798359935	658.45	597.52	635.48	675.04
1608133983	808296692	658.45	597.52	635.48	675.04
1608133983	818286642	658.45	597.52	635.48	675.04
1608133983	828289136	658.45	597.52	635.48	675.04
1608133983	838296759	658.45	597.52	635.48	675.04
1608133983	848282480	658.45	597.52	635.48	675.04
1608133983	858274414	658.45	597.52	635.48	675.04
1608133983	868349213	658.45	597.52	635.48	675.04
1608133983	878391163	658.45	597.52	635.48	675.04
1608133983	888327787	658.45	597.52	635.48	675.04
1608133983	898296168	658.45	597.52	635.48	675.04
1608133983	908353751	658.45	597.52	635.48	675.04
1608133983	918259084	658.45	597.52	635.48	675.04
1608133983	928233102	658.45	597.52	635.48	675.04
1608133983	938215056	658.45	597.52	635.48	675.04
1608133983	948251803	658.45	597.52	635.48	675.04
1608133983	958352144	658.45	597.52	635.48	675.04
1608133983	968341903	658.45	597.52	635.48	675.04
1608133983	978467260	658.45	597.52	635.48	675.04
1608133983	988435463	658.45	597.52	635.48	675.04
1608133983	998297625	658.45	597.52	635.48	675.04
1608133984	8267109	658.45	597.52	635.48	675.04
1608133984	18290290	658.45	597.52	635.48	675.04
1608133984	28462204	658.45	597.52	635.48	675.04
1608133984	38262744	658.45	597.52	635.48	675.04
1608133984	48311283	658.45	597.52	635.48	675.04
1608133984	58170432	658.45	597.52	635.48	675.04
1608133984	68408105	658.45	597.52	635.48	675.04
1608133984	78600153	658.45	597.52	635.48	675.04
1608133984	88436177	658.45	597.52	635.48	675.04
1608133984	98373387	658.45	597.52	635.48	675.04
1608133984	108427468	658.45	597.52	635.48	675.04
1608133984	118411668	658.45	597.52	635.48	675.04
1608133984	128407455	658.45	597.52	635.48	675.04
1608133984	138304378	658.45	597.52	635.48	675.04
1608133984	148327740	658.45	597.52	635.48	675.04
1608133984	158322155	658.45	597.52	635.48	675.04
1608133984	168426693	658.45	597.52	635.48	675.04
1608133984	178430686	658.45	597.52	635.48	675.04
1608133984	188377570	658.45	597.52	635.48	675.04
1608133984	198427129	658.45	597.52	635.48	675.04
1608133984	208232915	658.45	597.52	635.48	675.04
1608133984	218233496	658.45	597.52	635.48	675.04
1608133984	228244241	658.45	597.52	635.48	675.04
1608133984	238335343	658.45	597.52	635.48	675.04
1608133984	248192672	658.45	597.52	635.48	675.04
1608133984	258482481	658.45	597.52	635.48	675.04
1608133984	268330923	658.45	597.52	635.48	675.04
1608133984	278283100	658.45	597.52	635.48	675.04
1608133984	288320090	658.45	597.52	635.48	675.04
1608133984	298304595	658.45	597.52	635.48	675.04
1608133984	308386441	658.45	597.52	635.48	675.04
1608133984	318300583	658.45	597.52	635.48	675.04
1608133984	328186905	658.45	597.52	635.48	675.04
1608133984	338344919	658.45	597.52	635.48	675.04
1608133984	348271892	658.45	597.52	635.48	675.04
1608133984	358317171	658.45	597.52	635.48	675.04
1608133984	368222222	658.45	597.52	635.48	675.04
1608133984	378344469	658.45	597.52	635.48	675.04
1608133984	388362669	658.45	597.52	635.48	675.04
1608133984	398231445	658.45	597.52	635.48	675.04
1608133984	408420412	658.45	597.52	635.48	675.04
1608133984	418291706	658.45	597.52	635.48	675.04
1608133984	428450798	658.45	597.52	635.48	675.04
1608133984	438457051	658.45	597.52	635.48	675.04
1608133984	448162669	658.45	597.52	635.48	675.04
1608133984	458294228	658.45	597.52	635.48	675.04
1608133984	468370593	658.45	597.52	635.48	675.04
1608133984	478481325	658.45	597.52	635.48	675.04
1608133984	488355353	658.45	597.52	635.48	675.04
1608133984	498455789	658.45	597.52	635.48	675.04
1608133984	508454050	658.45	597.52	635.48	675.04
1608133984	518173526	658.45	597.52	635.48	675.04
1608133984	528278719	658.45	597.52	635.48	675.04
1608133984	538450541	658.45	597.52	635.48	675.04
1608133984	548373554	658.45	597.52	635.48	675.04
1608133984	558421321	658.45	597.52	635.48	675.04
1608133984	568505690	658.45	597.52	635.48	675.04
1608133984	578430153	658.45	597.52	635.48	675.04
1608133984	588171915	658.45	597.52	635.48	675.04
1608133984	598339520	658.45	597.52	635.48	675.04
1608133984	608473795	658.45	597.52	635.48	675.04
1608133984	618329622	658.45	597.52	635.48	675.04
1608133984	628454692	658.45	597.52	635.48	675.04
1608133984	638117174	658.45	597.52	635.48	675.04
1608133984	648387425	658.45	597.52	635.48	675.04
1608133984	658268074	658.45	597.52	635.48	675.04
1608133984	668417727	658.45	597.52	635.48	675.04
1608133984	678386168	658.45	597.52	635.48	675.04
1608133984	688427095	658.45	597.52	635.48	675.04
1608133984	698382519	658.45	597.52	635.48	675.04
1608133984	708122695	658.45	597.52	635.48	675.04
1608133984	718352744	658.45	597.52	635.48	675.04
1608133984	728441841	658.45	597.52	635.48	675.04
1608133984	738197189	658.45	597.52	635.48	675.04
1608133984	748492040	658.45	597.52	635.48	675.04
1608133984	758277691	658.45	597.52	635.48	675.04
1608133984	768511948	658.45	597.52	635.48	675.04
1608133984	778533901	658.45	597.52	635.48	675.04
1608133984	788317688	658.45	597.52	635.48	675.04
1608133984	798431123	656.51	595.75	633.6	673.05
1608133984	808221176	654.57	593.97	631.72	671.07
1608133984	818322674	652.63	592.19	629.84	669.08
1608133984	828224823	650.68	590.41	627.96	667.09
1608133984	838278960	648.74	588.64	626.08	665.11
1608133984	848381670	646.8	586.86	624.2	663.12
1608133984	858475279	644.86	585.08	622.32	661.13
1608133984	868425991	642.92	583.31	620.44	659.15
1608133984	878455977	640.97	581.53	618.56	657.16
1608133984	888358808	639.03	579.75	616.68	655.17
1608133984	898415213	637.09	577.98	614.8	653.19
1608133984	908392557	635.15	576.2	612.92	651.2
1608133984	918536199	633.21	574.42	611.04	649.21
1608133984	928210047	631.26	572.65	609.16	647.23
1608133984	938579447	629.32	570.87	607.28	645.24
1608133984	948229622	627.38	569.1	605.4	643.25
1608133984	958311961	625.44	567.32	603.52	641.27
1608133984	968352477	623.5	565.54	601.64	639.28
1608133984	978426330	621.56	563.77	599.76	637.29
1608133984	988363853	619.61	561.99	597.88	635.31
1608133984	998283621	617.67	560.22	596.01	633.32
1608133985	8457769	615.73	558.44	594.13	631.33
1608133985	18478683	613.79	556.67	592.25	629.35
1608133985	28154059	611.85	554.89	590.37	627.36
1608133985	38355611	609.91	553.12	588.49	625.37
1608133985	48284159	607.96	551.34	586.61	623.39
1608133985	58472827	606.02	549.57	584.73	621.4
1608133985	68443827	604.08	547.79	582.85	619.41
1608133985	78352802	602.14	546.02	580.97	617.43
1608133985	88470536	600.2	544.24	579.09	615.44
1608133985	98289796	598.26	542.47	577.22	613.45
1608133985	108378065	596.32	540.7	575.34	611.47
1608133985	118407136	594.37	538.92	573.46	609.48
1608133985	128140705	592.43	537.15	571.58	607.49
1608133985	138376132	590.49	535.37	569.7	605.51
1608133985	148465081	588.55	533.6	567.82	603.52
1608133985	158409806	586.61	531.83	565.95	601.53
1608133985	168378481	584.67	530.05	564.07	599.55
1608133985	178222367	582.73	528.28	562.19	597.56
1608133985	188456281	580.79	526.51	560.31	595.57
1608133985	198262853	578.84	524.73	558.43	593.59
1608133985	208345357	576.9	522.96	556.55	591.6
1608133985	218361911	574.96	521.19	554.68	589.61
1608133985	228251914	573.02	519.42	552.8	587.63
1608133985	238465489	571.08	517.64	550.92	585.64
1608133985	248469537	569.14	515.87	549.04	583.66
1608133985	258281181	567.2	514.1	547.17	581.67
1608133985	268189222	565.26	512.33	545.29	579.68
1608133985	278383682	563.32	510.55	543.41	577.7
1608133985	288445053	561.38	508.78	541.53	575.71
1608133985	298349855	559.44	507.01	539.66	573.72
1608133985	308386714	557.49	505.24	537.78	571.74
1608133985	318208495	555.55	503.47	535.9	569.75
1608133985	328249240	553.61	501.69	534.02	567.76
1608133985	338608758	551.67	499.92	532.15	565.78
1608133985	348429256	549.73	498.15	530.27	563.79
1608133985	358347466	547.79	496.38	528.39	561.8
1608133985	368221420	545.85	494.61	526.52	559.82
1608133985	378184157	543.91	492.84	524.64	557.83
1608133985	388268535	541.97	491.07	522.76	555.85
1608133985	398337186	540.03	489.3	520.89	553.86
1608133985	408301359	538.09	487.52	519.01	551.87
1608133985	418295255	536.15	485.75	517.13	549.89
1608133985	428401361	534.21	483.98	515.26	547.9
1608133985	438475144	532.27	482.21	513.38	545.91
1608133985	448348907	530.33	480.44	511.5	543.93
1608133985	458420982	528.39	478.67	509.63	541.94
1608133985	468269630	526.45	476.9	507.75	539.96
1608133985	478419918	524.51	475.13	505.87	537.97
1608133985	488343097	522.57	473.36	504	535.98
1608133985	498300843	520.63	471.59	502.12	534
1608133985	508289352	518.69	469.82	500.25	532.01
1608133985	518194034	516.75	468.05	498.37	530.02
1608133985	528390473	514.81	466.28	496.49	528.04
1608133985	538571234	512.87	464.52	494.62	526.05
1608133985	548325371	510.93	462.75	492.74	524.07
1608133985	558406882	508.99	460.98	490.87	522.08
1608133985	568197096	507.05	459.21	488.99	520.09
1608133985	578130213	505.11	457.44	487.12	518.11
1608133985	588305097	503.17	455.67	485.24	516.12
1608133985	598186491	501.23	453.9	483.36	514.13
1608133985	608417621	499.29	452.13	481.49	512.15
1608133985	618150165	497.35	450.37	479.61	510.16
1608133985	628381398	495.41	448.6	477.74	508.18
1608133985	638328288	493.47	446.83	475.86	506.19
1608133985	648308482	491.53	445.06	473.99	504.2
1608133985	658441909	489.59	443.29	472.11	502.22
1608133985	668199896	487.65	441.53	470.24	500.23
1608133985	678316904	485.71	439.76	468.36	498.25
1608133985	688181774	483.77	437.99	466.49	496.26
1608133985	698352892	481.83	436.22	464.61	494.27
1608133985	708219779	479.89	434.46	462.74	492.29
1608133985	718483115	477.95	432.69	460.86	490.3
1608133985	728400701	476.01	430.92	458.99	488.31
1608133985	738411892	474.07	429.16	457.11	486.33
1608133985	748368204	472.13	427.39	455.24	484.34
1608133985	758324024	470.2	425.62	453.37	482.36
1608133985	768331875	468.26	423.86	451.49	480.37
1608133985	778423033	466.32	422.09	449.62	478.38
1608133985	788266973	464.38	420.32	447.74	476.4
1608133985	798378257	462.44	418.56	445.87	474.41
1608133985	808261579	460.5	416.79	444	472.43
1608133985	818318314	458.56	415.02	442.12	470.44
1608133985	828458333	456.62	413.26	440.25	468.45
1608133985	838355460	454.68	411.49	438.37	466.47
1608133985	848449785	452.74	409.73	436.5	464.48
1608133985	858227389	450.8	407.96	434.63	462.5
1608133985	868428598	448.87	406.2	432.75	460.51
1608133985	878477905	446.93	404.43	430.88	458.52
1608133985	888429454	444.99	402.67	429.01	456.54
1608133985	898441010	443.05	400.9	427.13	454.55
1608133985	908176618	441.11	399.14	425.26	452.57
1608133985	918484688	439.17	397.37	423.39	450.58
1608133985	928341340	437.23	395.61	421.51	448.59
1608133985	938429417	435.29	393.84	419.64	446.61
1608133985	948264441	433.36	392.08	417.77	444.62
1608133985	958455563	431.42	390.31	415.89	442.64
1608133985	968331140	429.48	388.55	414.02	440.65
1608133985	978343066	427.54	386.78	412.15	438.67
1608133985	988331431	425.6	385.02	410.27	436.68
1608133985	998329604	423.66	383.26	408.4	434.69
1608133986	8192546	421.72	381.49	406.53	432.71
1608133986	18311045	419.79	379.73	404.66	430.72
1608133986	28352566	417.85	377.97	402.78	428.74
1608133986	38301772	415.91	376.2	400.91	426.75
1608133986	48363851	413.97	374.44	399.04	424.76
1608133986	58228071	412.03	372.68	397.17	422.78
1608133986	68263109	410.09	370.91	395.29	420.79
1608133986	78520329	408.16	369.15	393.42	418.81
1608133986	88152953	406.22	367.39	391.55	416.82
1608133986	98226052	404.28	365.62	389.68	414.84
1608133986	108215021	402.34	363.86	387.81	412.85
1608133986	118399480	400.4	362.1	385.93	410.86
1608133986	128332438	398.47	360.34	384.06	408.88
1608133986	138329825	396.53	358.58	382.19	406.89
1608133986	148329926	394.59	356.81	380.32	404.91
1608133986	158301099	392.65	355.05	378.45	402.92
1608133986	168308934	390.71	353.29	376.57	400.94
1608133986	178427240	388.78	351.53	374.7	398.95
1608133986	188369240	386.84	349.77	372.83	396.96
1608133986	198235606	384.9	348	370.96	394.98
1608133986	208298473	382.96	346.24	369.09	392.99
1608133986	218399180	381.02	344.48	367.22	391.01
1608133986	228403819	379.09	342.72	365.35	389.02
1608133986	238467176	377.15	340.96	363.48	387.04
1608133986	248340532	375.21	339.2	361.6	385.05
1608133986	258388626	373.27	337.44	359.73	383.06
1608133986	268321966	371.34	335.68	357.86	381.08
1608133986	278385540	369.4	333.92	355.99	379.09
1608133986	288443954	367.46	332.16	354.12	377.11
1608133986	298290388	365.52	330.4	352.25	375.12
1608133986	308284648	363.59	328.64	350.38	373.14
1608133986	318458781	361.65	326.88	348.51	371.15
1608133986	328379453	359.71	325.12	346.64	369.16
1608133986	338420201	357.77	323.36	344.77	367.18
1608133986	348351808	355.84	321.6	342.9	365.19
1608133986	358333641	353.9	319.84	341.03	363.21
1608133986	368395883	351.96	318.08	339.16	361.22
1608133986	378396101	350.03	316.32	337.29	359.24
1608133986	388412879	348.09	314.56	335.42	357.25
1608133986	398161395	346.15	312.8	333.55	355.27
1608133986	408409174	344.21	311.04	331.68	353.28
1608133986	418303076	342.28	309.28	329.81	351.3
1608133986	428452102	340.34	307.52	327.94	349.31
1608133986	438377764	338.4	305.77	326.07	347.32
1608133986	448381812	336.47	304.01	324.2	345.34
1608133986	458255350	334.53	302.25	322.33	343.35
1608133986	468320336	332.59	300.49	320.46	341.37
1608133986	478503693	330.66	298.73	318.59	339.38
1608133986	488266977	328.72	296.98	316.72	337.4
1608133986	498475884	326.78	295.22	314.85	335.41
1608133986	508275653	324.85	293.46	312.98	333.43
1608133986	518450856	322.91	291.7	311.11	331.44
1608133986	528415344	320.97	289.95	309.24	329.46
1608133986	538343725	319.04	288.19	307.37	327.47
1608133986	548426771	317.1	286.43	305.51	325.48
1608133986	558356565	315.16	284.67	303.64	323.5
1608133986	568294125	313.23	282.92	301.77	321.51
1608133986	578609702	311.29	281.16	299.9	319.53
1608133986	588320764	309.35	279.4	298.03	317.54
1608133986	598365348	307.42	277.65	296.16	315.56
1608133986	608480072	305.48	275.89	294.29	313.57
1608133986	618390186	303.54	274.13	292.42	311.59
1608133986	628375403	301.61	272.38	290.56	309.6
1608133986	638349539	299.67	270.62	288.69	307.62
1608133986	648430398	297.74	268.87	286.82	305.63
1608133986	658359508	295.8	267.11	284.95	303.65
1608133986	668390128	293.86	265.35	283.08	301.66
1608133986	678247923	291.93	263.6	281.22	299.68
1608133986	688346336	289.99	261.84	279.35	297.69
1608133986	698310328	288.05	260.09	277.48	295.7
1608133986	708372291	286.12	258.33	275.61	293.72
1608133986	718430111	284.18	256.58	273.74	291.73
1608133986	728416604	282.25	254.82	271.88	289.75
1608133986	738287652	280.31	253.07	270.01	287.76
1608133986	748468764	278.37	251.31	268.14	285.78
1608133986	758345360	276.44	249.56	266.27	283.79
1608133986	768209553	274.5	247.8	264.41	281.81
1608133986	778441145	272.57	246.05	262.54	279.82
1608133986	788202283	270.63	244.3	260.67	277.84
1608133986	798409295	268.7	242.54	258.81	275.85
1608133986	808346804	266.76	240.79	256.94	273.87
1608133986	818456387	264.82	239.03	255.07	271.88
1608133986	828378674	262.89	237.28	253.2	269.9
1608133986	838340867	260.95	235.53	251.34	267.91
1608133986	848405366	259.02	233.77	249.47	265.93
1608133986	858215342	257.08	232.02	247.6	263.94
1608133986	868353176	255.15	230.27	245.74	261.96
1608133986	878314065	253.21	228.51	243.87	259.97
1608133986	888359006	251.28	226.76	242	257.99
1608133986	898370844	249.34	225.01	240.14	256
1608133986	908293591	247.41	223.26	238.27	254.02
1608133986	918432788	245.47	221.5	236.4	252.03
1608133986	928392218	243.54	219.75	234.54	250.05
1608133986	938340417	241.6	218	232.67	248.06
1608133986	948405883	239.66	216.25	230.81	246.08
1608133986	958307490	237.73	214.49	228.94	244.09
1608133986	968410093	235.79	212.74	227.07	242.11
1608133986	978133221	233.86	210.99	225.21	240.12
1608133986	988404720	231.92	209.24	223.34	238.14
1608133986	998444330	229.99	207.49	221.48	236.15
1608133987	8325883	228.05	205.74	219.61	234.17
1608133987	18364232	226.12	203.98	217.75	232.18
1608133987	28432722	224.19	202.23	215.88	230.2
1608133987	38259651	222.25	200.48	214.02	228.21
1608133987	48430583	220.32	198.73	212.15	226.23
1608133987	58266935	218.38	196.98	210.28	224.24
1608133987	68104932	216.45	195.23	208.42	222.26
1608133987	78209544	214.51	193.48	206.55	220.27
1608133987	88295985	212.58	191.73	204.69	218.29
1608133987	98365845	210.64	189.98	202.82	216.3
1608133987	108407827	208.71	188.23	200.96	214.32
1608133987	118366047	206.77	186.48	199.09	212.33
1608133987	128378932	204.84	184.73	197.23	210.35
1608133987	138343324	202.9	182.98	195.37	208.36
1608133987	148277090	200.97	181.23	193.5	206.38
1608133987	158333161	199.04	179.48	191.64	204.39
1608133987	168390653	197.1	177.73	189.77	202.41
1608133987	178248923	195.17	175.98	187.91	200.42
1608133987	188353584	193.23	174.23	186.04	198.44
1608133987	198380624	191.3	172.48	184.18	196.45
1608133987	208343829	189.36	170.74	182.31	194.47
1608133987	218321529	187.43	168.99	180.45	192.48
1608133987	228392549	185.5	167.24	178.59	190.5
1608133987	238309623	183.56	165.49	176.72	188.51
1608133987	248303493	181.63	163.74	174.86	186.53
1608133987	258326258	179.69	161.99	173	184.54
1608133987	268311896	177.76	160.25	171.13	182.56
1608133987	278286218	175.83	158.5	169.27	180.57
1608133987	288388108	173.89	156.75	167.4	178.59
1608133987	298291271	171.96	155	165.54	176.61
1608133987	308255887	170.02	153.25	163.68	174.62
1608133987	318368075	168.09	151.51	161.81	172.64
1608133987	328385472	166.16	149.76	159.95	170.65
1608133987	338313874	164.22	148.01	158.09	168.67
1608133987	348307519	162.29	146.27	156.22	166.68
1608133987	358361115	160.36	144.52	154.36	164.7
1608133987	368401648	158.42	142.77	152.5	162.71
1608133987	378416941	156.49	141.03	150.64	160.73
1608133987	388473921	154.55	139.28	148.77	158.74
1608133987	398308862	152.62	137.53	146.91	156.76
1608133987	408344883	150.69	135.79	145.05	154.77
1608133987	418314530	148.75	134.04	143.19	152.79
1608133987	428292783	146.82	132.29	141.32	150.8
1608133987	438290901	144.89	130.55	139.46	148.82
1608133987	448316341	142.95	128.8	137.6	146.84
1608133987	458385780	141.02	127.06	135.74	144.85
1608133987	468263673	139.09	125.31	133.87	142.87
1608133987	478356884	137.15	123.57	132.01	140.88
1608133987	488435681	135.22	121.82	130.15	138.9
1608133987	498320290	133.29	120.08	128.29	136.91
1608133987	508388592	131.36	118.33	126.43	134.93
1608133987	518378946	129.42	116.59	124.56	132.94
1608133987	528476124	127.49	114.84	122.7	130.96
1608133987	538384910	125.56	113.1	120.84	128.98
1608133987	548323280	123.62	111.35	118.98	126.99
1608133987	558324495	121.69	109.61	117.12	125.01
1608133987	568245528	119.76	107.87	115.26	123.02
1608133987	578345592	117.82	106.12	113.39	121.04
1608133987	588430570	115.89	104.38	111.53	119.05
1608133987	598501109	113.96	102.63	109.67	117.07
1608133987	608264629	112.03	100.89	107.81	115.08
1608133987	618305823	110.09	99.15	105.95	113.1
1608133987	628241416	108.16	97.4	104.09	111.12
1608133987	638328214	106.23	95.66	102.23	109.13
1608133987	648426594	104.3	93.92	100.37	107.15
1608133987	658256460	102.36	92.18	98.51	105.16
1608133987	668362436	100.43	90.43	96.65	103.18
1608133987	678297517	98.5	88.69	94.79	101.19
1608133987	688475918	96.57	86.95	92.92	99.21
1608133987	698243033	94.63	85.21	91.06	97.22
1608133987	708308151	92.7	83.46	89.2	95.24
1608133987	718464091	90.77	81.72	87.34	93.26
1608133987	728209909	88.84	79.98	85.48	91.27
1608133987	738441844	86.91	78.24	83.62	89.29
1608133987	748470929	84.97	76.5	81.76	87.3
1608133987	758242831	83.04	74.75	79.9	85.32
1608133987	768347050	81.11	73.01	78.04	83.33
1608133987	778331844	79.18	71.27	76.18	81.35
1608133987	788434670	77.24	69.53	74.32	79.37
1608133987	798444420	75.31	67.79	72.46	77.38
1608133987	808357487	73.38	66.05	70.61	75.4
1608133987	818268428	71.45	64.31	68.75	73.41
1608133987	828252478	69.52	62.57	66.89	71.43
1608133987	838318905	67.59	60.83	65.03	69.44
1608133987	848362081	65.65	59.09	63.17	67.46
1608133987	858220467	63.72	57.35	61.31	65.48
1608133987	868362137	61.79	55.61	59.45	63.49
1608133987	878495271	59.86	53.87	57.59	61.51
1608133987	888513590	57.93	52.13	55.73	59.52
1608133987	898462940	56	50.39	53.87	57.54
1608133987	908291205	54.06	48.65	52.01	55.56
1608133987	918338463	52.13	46.91	50.16	53.57
1608133987	928433023	50.2	45.17	48.3	51.59
1608133987	938475906	48.27	43.43	46.44	49.6
1608133987	948540093	46.34	41.69	44.58	47.62
1608133987	958229170	44.41	39.95	42.72	45.64
1608133987	968466451	42.48	38.21	40.86	43.65
1608133987	978377487	40.54	36.47	39.01	41.67
1608133987	988471685	38.61	34.74	37.15	39.68
1608133987	998308717	36.68	33	35.29	37.7
1608133988	8335953	34.75	31.26	33.43	35.71
1608133988	18331014	32.82	29.52	31.57	33.73
1608133988	28385542	30.89	27.78	29.72	31.75
1608133988	38356404	28.96	26.05	27.86	29.76
1608133988	48384565	27.03	24.31	26	27.78
1608133988	58176559	25.1	22.57	24.14	25.79
1608133988	68448828	23.16	20.83	22.28	23.81
1608133988	78437900	21.23	19.1	20.43	21.83
1608133988	88442925	19.3	17.36	18.57	19.84
1608133988	98270620	17.37	15.62	16.71	17.86
1608133988	108240573	15.44	13.89	14.86	15.88
1608133988	118352924	13.51	12.15	13	13.89
1608133988	128318831	11.58	10.41	11.14	11.91
1608133988	138332655	9.65	8.68	9.28	9.92
1608133988	148399961	7.72	6.94	7.43	7.94
1608133988	158346501	5.79	5.21	5.57	5.96
1608133988	168335947	3.86	3.47	3.71	3.97
1608133988	178307719	1.93	1.73	1.86	1.99
1608133988	188386789	0	0	0	0
1608133988	198362471	0	0	0	0
1608133988	208328204	0	0	0	0
1608133988	218420628	0	0	0	0
1608133988	228399138	0	0	0	0
1608133988	238428443	0	0	0	0
1608133988	248410942	0	0	0	0
1608133988	258244253	0	0	0	0
1608133988	268399449	0	0	0	0
1608133988	278416954	0	0	0	0
1608133988	288485791	0	0	0	0
1608133988	298386752	0	0	0	0
1608133988	308291705	0	0	0	0
1608133988	318400529	0	0	0	0
1608133988	328298029	0	0	0	0
1608133988	338315244	0	0	0	0
1608133988	348164437	0	0	0	0
1608133988	358364794	0	0	0	0
1608133988	368345820	0	0	0	0
1608133988	378353545	0	0	0	0
1608133988	388353827	0	0	0	0
1608133988	398440644	0	0	0	0
1608133988	408380344	0	0	0	0
1608133988	418455399	0	0	0	0
1608133988	428365475	0	0	0	0
1608133988	438310994	0	0	0	0
1608133988	448284387	0	0	0	0
1608133988	458482214	0	0	0	0
1608133988	468243212	0	0	0	0
1608133988	478403662	0	0	0	0
1608133988	488304109	0	0	0	0
1608133988	498357843	0	0	0	0
1608133988	508386936	0	0	0	0
1608133988	518370698	0	0	0	0
1608133988	528369118	0	0	0	0
1608133988	538403767	0	0	0	0
1608133988	548230698	0	0	0	0
1608133988	558543442	0	0	0	0
1608133988	568436805	0	0	0	0
1608133988	578450206	0	0	0	0
1608133988	588333434	0	0	0	0
1608133988	598342007	0	0	0	0
1608133988	608393878	0	0	0	0
1608133988	618413694	0	0	0	0
1608133988	628376717	0	0	0	0
1608133988	638445551	0	0	0	0
1608133988	648363794	0	0	0	0
1608133988	658400653	0	0	0	0
1608133988	668416533	0	0	0	0
1608133988	678473613	0	0	0	0
1608133988	688226699	0	0	0	0
1608133988	698430800	0	0	0	0
1608133988	708349543	0	0	0	0
1608133988	718367663	0	0	0	0
1608133988	728365494	0	0	0	0
1608133988	738422503	0	0	0	0
1608133988	748320571	0	0	0	0
1608133988	758326547	0	0	0	0
1608133988	768355517	0	0	0	0
1608133988	778318682	0	0	0	0
1608133988	788356301	0	0	0	0
1608133988	798348157	0	0	0	0
1608133988	808371302	0	0	0	0
1608133988	818338250	0	0	0	0
1608133988	828207322	0	0	0	0
1608133988	838351189	0	0	0	0
1608133988	848331973	0	0	0	0
1608133988	858389630	0	0	0	0
1608133988	868387166	0	0	0	0
1608133988	878381458	0	0	0	0
1608133988	888358217	0	0	0	0
1608133988	898436648	0	0	0	0
1608133988	908325312	0	0	0	0
1608133988	918302337	0	0	0	0
1608133988	928311184	0	0	0	0
1608133988	938333411	0	0	0	0
1608133988	948303135	0	0	0	0
1608133988	958279260	0	0	0	0
1608133988	968319182	0	0	0	0
1608133988	978350686	0	0	0	0
1608133988	988473333	0	0	0	0
1608133988	998437049	0	0	0	0
1608133989	8356727	0	0	0	0
1608133989	18340867	0	0	0	0
1608133989	28384801	0	0	0	0
1608133989	38416061	0	0	0	0
1608133989	48303974	0	0	0	0
1608133989	58349218	0	0	0	0
1608133989	68456113	0	0	0	0
1608133989	78421745	0	0	0	0
1608133989	88341817	0	0	0	0
1608133989	98385699	0	0	0	0
1608133989	108345252	0	0	0	0
1608133989	118330412	0	0	0	0
1608133989	128375842	0	0	0	0
1608133989	138318140	0	0	0	0
1608133989	148346120	0	0	0	0
1608133989	158272450	0	0	0	0
1608133989	168545455	0	0	0	0
1608133989	178437284	0	0	0	0
1608133989	188444685	0	0	0	0
