time_sec	time_nanosec	control_action_0	control_action_1	control_action_2	control_action_3
1608131113	737140319	142.95	128.8	137.6	146.84
1608131113	747140303	144.89	130.55	139.46	148.82
1608131113	757442221	146.82	132.29	141.32	150.8
1608131113	767362300	148.75	134.04	143.19	152.79
1608131113	777496989	150.69	135.79	145.05	154.77
1608131113	787257480	152.62	137.53	146.91	156.76
1608131113	797305188	154.55	139.28	148.77	158.74
1608131113	807339053	156.49	141.03	150.64	160.73
1608131113	817283916	158.42	142.77	152.5	162.71
1608131113	827276666	160.36	144.52	154.36	164.7
1608131113	837255832	162.29	146.27	156.22	166.68
1608131113	847336330	164.22	148.01	158.09	168.67
1608131113	857314246	166.16	149.76	159.95	170.65
1608131113	867274605	168.09	151.51	161.81	172.64
1608131113	877373468	170.02	153.25	163.68	174.62
1608131113	887237614	171.96	155	165.54	176.61
1608131113	897356114	173.89	156.75	167.4	178.59
1608131113	907204974	175.83	158.5	169.27	180.57
1608131113	917326604	177.76	160.25	171.13	182.56
1608131113	927320336	179.69	161.99	173	184.54
1608131113	947270979	183.56	165.49	176.72	188.51
1608131113	957379441	185.5	167.24	178.59	190.5
1608131113	967300057	187.43	168.99	180.45	192.48
1608131113	977272339	189.36	170.74	182.31	194.47
1608131113	987297499	191.3	172.48	184.18	196.45
1608131113	997351697	193.23	174.23	186.04	198.44
1608131114	7252997	195.17	175.98	187.91	200.42
1608131114	17359683	197.1	177.73	189.77	202.41
1608131114	27288110	199.04	179.48	191.64	204.39
1608131114	37346446	200.97	181.23	193.5	206.38
1608131114	47229183	202.9	182.98	195.37	208.36
1608131114	57294648	204.84	184.73	197.23	210.35
1608131114	67352650	206.77	186.48	199.09	212.33
1608131114	77349532	208.71	188.23	200.96	214.32
1608131114	87277499	210.64	189.98	202.82	216.3
1608131114	97314791	212.58	191.73	204.69	218.29
1608131114	107373344	214.51	193.48	206.55	220.27
1608131114	117259072	216.45	195.23	208.42	222.26
1608131114	127362019	218.38	196.98	210.28	224.24
1608131114	137270871	220.32	198.73	212.15	226.23
1608131114	147197784	222.25	200.48	214.02	228.21
1608131114	157339242	224.19	202.23	215.88	230.2
1608131114	167330924	226.12	203.98	217.75	232.18
1608131114	177309266	228.05	205.74	219.61	234.17
1608131114	187220266	229.99	207.49	221.48	236.15
1608131114	197312083	231.92	209.24	223.34	238.14
1608131114	207321190	233.86	210.99	225.21	240.12
1608131114	227328156	237.73	214.49	228.94	244.09
1608131114	237250674	239.66	216.25	230.81	246.08
1608131114	247226079	241.6	218	232.67	248.06
1608131114	257300580	243.54	219.75	234.54	250.05
1608131114	267326571	245.47	221.5	236.4	252.03
1608131114	277201952	247.41	223.26	238.27	254.02
1608131114	287242871	249.34	225.01	240.14	256
1608131114	297330360	251.28	226.76	242	257.99
1608131114	307190182	253.21	228.51	243.87	259.97
1608131114	317295152	255.15	230.27	245.74	261.96
1608131114	327228252	257.08	232.02	247.6	263.94
1608131114	337353775	259.02	233.77	249.47	265.93
1608131114	347164795	260.95	235.53	251.34	267.91
1608131114	357349720	262.89	237.28	253.2	269.9
1608131114	367273338	264.82	239.03	255.07	271.88
1608131114	377436754	266.76	240.79	256.94	273.87
1608131114	387349134	268.7	242.54	258.81	275.85
1608131114	397318285	270.63	244.3	260.67	277.84
1608131114	407250861	272.57	246.05	262.54	279.82
1608131114	417351474	274.5	247.8	264.41	281.81
1608131114	427319186	276.44	249.56	266.27	283.79
1608131114	437206147	278.37	251.31	268.14	285.78
1608131114	447222901	280.31	253.07	270.01	287.76
1608131114	457378822	282.25	254.82	271.88	289.75
1608131114	467321563	284.18	256.58	273.74	291.73
1608131114	477229903	286.12	258.33	275.61	293.72
1608131114	487384452	288.05	260.09	277.48	295.7
1608131114	497221980	289.99	261.84	279.35	297.69
1608131114	507287859	291.93	263.6	281.22	299.68
1608131114	517353960	293.86	265.35	283.08	301.66
1608131114	527292953	295.8	267.11	284.95	303.65
1608131114	537301442	297.74	268.87	286.82	305.63
1608131114	547443164	299.67	270.62	288.69	307.62
1608131114	557302078	301.61	272.38	290.56	309.6
1608131114	567311016	303.54	274.13	292.42	311.59
1608131114	577457167	305.48	275.89	294.29	313.57
1608131114	587438079	307.42	277.65	296.16	315.56
1608131114	597300825	309.35	279.4	298.03	317.54
1608131114	607278921	311.29	281.16	299.9	319.53
1608131114	617298525	313.23	282.92	301.77	321.51
1608131114	627440275	315.16	284.67	303.64	323.5
1608131114	637219746	317.1	286.43	305.51	325.48
1608131114	647305149	319.04	288.19	307.37	327.47
1608131114	657292109	320.97	289.95	309.24	329.46
1608131114	667358502	322.91	291.7	311.11	331.44
1608131114	677374649	324.85	293.46	312.98	333.43
1608131114	687358908	326.78	295.22	314.85	335.41
1608131114	697256011	328.72	296.98	316.72	337.4
1608131114	707263076	330.66	298.73	318.59	339.38
1608131114	717291621	332.59	300.49	320.46	341.37
1608131114	727266042	334.53	302.25	322.33	343.35
1608131114	737264605	336.47	304.01	324.2	345.34
1608131114	747289226	338.4	305.77	326.07	347.32
1608131114	757366292	340.34	307.52	327.94	349.31
1608131114	767272204	342.28	309.28	329.81	351.3
1608131114	777306028	344.21	311.04	331.68	353.28
1608131114	787265861	346.15	312.8	333.55	355.27
1608131114	797264506	348.09	314.56	335.42	357.25
1608131114	807284829	350.03	316.32	337.29	359.24
1608131114	817263870	351.96	318.08	339.16	361.22
1608131114	827289321	353.9	319.84	341.03	363.21
1608131114	837237870	355.84	321.6	342.9	365.19
1608131114	847325809	357.77	323.36	344.77	367.18
1608131114	857309579	359.71	325.12	346.64	369.16
1608131114	867274828	361.65	326.88	348.51	371.15
1608131114	877544217	363.59	328.64	350.38	373.14
1608131114	887272065	365.52	330.4	352.25	375.12
1608131114	897326870	367.46	332.16	354.12	377.11
1608131114	907286292	367.46	332.16	354.12	377.11
1608131114	917263648	367.46	332.16	354.12	377.11
1608131114	927272225	367.46	332.16	354.12	377.11
1608131114	937271074	367.46	332.16	354.12	377.11
1608131114	947273544	367.46	332.16	354.12	377.11
1608131114	957420824	367.46	332.16	354.12	377.11
1608131114	977352801	367.46	332.16	354.12	377.11
1608131114	987268624	367.46	332.16	354.12	377.11
1608131114	997355552	367.46	332.16	354.12	377.11
1608131115	7284250	367.46	332.16	354.12	377.11
1608131115	17341303	367.46	332.16	354.12	377.11
1608131115	27288554	367.46	332.16	354.12	377.11
1608131115	37224193	367.46	332.16	354.12	377.11
1608131115	47318453	367.46	332.16	354.12	377.11
1608131115	57298508	367.46	332.16	354.12	377.11
1608131115	67363260	367.46	332.16	354.12	377.11
1608131115	77368264	367.46	332.16	354.12	377.11
1608131115	87349919	367.46	332.16	354.12	377.11
1608131115	97387919	367.46	332.16	354.12	377.11
1608131115	107342032	367.46	332.16	354.12	377.11
1608131115	117327898	367.46	332.16	354.12	377.11
1608131115	127240463	367.46	332.16	354.12	377.11
1608131115	137214468	367.46	332.16	354.12	377.11
1608131115	147246808	367.46	332.16	354.12	377.11
1608131115	157286740	367.46	332.16	354.12	377.11
1608131115	167372333	367.46	332.16	354.12	377.11
1608131115	177391226	367.46	332.16	354.12	377.11
1608131115	187390348	367.46	332.16	354.12	377.11
1608131115	197383331	367.46	332.16	354.12	377.11
1608131115	207390707	367.46	332.16	354.12	377.11
1608131115	217394451	367.46	332.16	354.12	377.11
1608131115	227213197	367.46	332.16	354.12	377.11
1608131115	237343538	367.46	332.16	354.12	377.11
1608131115	247263232	367.46	332.16	354.12	377.11
1608131115	257302202	367.46	332.16	354.12	377.11
1608131115	267361294	367.46	332.16	354.12	377.11
1608131115	277396759	367.46	332.16	354.12	377.11
1608131115	287367376	367.46	332.16	354.12	377.11
1608131115	297352471	367.46	332.16	354.12	377.11
1608131115	307318999	367.46	332.16	354.12	377.11
1608131115	317392929	367.46	332.16	354.12	377.11
1608131115	327232661	367.46	332.16	354.12	377.11
1608131115	337287403	367.46	332.16	354.12	377.11
1608131115	347320639	367.46	332.16	354.12	377.11
1608131115	357341796	367.46	332.16	354.12	377.11
1608131115	367308846	367.46	332.16	354.12	377.11
1608131115	377304292	367.46	332.16	354.12	377.11
1608131115	387324855	367.46	332.16	354.12	377.11
1608131115	397273447	367.46	332.16	354.12	377.11
1608131115	407334192	367.46	332.16	354.12	377.11
1608131115	417271744	367.46	332.16	354.12	377.11
1608131115	427319071	367.46	332.16	354.12	377.11
1608131115	437333907	367.46	332.16	354.12	377.11
1608131115	447357471	367.46	332.16	354.12	377.11
1608131115	457351603	367.46	332.16	354.12	377.11
1608131115	467292767	367.46	332.16	354.12	377.11
1608131115	477344157	367.46	332.16	354.12	377.11
1608131115	487317970	367.46	332.16	354.12	377.11
1608131115	497327166	367.46	332.16	354.12	377.11
1608131115	507276008	367.46	332.16	354.12	377.11
1608131115	517333332	367.46	332.16	354.12	377.11
1608131115	527241415	367.46	332.16	354.12	377.11
1608131115	537205768	367.46	332.16	354.12	377.11
1608131115	547310065	367.46	332.16	354.12	377.11
1608131115	557301640	367.46	332.16	354.12	377.11
1608131115	567284259	367.46	332.16	354.12	377.11
1608131115	577371795	367.46	332.16	354.12	377.11
1608131115	587354599	367.46	332.16	354.12	377.11
1608131115	597341827	367.46	332.16	354.12	377.11
1608131115	607381456	367.46	332.16	354.12	377.11
1608131115	617376993	367.46	332.16	354.12	377.11
1608131115	627254187	367.46	332.16	354.12	377.11
1608131115	637314728	367.46	332.16	354.12	377.11
1608131115	647405067	367.46	332.16	354.12	377.11
1608131115	657253808	367.46	332.16	354.12	377.11
1608131115	667278984	367.46	332.16	354.12	377.11
1608131115	677280446	367.46	332.16	354.12	377.11
1608131115	687337216	367.46	332.16	354.12	377.11
1608131115	697327301	367.46	332.16	354.12	377.11
1608131115	707314667	367.46	332.16	354.12	377.11
1608131115	717323893	367.46	332.16	354.12	377.11
1608131115	727386504	367.46	332.16	354.12	377.11
1608131115	737309387	367.46	332.16	354.12	377.11
1608131115	747317479	367.46	332.16	354.12	377.11
1608131115	757314777	367.46	332.16	354.12	377.11
1608131115	767292037	367.46	332.16	354.12	377.11
1608131115	777280066	367.46	332.16	354.12	377.11
1608131115	787312807	367.46	332.16	354.12	377.11
1608131115	797291878	367.46	332.16	354.12	377.11
1608131115	807248215	367.46	332.16	354.12	377.11
1608131115	817261046	367.46	332.16	354.12	377.11
1608131115	827332597	367.46	332.16	354.12	377.11
1608131115	837273223	367.46	332.16	354.12	377.11
1608131115	847413505	367.46	332.16	354.12	377.11
1608131115	857391558	367.46	332.16	354.12	377.11
1608131115	867300130	367.46	332.16	354.12	377.11
1608131115	877283229	367.46	332.16	354.12	377.11
1608131115	887436283	367.46	332.16	354.12	377.11
1608131115	897319656	367.46	332.16	354.12	377.11
1608131115	907281296	369.4	333.92	355.99	379.09
1608131115	917235400	371.34	335.68	357.86	381.08
1608131115	927275007	373.27	337.44	359.73	383.06
1608131115	937283883	375.21	339.2	361.6	385.05
1608131115	947302926	377.15	340.96	363.48	387.04
1608131115	957471924	379.09	342.72	365.35	389.02
1608131115	967325193	381.02	344.48	367.22	391.01
1608131115	977267221	382.96	346.24	369.09	392.99
1608131115	987281126	384.9	348	370.96	394.98
1608131115	997285742	386.84	349.77	372.83	396.96
1608131116	7372362	388.78	351.53	374.7	398.95
1608131116	17248098	390.71	353.29	376.57	400.94
1608131116	27394630	392.65	355.05	378.45	402.92
1608131116	37377744	394.59	356.81	380.32	404.91
1608131116	47327558	396.53	358.58	382.19	406.89
1608131116	57345334	398.47	360.34	384.06	408.88
1608131116	67335744	400.4	362.1	385.93	410.86
1608131116	77373105	402.34	363.86	387.81	412.85
1608131116	87251425	404.28	365.62	389.68	414.84
1608131116	97336213	406.22	367.39	391.55	416.82
1608131116	107297011	408.16	369.15	393.42	418.81
1608131116	117315694	410.09	370.91	395.29	420.79
1608131116	127458584	412.03	372.68	397.17	422.78
1608131116	137303886	413.97	374.44	399.04	424.76
1608131116	147395560	415.91	376.2	400.91	426.75
1608131116	157375910	417.85	377.97	402.78	428.74
1608131116	167299698	419.79	379.73	404.66	430.72
1608131116	177337749	421.72	381.49	406.53	432.71
1608131116	187374287	423.66	383.26	408.4	434.69
1608131116	197258170	425.6	385.02	410.27	436.68
1608131116	207234509	427.54	386.78	412.15	438.67
1608131116	217339842	429.48	388.55	414.02	440.65
1608131116	227291427	431.42	390.31	415.89	442.64
1608131116	237338702	433.36	392.08	417.77	444.62
1608131116	247271425	435.29	393.84	419.64	446.61
1608131116	257258433	437.23	395.61	421.51	448.59
1608131116	267324189	439.17	397.37	423.39	450.58
1608131116	277388631	441.11	399.14	425.26	452.57
1608131116	287283788	443.05	400.9	427.13	454.55
1608131116	297337774	444.99	402.67	429.01	456.54
1608131116	307244753	446.93	404.43	430.88	458.52
1608131116	317288797	448.87	406.2	432.75	460.51
1608131116	327339880	450.8	407.96	434.63	462.5
1608131116	337345952	452.74	409.73	436.5	464.48
1608131116	347385972	454.68	411.49	438.37	466.47
1608131116	357285913	456.62	413.26	440.25	468.45
1608131116	367294290	458.56	415.02	442.12	470.44
1608131116	377284177	460.5	416.79	444	472.43
1608131116	387309096	462.44	418.56	445.87	474.41
1608131116	397314497	464.38	420.32	447.74	476.4
1608131116	407248804	466.32	422.09	449.62	478.38
1608131116	417294087	468.26	423.86	451.49	480.37
1608131116	427328819	470.2	425.62	453.37	482.36
1608131116	437312075	472.13	427.39	455.24	484.34
1608131116	447303533	474.07	429.16	457.11	486.33
1608131116	457309039	476.01	430.92	458.99	488.31
1608131116	467313209	477.95	432.69	460.86	490.3
1608131116	477286854	479.89	434.46	462.74	492.29
1608131116	487253838	481.83	436.22	464.61	494.27
1608131116	497296381	483.77	437.99	466.49	496.26
1608131116	507248077	485.71	439.76	468.36	498.25
1608131116	517341839	487.65	441.53	470.24	500.23
1608131116	527380864	489.59	443.29	472.11	502.22
1608131116	537348351	491.53	445.06	473.99	504.2
1608131116	547351394	493.47	446.83	475.86	506.19
1608131116	557321996	495.41	448.6	477.74	508.18
1608131116	567316100	497.35	450.37	479.61	510.16
1608131116	577318390	499.29	452.13	481.49	512.15
1608131116	587327672	501.23	453.9	483.36	514.13
1608131116	597247967	503.17	455.67	485.24	516.12
1608131116	607281471	505.11	457.44	487.12	518.11
1608131116	617366678	507.05	459.21	488.99	520.09
1608131116	627363704	508.99	460.98	490.87	522.08
1608131116	637373356	510.93	462.75	492.74	524.07
1608131116	647346174	512.87	464.52	494.62	526.05
1608131116	657171530	514.81	466.28	496.49	528.04
1608131116	667244667	516.75	468.05	498.37	530.02
1608131116	677195332	518.69	469.82	500.25	532.01
1608131116	687253774	520.63	471.59	502.12	534
1608131116	697242700	522.57	473.36	504	535.98
1608131116	707411407	524.51	475.13	505.87	537.97
1608131116	717364582	526.45	476.9	507.75	539.96
1608131116	737361390	530.33	480.44	511.5	543.93
1608131116	747371498	532.27	482.21	513.38	545.91
1608131116	757384657	534.21	483.98	515.26	547.9
1608131116	767288793	536.15	485.75	517.13	549.89
1608131116	777380919	538.09	487.52	519.01	551.87
1608131116	787315823	540.03	489.3	520.89	553.86
1608131116	797373503	541.97	491.07	522.76	555.85
1608131116	807255854	543.91	492.84	524.64	557.83
1608131116	817357997	545.85	494.61	526.52	559.82
1608131116	827428256	547.79	496.38	528.39	561.8
1608131116	837334388	549.73	498.15	530.27	563.79
1608131116	847402560	551.67	499.92	532.15	565.78
1608131116	857382545	553.61	501.69	534.02	567.76
1608131116	867395303	555.55	503.47	535.9	569.75
1608131116	877391578	557.49	505.24	537.78	571.74
1608131116	887388995	559.44	507.01	539.66	573.72
1608131116	897264706	561.38	508.78	541.53	575.71
1608131116	907249680	563.32	510.55	543.41	577.7
1608131116	917329287	565.26	512.33	545.29	579.68
1608131116	927378781	567.2	514.1	547.17	581.67
1608131116	937313672	569.14	515.87	549.04	583.66
1608131116	947319662	571.08	517.64	550.92	585.64
1608131116	957352068	573.02	519.42	552.8	587.63
1608131116	967309429	574.96	521.19	554.68	589.61
1608131116	977347763	576.9	522.96	556.55	591.6
1608131116	987262980	578.84	524.73	558.43	593.59
1608131116	997293278	580.79	526.51	560.31	595.57
1608131117	7257344	582.73	528.28	562.19	597.56
1608131117	17351973	584.67	530.05	564.07	599.55
1608131117	27372741	586.61	531.83	565.95	601.53
1608131117	47287309	590.49	535.37	569.7	605.51
1608131117	57325916	592.43	537.15	571.58	607.49
1608131117	67280910	594.37	538.92	573.46	609.48
1608131117	77317652	596.32	540.7	575.34	611.47
1608131117	87325643	598.26	542.47	577.22	613.45
1608131117	97408796	600.2	544.24	579.09	615.44
1608131117	107404920	602.14	546.02	580.97	617.43
1608131117	117251186	604.08	547.79	582.85	619.41
1608131117	127296528	606.02	549.57	584.73	621.4
1608131117	137298099	607.96	551.34	586.61	623.39
1608131117	147286867	609.91	553.12	588.49	625.37
1608131117	157339093	611.85	554.89	590.37	627.36
1608131117	167460750	613.79	556.67	592.25	629.35
1608131117	177339811	615.73	558.44	594.13	631.33
1608131117	187344819	617.67	560.22	596.01	633.32
1608131117	197336022	619.61	561.99	597.88	635.31
1608131117	207424669	621.56	563.77	599.76	637.29
1608131117	217330724	623.5	565.54	601.64	639.28
1608131117	227316079	625.44	567.32	603.52	641.27
1608131117	237344708	627.38	569.1	605.4	643.25
1608131117	247310155	629.32	570.87	607.28	645.24
1608131117	257339561	631.26	572.65	609.16	647.23
1608131117	267319696	633.21	574.42	611.04	649.21
1608131117	277357418	635.15	576.2	612.92	651.2
1608131117	287292391	637.09	577.98	614.8	653.19
1608131117	297318339	639.03	579.75	616.68	655.17
1608131117	307308527	640.97	581.53	618.56	657.16
1608131117	317420544	642.92	583.31	620.44	659.15
1608131117	327503402	644.86	585.08	622.32	661.13
1608131117	337340347	646.8	586.86	624.2	663.12
1608131117	347312848	648.74	588.64	626.08	665.11
1608131117	357259806	650.68	590.41	627.96	667.09
1608131117	367263005	652.63	592.19	629.84	669.08
1608131117	377238424	654.57	593.97	631.72	671.07
1608131117	387319226	656.51	595.75	633.6	673.05
1608131117	397380271	658.45	597.52	635.48	675.04
1608131117	407282393	658.45	597.52	635.48	675.04
1608131117	417384342	658.45	597.52	635.48	675.04
1608131117	427383582	658.45	597.52	635.48	675.04
1608131117	437383997	658.45	597.52	635.48	675.04
1608131117	447382731	658.45	597.52	635.48	675.04
1608131117	457374087	658.45	597.52	635.48	675.04
1608131117	467298038	658.45	597.52	635.48	675.04
1608131117	477347522	658.45	597.52	635.48	675.04
1608131117	487323467	658.45	597.52	635.48	675.04
1608131117	497276531	658.45	597.52	635.48	675.04
1608131117	507384064	658.45	597.52	635.48	675.04
1608131117	517421365	658.45	597.52	635.48	675.04
1608131117	527316417	658.45	597.52	635.48	675.04
1608131117	537346895	658.45	597.52	635.48	675.04
1608131117	547359808	658.45	597.52	635.48	675.04
1608131117	557492974	658.45	597.52	635.48	675.04
1608131117	567327918	658.45	597.52	635.48	675.04
1608131117	577312330	658.45	597.52	635.48	675.04
1608131117	587324495	658.45	597.52	635.48	675.04
1608131117	597259309	658.45	597.52	635.48	675.04
1608131117	607391814	658.45	597.52	635.48	675.04
1608131117	617319639	658.45	597.52	635.48	675.04
1608131117	627422846	658.45	597.52	635.48	675.04
1608131117	637332035	658.45	597.52	635.48	675.04
1608131117	647306492	658.45	597.52	635.48	675.04
1608131117	657302972	658.45	597.52	635.48	675.04
1608131117	667289220	658.45	597.52	635.48	675.04
1608131117	677218335	658.45	597.52	635.48	675.04
1608131117	687305697	658.45	597.52	635.48	675.04
1608131117	697266716	658.45	597.52	635.48	675.04
1608131117	707390018	658.45	597.52	635.48	675.04
1608131117	747308151	658.45	597.52	635.48	675.04
1608131117	757351433	658.45	597.52	635.48	675.04
1608131117	767329632	658.45	597.52	635.48	675.04
1608131117	777326631	658.45	597.52	635.48	675.04
1608131117	787304510	658.45	597.52	635.48	675.04
1608131117	797304012	658.45	597.52	635.48	675.04
1608131117	807306061	658.45	597.52	635.48	675.04
1608131117	817386098	658.45	597.52	635.48	675.04
1608131117	827268826	658.45	597.52	635.48	675.04
1608131117	837410843	658.45	597.52	635.48	675.04
1608131117	847366233	658.45	597.52	635.48	675.04
1608131117	877332067	658.45	597.52	635.48	675.04
1608131117	887402856	658.45	597.52	635.48	675.04
1608131117	897347003	658.45	597.52	635.48	675.04
1608131117	907273924	658.45	597.52	635.48	675.04
1608131117	917374185	658.45	597.52	635.48	675.04
1608131117	927420748	658.45	597.52	635.48	675.04
1608131117	937273156	658.45	597.52	635.48	675.04
1608131117	947347063	658.45	597.52	635.48	675.04
1608131117	957356036	658.45	597.52	635.48	675.04
1608131117	967388764	658.45	597.52	635.48	675.04
1608131117	987300594	658.45	597.52	635.48	675.04
1608131117	997224578	658.45	597.52	635.48	675.04
1608131118	7392146	658.45	597.52	635.48	675.04
1608131118	17380526	658.45	597.52	635.48	675.04
1608131118	27380703	658.45	597.52	635.48	675.04
1608131118	37321551	658.45	597.52	635.48	675.04
1608131118	47268775	658.45	597.52	635.48	675.04
1608131118	57457272	658.45	597.52	635.48	675.04
1608131118	77400623	658.45	597.52	635.48	675.04
1608131118	87267278	658.45	597.52	635.48	675.04
1608131118	97364896	658.45	597.52	635.48	675.04
1608131118	107329101	658.45	597.52	635.48	675.04
1608131118	117302681	658.45	597.52	635.48	675.04
1608131118	127357312	658.45	597.52	635.48	675.04
1608131118	137402699	658.45	597.52	635.48	675.04
1608131118	147346556	658.45	597.52	635.48	675.04
1608131118	157254483	658.45	597.52	635.48	675.04
1608131118	167285014	658.45	597.52	635.48	675.04
1608131118	177326423	658.45	597.52	635.48	675.04
1608131118	187399500	658.45	597.52	635.48	675.04
1608131118	197280712	658.45	597.52	635.48	675.04
1608131118	207396265	658.45	597.52	635.48	675.04
1608131118	217359108	658.45	597.52	635.48	675.04
1608131118	227359980	658.45	597.52	635.48	675.04
1608131118	237403547	658.45	597.52	635.48	675.04
1608131118	247407650	658.45	597.52	635.48	675.04
1608131118	257259625	658.45	597.52	635.48	675.04
1608131118	267305716	658.45	597.52	635.48	675.04
1608131118	277359844	658.45	597.52	635.48	675.04
1608131118	287329261	658.45	597.52	635.48	675.04
1608131118	297379464	658.45	597.52	635.48	675.04
1608131118	307379921	658.45	597.52	635.48	675.04
1608131118	317305923	658.45	597.52	635.48	675.04
1608131118	327307023	658.45	597.52	635.48	675.04
1608131118	337381386	658.45	597.52	635.48	675.04
1608131118	347246628	658.45	597.52	635.48	675.04
1608131118	357410561	658.45	597.52	635.48	675.04
1608131118	367396302	658.45	597.52	635.48	675.04
1608131118	377422013	658.45	597.52	635.48	675.04
1608131118	387388607	658.45	597.52	635.48	675.04
1608131118	397426357	658.45	597.52	635.48	675.04
1608131118	407363262	660.4	599.3	637.36	677.03
1608131118	427397162	664.28	602.86	641.13	681
1608131118	437295076	666.22	604.63	643.01	682.99
1608131118	447430044	668.17	606.41	644.89	684.97
1608131118	457275080	670.11	608.19	646.77	686.96
1608131118	467404392	672.05	609.97	648.65	688.95
1608131118	477346825	673.99	611.75	650.53	690.93
1608131118	487390479	675.94	613.53	652.41	692.92
1608131118	497424269	677.88	615.3	654.29	694.91
1608131118	507398333	679.82	617.08	656.17	696.9
1608131118	517377014	681.76	618.86	658.06	698.88
1608131118	527352515	683.71	620.64	659.94	700.87
1608131118	537377093	685.65	622.42	661.82	702.86
1608131118	547485596	687.59	624.2	663.7	704.84
1608131118	557264943	689.54	625.98	665.58	706.83
1608131118	567403595	691.48	627.76	667.46	708.82
1608131118	577434272	693.42	629.54	669.34	710.8
1608131118	587411145	695.36	631.32	671.23	712.79
1608131118	597401710	697.31	633.1	673.11	714.78
1608131118	607408781	699.25	634.88	674.99	716.76
1608131118	617407285	701.19	636.66	676.87	718.75
1608131118	627412100	703.14	638.44	678.75	720.74
1608131118	637397978	705.08	640.22	680.64	722.73
1608131118	647408627	707.02	642	682.52	724.71
1608131118	657269922	708.96	643.78	684.4	726.7
1608131118	667361091	710.91	645.56	686.28	728.69
1608131118	677428891	712.85	647.34	688.16	730.67
1608131118	687381677	714.79	649.12	690.05	732.66
1608131118	697391044	716.74	650.9	691.93	734.65
1608131118	707384557	718.68	652.68	693.81	736.63
1608131118	717385446	720.62	654.46	695.69	738.62
1608131118	727415171	722.57	656.24	697.58	740.61
1608131118	737370279	724.51	658.02	699.46	742.6
1608131118	747424193	726.45	659.81	701.34	744.58
1608131118	757349693	728.4	661.59	703.22	746.57
1608131118	767388333	730.34	663.37	705.11	748.56
1608131118	777312127	732.28	665.15	706.99	750.54
1608131118	787419543	734.23	666.93	708.87	752.53
1608131118	797344633	736.17	668.71	710.76	754.52
1608131118	807338241	738.11	670.5	712.64	756.51
1608131118	817319371	740.06	672.28	714.52	758.49
1608131118	827312346	742	674.06	716.41	760.48
1608131118	837342166	743.95	675.84	718.29	762.47
1608131118	847285943	745.89	677.62	720.17	764.45
1608131118	857369319	747.83	679.41	722.06	766.44
1608131118	867305010	749.78	681.19	723.94	768.43
1608131118	877359335	751.72	682.97	725.82	770.42
1608131118	887310024	753.66	684.76	727.71	772.4
1608131118	897374881	755.61	686.54	729.59	774.39
1608131118	907371370	757.55	688.32	731.47	776.38
1608131118	917369575	759.5	690.1	733.36	778.36
1608131118	927350024	761.44	691.89	735.24	780.35
1608131118	937347494	763.38	693.67	737.12	782.34
1608131118	947283856	765.33	695.45	739.01	784.33
1608131118	957359885	767.27	697.24	740.89	786.31
1608131118	967354797	769.22	699.02	742.78	788.3
1608131118	977377123	771.16	700.81	744.66	790.29
1608131118	987331422	773.1	702.59	746.54	792.27
1608131118	997366981	775.05	704.37	748.43	794.26
1608131119	7288661	776.99	706.16	750.31	796.25
1608131119	17350417	778.94	707.94	752.2	798.24
1608131119	27294354	780.88	709.73	754.08	800.22
1608131119	37333472	782.82	711.51	755.97	802.21
1608131119	47300444	784.77	713.29	757.85	804.2
1608131119	57394650	786.71	715.08	759.73	806.19
1608131119	67393681	788.66	716.86	761.62	808.17
1608131119	77343172	790.6	718.65	763.5	810.16
1608131119	87148018	792.55	720.43	765.39	812.15
1608131119	97198168	794.49	722.22	767.27	814.13
1608131119	107448813	796.43	724	769.16	816.12
1608131119	117458323	798.38	725.79	771.04	818.11
1608131119	127380640	800.32	727.57	772.93	820.1
1608131119	137365346	802.27	729.36	774.81	822.08
1608131119	147322258	804.21	731.15	776.7	824.07
1608131119	157488734	806.16	732.93	778.58	826.06
1608131119	167306884	808.1	734.72	780.47	828.05
1608131119	177595868	810.05	736.5	782.35	830.03
1608131119	187336713	811.99	738.29	784.24	832.02
1608131119	197303529	813.94	740.07	786.12	834.01
1608131119	207389903	815.88	741.86	788.01	836
1608131119	217342485	817.83	743.65	789.9	837.98
1608131119	227209660	819.77	745.43	791.78	839.97
1608131119	237233357	821.71	747.22	793.67	841.96
1608131119	247369641	823.66	749.01	795.55	843.95
1608131119	257439152	825.6	750.79	797.44	845.93
1608131119	267420605	827.55	752.58	799.32	847.92
1608131119	277416078	829.49	754.37	801.21	849.91
1608131119	287359563	831.44	756.15	803.1	851.89
1608131119	297410300	833.38	757.94	804.98	853.88
1608131119	307371944	835.33	759.73	806.87	855.87
1608131119	317371093	837.27	761.52	808.75	857.86
1608131119	327493060	839.22	763.3	810.64	859.84
1608131119	337330792	841.16	765.09	812.53	861.83
1608131119	347333262	843.11	766.88	814.41	863.82
1608131119	357527651	845.05	768.67	816.3	865.81
1608131119	367435779	847	770.45	818.18	867.79
1608131119	377313155	848.95	772.24	820.07	869.78
1608131119	387390519	850.89	774.03	821.96	871.77
1608131119	397375673	852.84	775.82	823.84	873.76
1608131119	407374767	854.78	777.61	825.73	875.74
1608131119	417368942	856.73	779.39	827.62	877.73
1608131119	427352129	858.67	781.18	829.5	879.72
1608131119	437294138	860.62	782.97	831.39	881.71
1608131119	447421922	862.56	784.76	833.28	883.69
1608131119	457400652	864.51	786.55	835.16	885.68
1608131119	467253018	866.45	788.34	837.05	887.67
1608131119	477368421	868.4	790.13	838.94	889.66
1608131119	487384059	870.34	791.92	840.83	891.65
1608131119	497383209	872.29	793.7	842.71	893.63
1608131119	507381155	874.24	795.49	844.6	895.62
1608131119	517440050	876.18	797.28	846.49	897.61
1608131119	527265480	878.13	799.07	848.37	899.6
1608131119	537410240	880.07	800.86	850.26	901.58
1608131119	547404067	882.02	802.65	852.15	903.57
1608131119	557424612	883.96	804.44	854.04	905.56
1608131119	567382299	885.91	806.23	855.92	907.55
1608131119	577305915	887.86	808.02	857.81	909.53
1608131119	587393932	889.8	809.81	859.7	911.52
1608131119	597379589	891.75	811.6	861.59	913.51
1608131119	607421837	893.69	813.39	863.47	915.5
1608131119	617406525	895.64	815.18	865.36	917.48
1608131119	627303319	897.58	816.97	867.25	919.47
1608131119	637423680	899.53	818.76	869.14	921.46
1608131119	647379933	901.48	820.55	871.03	923.45
1608131119	657384511	903.42	822.34	872.91	925.43
1608131119	667362878	905.37	824.14	874.8	927.42
1608131119	677417122	907.31	825.93	876.69	929.41
1608131119	687376322	909.26	827.72	878.58	931.4
1608131119	697329357	911.21	829.51	880.47	933.39
1608131119	707335482	913.15	831.3	882.35	935.37
1608131119	717331711	915.1	833.09	884.24	937.36
1608131119	727352184	917.04	834.88	886.13	939.35
1608131119	737358082	918.99	836.67	888.02	941.34
1608131119	747379328	920.94	838.47	889.91	943.32
1608131119	757431600	922.88	840.26	891.8	945.31
1608131119	767452974	924.83	842.05	893.69	947.3
1608131119	777429815	926.78	843.84	895.57	949.29
1608131119	787415401	928.72	845.63	897.46	951.28
1608131119	797403832	930.67	847.43	899.35	953.26
1608131119	807329106	932.62	849.22	901.24	955.25
1608131119	817446144	934.56	851.01	903.13	957.24
1608131119	827408310	936.51	852.8	905.02	959.23
1608131119	837400667	938.45	854.6	906.91	961.21
1608131119	847428971	940.4	856.39	908.8	963.2
1608131119	857442144	942.35	858.18	910.69	965.19
1608131119	867345598	944.29	859.97	912.58	967.18
1608131119	877342329	946.24	861.77	914.46	969.17
1608131119	887452771	948.19	863.56	916.35	971.15
1608131119	897406706	950.13	865.35	918.24	973.14
1608131119	907338841	952.08	867.15	920.13	975.13
1608131119	917279884	954.03	868.94	922.02	977.12
1608131119	927302799	955.97	870.73	923.91	979.11
1608131119	937401701	957.92	872.53	925.8	981.09
1608131119	957436696	961.81	876.11	929.58	985.07
1608131119	967319001	963.76	877.91	931.47	987.06
1608131119	977224554	965.71	879.7	933.36	989.04
1608131119	987424025	967.65	881.5	935.25	991.03
1608131119	997330236	969.6	883.29	937.14	993.02
1608131120	7461898	971.55	885.08	939.03	995.01
1608131120	17405620	973.5	886.88	940.92	997
1608131120	27348423	975.44	888.67	942.81	998.98
1608131120	37375808	977.39	890.47	944.7	1000.97
1608131120	47361566	979.34	892.26	946.59	1002.96
1608131120	57397313	981.28	894.06	948.48	1004.95
1608131120	67401305	983.23	895.85	950.37	1006.94
1608131120	77398887	985.18	897.65	952.26	1008.92
1608131120	87383618	987.13	899.44	954.15	1010.91
1608131120	97365600	989.07	901.24	956.04	1012.9
1608131120	107338324	991.02	903.03	957.93	1014.89
1608131120	117326950	992.97	904.83	959.82	1016.88
1608131120	127317998	994.91	906.62	961.71	1018.86
1608131120	137438208	996.86	908.42	963.6	1020.85
1608131120	157451806	1000.76	912.01	967.39	1024.83
1608131120	167427289	1002.7	913.8	969.28	1026.82
1608131120	177343315	1004.65	915.6	971.17	1028.8
1608131120	187432297	1006.6	917.4	973.06	1030.79
1608131120	197407390	1008.55	919.19	974.95	1032.78
1608131120	217409950	1012.44	922.79	978.73	1036.76
1608131120	227471683	1014.39	924.58	980.62	1038.74
1608131120	237415393	1016.34	926.38	982.51	1040.73
1608131120	247476297	1018.28	928.17	984.4	1042.72
1608131120	257520663	1020.23	929.97	986.3	1044.71
1608131120	267405864	1022.18	931.77	988.19	1046.7
1608131120	277459008	1024.13	933.56	990.08	1048.68
1608131120	287397218	1026.07	935.36	991.97	1050.67
1608131120	297274024	1028.02	937.16	993.86	1052.66
1608131120	307332310	1029.97	938.96	995.75	1054.65
1608131120	317403899	1031.92	940.75	997.65	1056.64
1608131120	327413761	1033.86	942.55	999.54	1058.63
1608131120	337332407	1035.81	944.35	1001.43	1060.61
1608131120	347334125	1037.76	946.15	1003.32	1062.6
1608131120	357386623	1039.71	947.94	1005.21	1064.59
1608131120	367388848	1041.66	949.74	1007.1	1066.58
1608131120	377418879	1043.6	951.54	1009	1068.57
1608131120	387408416	1045.55	953.34	1010.89	1070.55
1608131120	397487076	1047.5	955.13	1012.78	1072.54
1608131120	407361990	1049.45	956.93	1014.67	1074.53
1608131120	417436047	1051.4	958.73	1016.56	1076.52
1608131120	427394692	1053.34	960.53	1018.46	1078.51
1608131120	437227012	1055.29	962.33	1020.35	1080.5
1608131120	447333620	1057.24	964.13	1022.24	1082.48
1608131120	457392453	1059.19	965.92	1024.13	1084.47
1608131120	467403909	1061.14	967.72	1026.03	1086.46
1608131120	477299455	1063.08	969.52	1027.92	1088.45
1608131120	487299913	1065.03	971.32	1029.81	1090.44
1608131120	497250721	1066.98	973.12	1031.7	1092.42
1608131120	507387712	1068.93	974.92	1033.6	1094.41
1608131120	517384807	1070.88	976.72	1035.49	1096.4
1608131120	527357490	1072.83	978.52	1037.38	1098.39
1608131120	537289652	1074.77	980.32	1039.27	1100.38
1608131120	547425441	1076.72	982.12	1041.17	1102.37
1608131120	557473794	1078.67	983.92	1043.06	1104.35
1608131120	567382598	1080.62	985.72	1044.95	1106.34
1608131120	577396745	1082.57	987.51	1046.85	1108.33
1608131120	587311596	1084.52	989.31	1048.74	1110.32
1608131120	597319244	1086.47	991.11	1050.63	1112.31
1608131120	607399697	1088.41	992.91	1052.53	1114.3
1608131120	617346402	1090.36	994.71	1054.42	1116.28
1608131120	627296268	1092.31	996.51	1056.31	1118.27
1608131120	637506853	1094.26	998.32	1058.21	1120.26
1608131120	647422282	1096.21	1000.12	1060.1	1122.25
1608131120	657360784	1098.16	1001.92	1061.99	1124.24
1608131120	667275884	1100.11	1003.72	1063.89	1126.23
1608131120	677386531	1102.05	1005.52	1065.78	1128.21
1608131120	687418899	1104	1007.32	1067.67	1130.2
1608131120	697438738	1105.95	1009.12	1069.57	1132.19
1608131120	707287634	1107.9	1010.92	1071.46	1134.18
1608131120	717354097	1109.85	1012.72	1073.35	1136.17
1608131120	727312226	1111.8	1014.52	1075.25	1138.16
1608131120	737544837	1113.75	1016.32	1077.14	1140.14
1608131120	747413057	1115.7	1018.12	1079.04	1142.13
1608131120	757405087	1117.64	1019.93	1080.93	1144.12
1608131120	767311336	1119.59	1021.73	1082.82	1146.11
1608131120	777387212	1121.54	1023.53	1084.72	1148.1
1608131120	787348357	1123.49	1025.33	1086.61	1150.09
1608131120	797368564	1125.44	1027.13	1088.51	1152.07
1608131120	807392031	1127.39	1028.93	1090.4	1154.06
1608131120	817345839	1129.34	1030.74	1092.29	1156.05
1608131120	827341693	1131.29	1032.54	1094.19	1158.04
1608131120	837311020	1133.24	1034.34	1096.08	1160.03
1608131120	847283074	1135.19	1036.14	1097.98	1162.02
1608131120	857439916	1137.13	1037.94	1099.87	1164.01
1608131120	867350842	1139.08	1039.75	1101.77	1165.99
1608131120	877393746	1141.03	1041.55	1103.66	1167.98
1608131120	887317110	1142.98	1043.35	1105.56	1169.97
1608131120	897274123	1144.93	1045.16	1107.45	1171.96
1608131120	907305339	1146.88	1046.96	1109.35	1173.95
1608131120	917333286	1148.83	1048.76	1111.24	1175.94
1608131120	927323222	1150.78	1050.56	1113.14	1177.92
1608131120	937350618	1152.73	1052.37	1115.03	1179.91
1608131120	947324932	1154.68	1054.17	1116.93	1181.9
1608131120	957362747	1156.63	1055.97	1118.82	1183.89
1608131120	967368594	1158.58	1057.78	1120.72	1185.88
1608131120	977319924	1160.53	1059.58	1122.61	1187.87
1608131120	987317294	1162.48	1061.38	1124.51	1189.86
1608131120	997392856	1164.43	1063.19	1126.4	1191.84
1608131121	7345410	1166.38	1064.99	1128.3	1193.83
1608131121	17312540	1168.32	1066.79	1130.19	1195.82
1608131121	27322663	1170.27	1068.6	1132.09	1197.81
1608131121	37313398	1172.22	1070.4	1133.98	1199.8
1608131121	47337941	1174.17	1072.21	1135.88	1201.79
1608131121	57362681	1176.12	1074.01	1137.77	1203.78
1608131121	67367203	1178.07	1075.81	1139.67	1205.76
1608131121	77403834	1180.02	1077.62	1141.56	1207.75
1608131121	87410102	1181.97	1079.42	1143.46	1209.74
1608131121	97440845	1183.92	1081.23	1145.36	1211.73
1608131121	107428388	1185.87	1083.03	1147.25	1213.72
1608131121	117302677	1187.82	1084.84	1149.15	1215.71
1608131121	127297666	1189.77	1086.64	1151.04	1217.7
1608131121	137391991	1191.72	1088.45	1152.94	1219.68
1608131121	147461165	1193.67	1090.25	1154.84	1221.67
1608131121	157434338	1195.62	1092.06	1156.73	1223.66
1608131121	167426041	1197.57	1093.86	1158.63	1225.65
1608131121	177407707	1199.52	1095.67	1160.52	1227.64
1608131121	187360582	1201.47	1097.47	1162.42	1229.63
1608131121	197438275	1203.42	1099.28	1164.32	1231.62
1608131121	207358594	1205.37	1101.08	1166.21	1233.61
1608131121	227449815	1209.27	1104.7	1170	1237.58
1608131121	237223589	1211.22	1106.5	1171.9	1239.57
1608131121	247300572	1213.17	1108.31	1173.8	1241.56
1608131121	257167511	1215.12	1110.11	1175.69	1243.55
1608131121	267370561	1217.07	1111.92	1177.59	1245.54
1608131121	277316027	1219.02	1113.73	1179.49	1247.53
1608131121	287448483	1220.97	1115.53	1181.38	1249.52
1608131121	297264034	1222.92	1117.34	1183.28	1251.5
1608131121	307429466	1224.87	1119.14	1185.18	1253.49
1608131121	317303820	1226.82	1120.95	1187.07	1255.48
1608131121	327425948	1228.77	1122.76	1188.97	1257.47
1608131121	337396121	1230.72	1124.56	1190.87	1259.46
1608131121	347467736	1232.67	1126.37	1192.77	1261.45
1608131121	357455398	1234.62	1128.18	1194.66	1263.44
1608131121	367421599	1236.58	1129.98	1196.56	1265.43
1608131121	387366586	1240.48	1133.6	1200.35	1269.4
1608131121	397360277	1242.43	1135.41	1202.25	1271.39
1608131121	407392600	1244.38	1137.21	1204.15	1273.38
1608131121	417324554	1246.33	1139.02	1206.05	1275.37
1608131121	427419040	1248.28	1140.83	1207.94	1277.36
1608131121	437456519	1250.23	1142.64	1209.84	1279.35
1608131121	447480231	1252.18	1144.44	1211.74	1281.34
1608131121	457466765	1254.13	1146.25	1213.64	1283.32
1608131121	467429490	1256.08	1148.06	1215.53	1285.31
1608131121	477416732	1258.03	1149.87	1217.43	1287.3
1608131121	497310856	1261.93	1153.48	1221.23	1291.28
1608131121	507346377	1263.88	1155.29	1223.12	1293.27
1608131121	517432525	1265.83	1157.1	1225.02	1295.26
1608131121	527285398	1267.79	1158.91	1226.92	1297.25
1608131121	537441226	1269.74	1160.72	1228.82	1299.24
1608131121	547492434	1271.69	1162.53	1230.72	1301.22
1608131121	557388753	1273.64	1164.33	1232.61	1303.21
1608131121	587384153	1279.49	1169.76	1238.31	1309.18
1608131121	607421070	1283.39	1173.38	1242.1	1313.16
1608131121	617321268	1285.34	1175.19	1244	1315.15
1608131121	627444182	1287.29	1177	1245.9	1317.14
1608131121	637439504	1289.25	1178.81	1247.8	1319.12
1608131121	647426085	1291.2	1180.62	1249.7	1321.11
1608131121	657400526	1293.15	1182.43	1251.6	1323.1
1608131121	667440852	1295.1	1184.24	1253.49	1325.09
1608131121	677374983	1297.05	1186.04	1255.39	1327.08
1608131121	687453819	1299	1187.85	1257.29	1329.07
1608131121	697478231	1300.95	1189.66	1259.19	1331.06
1608131121	707335147	1302.9	1191.47	1261.09	1333.05
1608131121	717288058	1304.86	1193.28	1262.99	1335.04
1608131121	727468480	1306.81	1195.09	1264.89	1337.02
1608131121	737437661	1308.76	1196.9	1266.79	1339.01
1608131121	747433748	1310.71	1198.72	1268.69	1341
1608131121	757321161	1312.66	1200.53	1270.58	1342.99
1608131121	767448838	1314.61	1202.34	1272.48	1344.98
1608131121	777505667	1316.56	1204.15	1274.38	1346.97
1608131121	787419598	1318.52	1205.96	1276.28	1348.96
1608131121	797400465	1320.47	1207.77	1278.18	1350.95
1608131121	807432455	1322.42	1209.58	1280.08	1352.94
1608131121	817410895	1324.37	1211.39	1281.98	1354.93
1608131121	827485772	1326.32	1213.2	1283.88	1356.91
1608131121	837397736	1328.27	1215.01	1285.78	1358.9
1608131121	847358747	1330.22	1216.82	1287.68	1360.89
1608131121	857467583	1332.18	1218.63	1289.58	1362.88
1608131121	867347821	1334.13	1220.45	1291.48	1364.87
1608131121	877453474	1336.08	1222.26	1293.38	1366.86
1608131121	887431426	1338.03	1224.07	1295.28	1368.85
1608131121	897394816	1339.98	1225.88	1297.18	1370.84
1608131121	917358602	1343.89	1229.5	1300.97	1374.82
1608131121	927482715	1345.84	1231.32	1302.87	1376.81
1608131121	937401426	1347.79	1233.13	1304.77	1378.79
1608131121	947406954	1349.74	1234.94	1306.67	1380.78
1608131121	957393978	1351.69	1236.75	1308.57	1382.77
1608131121	967460428	1353.65	1238.56	1310.47	1384.76
1608131121	977421106	1355.6	1240.38	1312.37	1386.75
1608131121	987449161	1357.55	1242.19	1314.27	1388.74
1608131121	997433990	1359.5	1244	1316.17	1390.73
1608131122	7410140	1361.45	1245.81	1318.07	1392.72
1608131122	17402170	1363.4	1247.63	1319.98	1394.71
1608131122	27410561	1365.36	1249.44	1321.88	1396.7
1608131122	37430862	1367.31	1251.25	1323.78	1398.69
1608131122	47414947	1369.26	1253.07	1325.68	1400.67
1608131122	57466553	1371.21	1254.88	1327.58	1402.66
1608131122	67362122	1373.16	1256.69	1329.48	1404.65
1608131122	77375456	1375.12	1258.5	1331.38	1406.64
1608131122	87475214	1377.07	1260.32	1333.28	1408.63
1608131122	97459637	1379.02	1262.13	1335.18	1410.62
1608131122	107439621	1380.97	1263.94	1337.08	1412.61
1608131122	117427208	1382.93	1265.76	1338.98	1414.6
1608131122	127434835	1384.88	1267.57	1340.88	1416.59
1608131122	137487144	1386.83	1269.39	1342.78	1418.58
1608131122	147318836	1388.78	1271.2	1344.68	1420.57
1608131122	157507283	1390.73	1273.01	1346.58	1422.56
1608131122	167414545	1392.69	1274.83	1348.48	1424.55
1608131122	177428843	1394.64	1276.64	1350.39	1426.53
1608131122	187415286	1396.59	1278.46	1352.29	1428.52
1608131122	197383202	1398.54	1280.27	1354.19	1430.51
1608131122	207412027	1400.5	1282.08	1356.09	1432.5
1608131122	217293146	1402.45	1283.9	1357.99	1434.49
1608131122	227430966	1404.4	1285.71	1359.89	1436.48
1608131122	237403035	1406.35	1287.53	1361.79	1438.47
1608131122	247300269	1408.31	1289.34	1363.69	1440.46
1608131122	257306614	1410.26	1291.16	1365.6	1442.45
1608131122	267423022	1412.21	1292.97	1367.5	1444.44
1608131122	277397015	1414.16	1294.79	1369.4	1446.43
1608131122	287376480	1416.12	1296.6	1371.3	1448.42
1608131122	297419595	1418.07	1298.42	1373.2	1450.41
1608131122	307444549	1420.02	1300.23	1375.1	1452.39
1608131122	317409240	1421.97	1302.05	1377	1454.38
1608131122	327400225	1423.93	1303.86	1378.91	1456.37
1608131122	337330895	1425.88	1305.68	1380.81	1458.36
1608131122	347424663	1427.83	1307.49	1382.71	1460.35
1608131122	357509705	1429.79	1309.31	1384.61	1462.34
1608131122	367382074	1431.74	1311.12	1386.51	1464.33
1608131122	377502258	1433.69	1312.94	1388.42	1466.32
1608131122	387380924	1435.64	1314.76	1390.32	1468.31
1608131122	397446734	1437.6	1316.57	1392.22	1470.3
1608131122	407418642	1439.55	1318.39	1394.12	1472.29
1608131122	417437910	1441.5	1320.2	1396.02	1474.28
1608131122	427353427	1443.46	1322.02	1397.93	1476.27
1608131122	437387609	1445.41	1323.84	1399.83	1478.26
1608131122	447452975	1447.36	1325.65	1401.73	1480.25
1608131122	467464188	1451.27	1329.28	1405.54	1484.22
1608131122	477345917	1453.22	1331.1	1407.44	1486.21
1608131122	487397636	1455.17	1332.92	1409.34	1488.2
1608131122	497391833	1457.13	1334.73	1411.24	1490.19
1608131122	507492966	1459.08	1336.55	1413.15	1492.18
1608131122	517437645	1461.03	1338.37	1415.05	1494.17
1608131122	527425860	1462.99	1340.19	1416.95	1496.16
1608131122	537445400	1464.94	1342	1418.85	1498.15
1608131122	547388501	1466.89	1343.82	1420.76	1500.14
1608131122	557477230	1468.85	1345.64	1422.66	1502.13
1608131122	567442296	1470.8	1347.45	1424.56	1504.12
1608131122	577457702	1472.75	1349.27	1426.46	1506.11
1608131122	587364334	1474.71	1351.09	1428.37	1508.1
1608131122	597427972	1476.66	1352.91	1430.27	1510.09
1608131122	607400143	1478.61	1354.72	1432.17	1512.08
1608131122	617425243	1480.57	1356.54	1434.08	1514.07
1608131122	627402389	1482.52	1358.36	1435.98	1516.06
1608131122	637397477	1484.47	1360.18	1437.88	1518.04
1608131122	677477541	1492.29	1367.45	1445.5	1526
1608131122	687355309	1494.24	1369.27	1447.4	1527.99
1608131122	697358457	1496.19	1371.09	1449.3	1529.98
1608131122	707448921	1498.15	1372.9	1451.21	1531.97
1608131122	717441791	1500.1	1374.72	1453.11	1533.96
1608131122	727407576	1502.05	1376.54	1455.01	1535.95
1608131122	737387846	1504.01	1378.36	1456.92	1537.94
1608131122	747493425	1505.96	1380.18	1458.82	1539.93
1608131122	757422027	1507.91	1382	1460.72	1541.92
1608131122	767363422	1509.87	1383.82	1462.63	1543.91
1608131122	777403442	1511.82	1385.64	1464.53	1545.9
1608131122	787474046	1513.78	1387.46	1466.44	1547.89
1608131122	797489972	1515.73	1389.27	1468.34	1549.88
1608131122	807421027	1517.68	1391.09	1470.24	1551.87
1608131122	817422452	1519.64	1392.91	1472.15	1553.86
1608131122	827382184	1521.59	1394.73	1474.05	1555.85
1608131122	837421383	1523.54	1396.55	1475.95	1557.84
1608131122	847366459	1525.5	1398.37	1477.86	1559.83
1608131122	857371517	1527.45	1400.19	1479.76	1561.81
1608131122	867370586	1529.41	1402.01	1481.67	1563.8
1608131122	877379142	1531.36	1403.83	1483.57	1565.79
1608131122	887391477	1533.31	1405.65	1485.48	1567.78
1608131122	897412600	1535.27	1407.47	1487.38	1569.77
1608131122	907374912	1535.27	1407.47	1487.38	1569.77
1608131122	917361581	1535.27	1407.47	1487.38	1569.77
1608131122	927489002	1535.27	1407.47	1487.38	1569.77
1608131122	937438866	1535.27	1407.47	1487.38	1569.77
1608131122	947385983	1535.27	1407.47	1487.38	1569.77
1608131122	957340937	1535.27	1407.47	1487.38	1569.77
1608131122	967346381	1535.27	1407.47	1487.38	1569.77
1608131122	977268184	1535.27	1407.47	1487.38	1569.77
1608131122	987300295	1535.27	1407.47	1487.38	1569.77
1608131122	997433516	1535.27	1407.47	1487.38	1569.77
1608131123	7167786	1535.27	1407.47	1487.38	1569.77
1608131123	17402698	1535.27	1407.47	1487.38	1569.77
1608131123	27473593	1535.27	1407.47	1487.38	1569.77
1608131123	37408200	1535.27	1407.47	1487.38	1569.77
1608131123	47361106	1535.27	1407.47	1487.38	1569.77
1608131123	57378692	1535.27	1407.47	1487.38	1569.77
1608131123	67383295	1535.27	1407.47	1487.38	1569.77
1608131123	77452098	1535.27	1407.47	1487.38	1569.77
1608131123	87449099	1535.27	1407.47	1487.38	1569.77
1608131123	97464959	1535.27	1407.47	1487.38	1569.77
1608131123	117302778	1535.27	1407.47	1487.38	1569.77
1608131123	127432510	1535.27	1407.47	1487.38	1569.77
1608131123	137428994	1535.27	1407.47	1487.38	1569.77
1608131123	147403247	1535.27	1407.47	1487.38	1569.77
1608131123	157401319	1535.27	1407.47	1487.38	1569.77
1608131123	167346289	1535.27	1407.47	1487.38	1569.77
1608131123	177347343	1535.27	1407.47	1487.38	1569.77
1608131123	187385501	1535.27	1407.47	1487.38	1569.77
1608131123	197383688	1535.27	1407.47	1487.38	1569.77
1608131123	207457953	1535.27	1407.47	1487.38	1569.77
1608131123	217483589	1535.27	1407.47	1487.38	1569.77
1608131123	227416319	1535.27	1407.47	1487.38	1569.77
1608131123	237454544	1535.27	1407.47	1487.38	1569.77
1608131123	247398858	1535.27	1407.47	1487.38	1569.77
1608131123	257313427	1535.27	1407.47	1487.38	1569.77
1608131123	267348236	1535.27	1407.47	1487.38	1569.77
1608131123	277378342	1535.27	1407.47	1487.38	1569.77
1608131123	287423643	1535.27	1407.47	1487.38	1569.77
1608131123	297334660	1535.27	1407.47	1487.38	1569.77
1608131123	307414032	1535.27	1407.47	1487.38	1569.77
1608131123	317344008	1535.27	1407.47	1487.38	1569.77
1608131123	327233783	1535.27	1407.47	1487.38	1569.77
1608131123	337269484	1535.27	1407.47	1487.38	1569.77
1608131123	347140782	1535.27	1407.47	1487.38	1569.77
1608131123	357201920	1535.27	1407.47	1487.38	1569.77
1608131123	367306286	1535.27	1407.47	1487.38	1569.77
1608131123	377461953	1535.27	1407.47	1487.38	1569.77
1608131123	387443366	1535.27	1407.47	1487.38	1569.77
1608131123	407375180	1535.27	1407.47	1487.38	1569.77
1608131123	417460090	1535.27	1407.47	1487.38	1569.77
1608131123	427357154	1535.27	1407.47	1487.38	1569.77
1608131123	437370023	1535.27	1407.47	1487.38	1569.77
1608131123	447434440	1535.27	1407.47	1487.38	1569.77
1608131123	457474097	1535.27	1407.47	1487.38	1569.77
1608131123	467319643	1535.27	1407.47	1487.38	1569.77
1608131123	477332194	1535.27	1407.47	1487.38	1569.77
1608131123	487505054	1535.27	1407.47	1487.38	1569.77
1608131123	497442307	1535.27	1407.47	1487.38	1569.77
1608131123	507479878	1535.27	1407.47	1487.38	1569.77
1608131123	517512390	1535.27	1407.47	1487.38	1569.77
1608131123	527390042	1535.27	1407.47	1487.38	1569.77
1608131123	537476506	1535.27	1407.47	1487.38	1569.77
1608131123	547342356	1535.27	1407.47	1487.38	1569.77
1608131123	557399638	1535.27	1407.47	1487.38	1569.77
1608131123	567412461	1535.27	1407.47	1487.38	1569.77
1608131123	577484062	1535.27	1407.47	1487.38	1569.77
1608131123	587420632	1535.27	1407.47	1487.38	1569.77
1608131123	597465407	1535.27	1407.47	1487.38	1569.77
1608131123	607412910	1535.27	1407.47	1487.38	1569.77
1608131123	617377273	1535.27	1407.47	1487.38	1569.77
1608131123	627470861	1535.27	1407.47	1487.38	1569.77
1608131123	637427993	1535.27	1407.47	1487.38	1569.77
1608131123	647373423	1535.27	1407.47	1487.38	1569.77
1608131123	657334245	1535.27	1407.47	1487.38	1569.77
1608131123	667417528	1535.27	1407.47	1487.38	1569.77
1608131123	677440164	1535.27	1407.47	1487.38	1569.77
1608131123	687430125	1535.27	1407.47	1487.38	1569.77
1608131123	697331355	1535.27	1407.47	1487.38	1569.77
1608131123	707436505	1535.27	1407.47	1487.38	1569.77
1608131123	717420191	1535.27	1407.47	1487.38	1569.77
1608131123	727466228	1535.27	1407.47	1487.38	1569.77
1608131123	737407432	1535.27	1407.47	1487.38	1569.77
1608131123	747380688	1535.27	1407.47	1487.38	1569.77
1608131123	757388295	1535.27	1407.47	1487.38	1569.77
1608131123	767466537	1535.27	1407.47	1487.38	1569.77
1608131123	777517536	1535.27	1407.47	1487.38	1569.77
1608131123	787460792	1535.27	1407.47	1487.38	1569.77
1608131123	797482855	1535.27	1407.47	1487.38	1569.77
1608131123	807433180	1535.27	1407.47	1487.38	1569.77
1608131123	817389063	1535.27	1407.47	1487.38	1569.77
1608131123	827450625	1535.27	1407.47	1487.38	1569.77
1608131123	837430474	1535.27	1407.47	1487.38	1569.77
1608131123	847410174	1535.27	1407.47	1487.38	1569.77
1608131123	857396912	1535.27	1407.47	1487.38	1569.77
1608131123	867521767	1535.27	1407.47	1487.38	1569.77
1608131123	877555899	1535.27	1407.47	1487.38	1569.77
1608131123	887422246	1535.27	1407.47	1487.38	1569.77
1608131123	897429698	1535.27	1407.47	1487.38	1569.77
1608131123	907388585	1533.31	1405.65	1485.48	1567.78
1608131123	917465352	1531.36	1403.83	1483.57	1565.79
1608131123	927368914	1529.41	1402.01	1481.67	1563.8
1608131123	937306869	1527.45	1400.19	1479.76	1561.81
1608131123	947334432	1525.5	1398.37	1477.86	1559.83
1608131123	957464635	1523.54	1396.55	1475.95	1557.84
1608131123	967480186	1521.59	1394.73	1474.05	1555.85
1608131123	977448273	1519.64	1392.91	1472.15	1553.86
1608131123	987397036	1517.68	1391.09	1470.24	1551.87
1608131123	997462589	1515.73	1389.27	1468.34	1549.88
1608131124	7359128	1513.78	1387.46	1466.44	1547.89
1608131124	17472912	1511.82	1385.64	1464.53	1545.9
1608131124	27386612	1509.87	1383.82	1462.63	1543.91
1608131124	37383679	1507.91	1382	1460.72	1541.92
1608131124	47338307	1505.96	1380.18	1458.82	1539.93
1608131124	57418018	1504.01	1378.36	1456.92	1537.94
1608131124	67361956	1502.05	1376.54	1455.01	1535.95
1608131124	77475753	1500.1	1374.72	1453.11	1533.96
1608131124	87389155	1498.15	1372.9	1451.21	1531.97
1608131124	97435329	1496.19	1371.09	1449.3	1529.98
1608131124	107424596	1494.24	1369.27	1447.4	1527.99
1608131124	117387109	1492.29	1367.45	1445.5	1526
1608131124	127377999	1490.33	1365.63	1443.59	1524.01
1608131124	137329357	1488.38	1363.81	1441.69	1522.02
1608131124	147430654	1486.43	1362	1439.79	1520.03
1608131124	157521702	1484.47	1360.18	1437.88	1518.04
1608131124	167309661	1482.52	1358.36	1435.98	1516.06
1608131124	177318406	1480.57	1356.54	1434.08	1514.07
1608131124	187262737	1478.61	1354.72	1432.17	1512.08
1608131124	197339552	1476.66	1352.91	1430.27	1510.09
1608131124	207395344	1474.71	1351.09	1428.37	1508.1
1608131124	217480689	1472.75	1349.27	1426.46	1506.11
1608131124	227480711	1470.8	1347.45	1424.56	1504.12
1608131124	237496569	1468.85	1345.64	1422.66	1502.13
1608131124	247449298	1466.89	1343.82	1420.76	1500.14
1608131124	257488196	1464.94	1342	1418.85	1498.15
1608131124	267474823	1462.99	1340.19	1416.95	1496.16
1608131124	277412344	1461.03	1338.37	1415.05	1494.17
1608131124	287338430	1459.08	1336.55	1413.15	1492.18
1608131124	297477735	1457.13	1334.73	1411.24	1490.19
1608131124	307451799	1455.17	1332.92	1409.34	1488.2
1608131124	317396695	1453.22	1331.1	1407.44	1486.21
1608131124	327409935	1451.27	1329.28	1405.54	1484.22
1608131124	337339707	1449.31	1327.47	1403.63	1482.24
1608131124	347461165	1447.36	1325.65	1401.73	1480.25
1608131124	357470771	1445.41	1323.84	1399.83	1478.26
1608131124	367459325	1443.46	1322.02	1397.93	1476.27
1608131124	377451963	1441.5	1320.2	1396.02	1474.28
1608131124	387362536	1439.55	1318.39	1394.12	1472.29
1608131124	397523620	1437.6	1316.57	1392.22	1470.3
1608131124	407469364	1435.64	1314.76	1390.32	1468.31
1608131124	417644278	1433.69	1312.94	1388.42	1466.32
1608131124	427411315	1431.74	1311.12	1386.51	1464.33
1608131124	447475153	1427.83	1307.49	1382.71	1460.35
1608131124	457427236	1425.88	1305.68	1380.81	1458.36
1608131124	467459122	1423.93	1303.86	1378.91	1456.37
1608131124	477421185	1421.97	1302.05	1377	1454.38
1608131124	487423204	1420.02	1300.23	1375.1	1452.39
1608131124	497430192	1418.07	1298.42	1373.2	1450.41
1608131124	507299882	1416.12	1296.6	1371.3	1448.42
1608131124	517298655	1414.16	1294.79	1369.4	1446.43
1608131124	527259830	1412.21	1292.97	1367.5	1444.44
1608131124	537363652	1410.26	1291.16	1365.6	1442.45
1608131124	547443528	1408.31	1289.34	1363.69	1440.46
1608131124	557529890	1406.35	1287.53	1361.79	1438.47
1608131124	567479103	1404.4	1285.71	1359.89	1436.48
1608131124	577406428	1402.45	1283.9	1357.99	1434.49
1608131124	587475797	1400.5	1282.08	1356.09	1432.5
1608131124	597385800	1398.54	1280.27	1354.19	1430.51
1608131124	607440349	1396.59	1278.46	1352.29	1428.52
1608131124	617440894	1394.64	1276.64	1350.39	1426.53
1608131124	627385676	1392.69	1274.83	1348.48	1424.55
1608131124	637351554	1390.73	1273.01	1346.58	1422.56
1608131124	647406182	1388.78	1271.2	1344.68	1420.57
1608131124	657486659	1386.83	1269.39	1342.78	1418.58
1608131124	667467090	1384.88	1267.57	1340.88	1416.59
1608131124	677447870	1382.93	1265.76	1338.98	1414.6
1608131124	687504991	1380.97	1263.94	1337.08	1412.61
1608131124	697471368	1379.02	1262.13	1335.18	1410.62
1608131124	707481655	1377.07	1260.32	1333.28	1408.63
1608131124	717488985	1375.12	1258.5	1331.38	1406.64
1608131124	727356038	1373.16	1256.69	1329.48	1404.65
1608131124	737487740	1371.21	1254.88	1327.58	1402.66
1608131124	747314261	1369.26	1253.07	1325.68	1400.67
1608131124	757342303	1367.31	1251.25	1323.78	1398.69
1608131124	767303882	1365.36	1249.44	1321.88	1396.7
1608131124	777179804	1363.4	1247.63	1319.98	1394.71
1608131124	787480939	1361.45	1245.81	1318.07	1392.72
1608131124	797489749	1359.5	1244	1316.17	1390.73
1608131124	807479827	1357.55	1242.19	1314.27	1388.74
1608131124	817391318	1355.6	1240.38	1312.37	1386.75
1608131124	827390418	1353.65	1238.56	1310.47	1384.76
1608131124	837517422	1351.69	1236.75	1308.57	1382.77
1608131124	847519717	1349.74	1234.94	1306.67	1380.78
1608131124	857522762	1347.79	1233.13	1304.77	1378.79
1608131124	867416924	1345.84	1231.32	1302.87	1376.81
1608131124	877523044	1343.89	1229.5	1300.97	1374.82
1608131124	887521849	1341.93	1227.69	1299.08	1372.83
1608131124	897414226	1339.98	1225.88	1297.18	1370.84
1608131124	907504828	1338.03	1224.07	1295.28	1368.85
1608131124	917518912	1336.08	1222.26	1293.38	1366.86
1608131124	927330516	1334.13	1220.45	1291.48	1364.87
1608131124	937434641	1332.18	1218.63	1289.58	1362.88
1608131124	947520820	1330.22	1216.82	1287.68	1360.89
1608131124	957470479	1328.27	1215.01	1285.78	1358.9
1608131124	967436107	1326.32	1213.2	1283.88	1356.91
1608131124	977418789	1324.37	1211.39	1281.98	1354.93
1608131124	987472976	1322.42	1209.58	1280.08	1352.94
1608131124	997434504	1320.47	1207.77	1278.18	1350.95
1608131125	7271237	1318.52	1205.96	1276.28	1348.96
1608131125	17206441	1316.56	1204.15	1274.38	1346.97
1608131125	27278574	1314.61	1202.34	1272.48	1344.98
1608131125	37510842	1312.66	1200.53	1270.58	1342.99
1608131125	47533606	1310.71	1198.72	1268.69	1341
1608131125	57493540	1308.76	1196.9	1266.79	1339.01
1608131125	67396283	1306.81	1195.09	1264.89	1337.02
1608131125	77373965	1304.86	1193.28	1262.99	1335.04
1608131125	87350191	1302.9	1191.47	1261.09	1333.05
1608131125	97427610	1300.95	1189.66	1259.19	1331.06
1608131125	107468900	1299	1187.85	1257.29	1329.07
1608131125	117406217	1297.05	1186.04	1255.39	1327.08
1608131125	137438920	1293.15	1182.43	1251.6	1323.1
1608131125	147418931	1291.2	1180.62	1249.7	1321.11
1608131125	157424775	1289.25	1178.81	1247.8	1319.12
1608131125	167448451	1287.29	1177	1245.9	1317.14
1608131125	177403312	1285.34	1175.19	1244	1315.15
1608131125	187429736	1283.39	1173.38	1242.1	1313.16
1608131125	197426025	1281.44	1171.57	1240.21	1311.17
1608131125	207401853	1279.49	1169.76	1238.31	1309.18
1608131125	217497764	1277.54	1167.95	1236.41	1307.19
1608131125	227367480	1275.59	1166.14	1234.51	1305.2
1608131125	237428602	1273.64	1164.33	1232.61	1303.21
1608131125	247474445	1271.69	1162.53	1230.72	1301.22
1608131125	257411803	1269.74	1160.72	1228.82	1299.24
1608131125	267370813	1267.79	1158.91	1226.92	1297.25
1608131125	277325981	1265.83	1157.1	1225.02	1295.26
1608131125	287467407	1263.88	1155.29	1223.12	1293.27
1608131125	297445317	1261.93	1153.48	1221.23	1291.28
1608131125	307628646	1259.98	1151.68	1219.33	1289.29
1608131125	317401897	1258.03	1149.87	1217.43	1287.3
1608131125	327473760	1256.08	1148.06	1215.53	1285.31
1608131125	337425899	1254.13	1146.25	1213.64	1283.32
1608131125	347376021	1252.18	1144.44	1211.74	1281.34
1608131125	357441106	1250.23	1142.64	1209.84	1279.35
1608131125	367388893	1248.28	1140.83	1207.94	1277.36
1608131125	377375401	1246.33	1139.02	1206.05	1275.37
1608131125	387408656	1244.38	1137.21	1204.15	1273.38
1608131125	397383037	1242.43	1135.41	1202.25	1271.39
1608131125	407328871	1240.48	1133.6	1200.35	1269.4
1608131125	417415931	1238.53	1131.79	1198.46	1267.41
1608131125	427435063	1236.58	1129.98	1196.56	1265.43
1608131125	437443866	1234.62	1128.18	1194.66	1263.44
1608131125	447411087	1232.67	1126.37	1192.77	1261.45
1608131125	457411644	1230.72	1124.56	1190.87	1259.46
1608131125	467408944	1228.77	1122.76	1188.97	1257.47
1608131125	477407565	1226.82	1120.95	1187.07	1255.48
1608131125	487369502	1224.87	1119.14	1185.18	1253.49
1608131125	497440075	1222.92	1117.34	1183.28	1251.5
1608131125	507366060	1220.97	1115.53	1181.38	1249.52
1608131125	517355150	1219.02	1113.73	1179.49	1247.53
1608131125	527386016	1217.07	1111.92	1177.59	1245.54
1608131125	537507891	1215.12	1110.11	1175.69	1243.55
1608131125	547452972	1213.17	1108.31	1173.8	1241.56
1608131125	557426174	1211.22	1106.5	1171.9	1239.57
1608131125	567436750	1209.27	1104.7	1170	1237.58
1608131125	577489965	1207.32	1102.89	1168.11	1235.59
1608131125	587489873	1205.37	1101.08	1166.21	1233.61
1608131125	607383008	1201.47	1097.47	1162.42	1229.63
1608131125	617319266	1199.52	1095.67	1160.52	1227.64
1608131125	627504191	1197.57	1093.86	1158.63	1225.65
1608131125	637504680	1195.62	1092.06	1156.73	1223.66
1608131125	647504459	1193.67	1090.25	1154.84	1221.67
1608131125	667494958	1189.77	1086.64	1151.04	1217.7
1608131125	687458893	1185.87	1083.03	1147.25	1213.72
1608131125	697417526	1183.92	1081.23	1145.36	1211.73
1608131125	707410813	1181.97	1079.42	1143.46	1209.74
1608131125	717408576	1180.02	1077.62	1141.56	1207.75
1608131125	727433909	1178.07	1075.81	1139.67	1205.76
1608131125	737466519	1176.12	1074.01	1137.77	1203.78
1608131125	747529832	1174.17	1072.21	1135.88	1201.79
1608131125	757502894	1172.22	1070.4	1133.98	1199.8
1608131125	767468999	1170.27	1068.6	1132.09	1197.81
1608131125	777478177	1168.32	1066.79	1130.19	1195.82
1608131125	787434911	1166.38	1064.99	1128.3	1193.83
1608131125	797408405	1164.43	1063.19	1126.4	1191.84
1608131125	807416037	1162.48	1061.38	1124.51	1189.86
1608131125	817409771	1160.53	1059.58	1122.61	1187.87
1608131125	827418269	1158.58	1057.78	1120.72	1185.88
1608131125	837377330	1156.63	1055.97	1118.82	1183.89
1608131125	847571195	1154.68	1054.17	1116.93	1181.9
1608131125	857532620	1152.73	1052.37	1115.03	1179.91
1608131125	867407010	1150.78	1050.56	1113.14	1177.92
1608131125	877464773	1148.83	1048.76	1111.24	1175.94
1608131125	887437172	1146.88	1046.96	1109.35	1173.95
1608131125	897377094	1144.93	1045.16	1107.45	1171.96
1608131125	907441533	1142.98	1043.35	1105.56	1169.97
1608131125	917509174	1141.03	1041.55	1103.66	1167.98
1608131125	927516402	1139.08	1039.75	1101.77	1165.99
1608131125	937442583	1137.13	1037.94	1099.87	1164.01
1608131125	947411295	1135.19	1036.14	1097.98	1162.02
1608131125	957581176	1133.24	1034.34	1096.08	1160.03
1608131125	967421828	1131.29	1032.54	1094.19	1158.04
1608131125	977565140	1129.34	1030.74	1092.29	1156.05
1608131125	987413778	1127.39	1028.93	1090.4	1154.06
1608131125	997414336	1125.44	1027.13	1088.51	1152.07
1608131126	7495987	1123.49	1025.33	1086.61	1150.09
1608131126	17411239	1121.54	1023.53	1084.72	1148.1
1608131126	27390511	1119.59	1021.73	1082.82	1146.11
1608131126	37612504	1117.64	1019.93	1080.93	1144.12
1608131126	47496008	1115.7	1018.12	1079.04	1142.13
1608131126	57536496	1113.75	1016.32	1077.14	1140.14
1608131126	67499696	1111.8	1014.52	1075.25	1138.16
1608131126	77316473	1109.85	1012.72	1073.35	1136.17
1608131126	87500888	1107.9	1010.92	1071.46	1134.18
1608131126	97493358	1105.95	1009.12	1069.57	1132.19
1608131126	107472608	1104	1007.32	1067.67	1130.2
1608131126	117467787	1102.05	1005.52	1065.78	1128.21
1608131126	127384001	1100.11	1003.72	1063.89	1126.23
1608131126	137505337	1098.16	1001.92	1061.99	1124.24
1608131126	147551279	1096.21	1000.12	1060.1	1122.25
1608131126	157454738	1094.26	998.32	1058.21	1120.26
1608131126	167511908	1092.31	996.51	1056.31	1118.27
1608131126	177723756	1090.36	994.71	1054.42	1116.28
1608131126	187400910	1088.41	992.91	1052.53	1114.3
1608131126	197504795	1086.47	991.11	1050.63	1112.31
1608131126	207539866	1084.52	989.31	1048.74	1110.32
1608131126	217405603	1082.57	987.51	1046.85	1108.33
1608131126	227499700	1080.62	985.72	1044.95	1106.34
1608131126	237670570	1078.67	983.92	1043.06	1104.35
1608131126	247514027	1076.72	982.12	1041.17	1102.37
1608131126	257381350	1074.77	980.32	1039.27	1100.38
1608131126	267464318	1072.83	978.52	1037.38	1098.39
1608131126	277495671	1070.88	976.72	1035.49	1096.4
1608131126	287670871	1068.93	974.92	1033.6	1094.41
1608131126	297451585	1066.98	973.12	1031.7	1092.42
1608131126	307568551	1065.03	971.32	1029.81	1090.44
1608131126	317437531	1063.08	969.52	1027.92	1088.45
1608131126	327502902	1061.14	967.72	1026.03	1086.46
1608131126	337477050	1059.19	965.92	1024.13	1084.47
1608131126	347404418	1057.24	964.13	1022.24	1082.48
1608131126	357470073	1055.29	962.33	1020.35	1080.5
1608131126	367493568	1053.34	960.53	1018.46	1078.51
1608131126	387411136	1049.45	956.93	1014.67	1074.53
1608131126	397449790	1047.5	955.13	1012.78	1072.54
1608131126	407502825	1045.55	953.34	1010.89	1070.55
1608131126	417492630	1043.6	951.54	1009	1068.57
1608131126	427370248	1041.66	949.74	1007.1	1066.58
1608131126	437526657	1039.71	947.94	1005.21	1064.59
1608131126	447444099	1037.76	946.15	1003.32	1062.6
1608131126	457503614	1035.81	944.35	1001.43	1060.61
1608131126	467510996	1033.86	942.55	999.54	1058.63
1608131126	477501420	1031.92	940.75	997.65	1056.64
1608131126	487403406	1029.97	938.96	995.75	1054.65
1608131126	497484772	1028.02	937.16	993.86	1052.66
1608131126	507506534	1026.07	935.36	991.97	1050.67
1608131126	517409089	1024.13	933.56	990.08	1048.68
1608131126	527430751	1022.18	931.77	988.19	1046.7
1608131126	537478039	1020.23	929.97	986.3	1044.71
1608131126	547516435	1018.28	928.17	984.4	1042.72
1608131126	557430548	1016.34	926.38	982.51	1040.73
1608131126	567485601	1014.39	924.58	980.62	1038.74
1608131126	577479307	1012.44	922.79	978.73	1036.76
1608131126	587613794	1010.49	920.99	976.84	1034.77
1608131126	597446444	1008.55	919.19	974.95	1032.78
1608131126	607432799	1006.6	917.4	973.06	1030.79
1608131126	617376166	1004.65	915.6	971.17	1028.8
1608131126	627678825	1002.7	913.8	969.28	1026.82
1608131126	637542389	1000.76	912.01	967.39	1024.83
1608131126	647512373	998.81	910.21	965.49	1022.84
1608131126	657487942	996.86	908.42	963.6	1020.85
1608131126	667513181	994.91	906.62	961.71	1018.86
1608131126	677508571	992.97	904.83	959.82	1016.88
1608131126	687520050	991.02	903.03	957.93	1014.89
1608131126	697508884	989.07	901.24	956.04	1012.9
1608131126	707544949	987.13	899.44	954.15	1010.91
1608131126	727422417	983.23	895.85	950.37	1006.94
1608131126	737496312	981.28	894.06	948.48	1004.95
1608131126	747494127	979.34	892.26	946.59	1002.96
1608131126	797483949	969.6	883.29	937.14	993.02
1608131126	807415259	967.65	881.5	935.25	991.03
1608131126	817476022	965.71	879.7	933.36	989.04
1608131126	827441805	963.76	877.91	931.47	987.06
1608131126	837434608	961.81	876.11	929.58	985.07
1608131126	847390828	959.87	874.32	927.69	983.08
1608131126	857379001	957.92	872.53	925.8	981.09
1608131126	867388457	955.97	870.73	923.91	979.11
1608131126	877444933	954.03	868.94	922.02	977.12
1608131126	887541563	952.08	867.15	920.13	975.13
1608131126	897432618	950.13	865.35	918.24	973.14
1608131126	907506102	948.19	863.56	916.35	971.15
1608131126	917413958	946.24	861.77	914.46	969.17
1608131126	927497554	944.29	859.97	912.58	967.18
1608131126	937498538	942.35	858.18	910.69	965.19
1608131126	947464365	940.4	856.39	908.8	963.2
1608131126	957412344	938.45	854.6	906.91	961.21
1608131126	967445579	936.51	852.8	905.02	959.23
1608131126	977556809	934.56	851.01	903.13	957.24
1608131126	987519634	932.62	849.22	901.24	955.25
1608131127	7434614	928.72	845.63	897.46	951.28
1608131127	17440760	926.78	843.84	895.57	949.29
1608131127	27506815	924.83	842.05	893.69	947.3
1608131127	37495436	922.88	840.26	891.8	945.31
1608131127	47504932	920.94	838.47	889.91	943.32
1608131127	57381377	918.99	836.67	888.02	941.34
1608131127	67423208	917.04	834.88	886.13	939.35
1608131127	77426049	915.1	833.09	884.24	937.36
1608131127	87587640	913.15	831.3	882.35	935.37
1608131127	97565313	911.21	829.51	880.47	933.39
1608131127	117407782	907.31	825.93	876.69	929.41
1608131127	127508127	905.37	824.14	874.8	927.42
1608131127	137494677	903.42	822.34	872.91	925.43
1608131127	147579201	901.48	820.55	871.03	923.45
1608131127	157474630	899.53	818.76	869.14	921.46
1608131127	167457287	897.58	816.97	867.25	919.47
1608131127	177411479	895.64	815.18	865.36	917.48
1608131127	187486389	893.69	813.39	863.47	915.5
1608131127	197491395	891.75	811.6	861.59	913.51
1608131127	207485350	889.8	809.81	859.7	911.52
1608131127	217477926	887.86	808.02	857.81	909.53
1608131127	227483514	885.91	806.23	855.92	907.55
1608131127	237429716	883.96	804.44	854.04	905.56
1608131127	247490479	882.02	802.65	852.15	903.57
1608131127	257430213	880.07	800.86	850.26	901.58
1608131127	267428304	878.13	799.07	848.37	899.6
1608131127	277581605	876.18	797.28	846.49	897.61
1608131127	287499167	874.24	795.49	844.6	895.62
1608131127	297464134	872.29	793.7	842.71	893.63
1608131127	307410697	870.34	791.92	840.83	891.65
1608131127	317429907	868.4	790.13	838.94	889.66
1608131127	327435597	866.45	788.34	837.05	887.67
1608131127	337486739	864.51	786.55	835.16	885.68
1608131127	347453031	862.56	784.76	833.28	883.69
1608131127	357429127	860.62	782.97	831.39	881.71
1608131127	367624760	858.67	781.18	829.5	879.72
1608131127	377454347	856.73	779.39	827.62	877.73
1608131127	387589762	854.78	777.61	825.73	875.74
1608131127	397470548	852.84	775.82	823.84	873.76
1608131127	407550437	850.89	774.03	821.96	871.77
1608131127	417530256	848.95	772.24	820.07	869.78
1608131127	427443061	847	770.45	818.18	867.79
1608131127	437527569	845.05	768.67	816.3	865.81
1608131127	447530349	843.11	766.88	814.41	863.82
1608131127	457527353	841.16	765.09	812.53	861.83
1608131127	467388695	839.22	763.3	810.64	859.84
1608131127	477491581	837.27	761.52	808.75	857.86
1608131127	487486027	835.33	759.73	806.87	855.87
1608131127	497456158	833.38	757.94	804.98	853.88
1608131127	507417566	831.44	756.15	803.1	851.89
1608131127	517495652	829.49	754.37	801.21	849.91
1608131127	527604894	827.55	752.58	799.32	847.92
1608131127	537511276	825.6	750.79	797.44	845.93
1608131127	547482784	823.66	749.01	795.55	843.95
1608131127	557554291	821.71	747.22	793.67	841.96
1608131127	567590691	819.77	745.43	791.78	839.97
1608131127	577407789	817.83	743.65	789.9	837.98
1608131127	587498358	815.88	741.86	788.01	836
1608131127	597621084	813.94	740.07	786.12	834.01
1608131127	607540211	811.99	738.29	784.24	832.02
1608131127	617524570	810.05	736.5	782.35	830.03
1608131127	627434223	808.1	734.72	780.47	828.05
1608131127	637553376	806.16	732.93	778.58	826.06
1608131127	647488753	804.21	731.15	776.7	824.07
1608131127	657510248	802.27	729.36	774.81	822.08
1608131127	667410071	800.32	727.57	772.93	820.1
1608131127	677449041	798.38	725.79	771.04	818.11
1608131127	687530117	796.43	724	769.16	816.12
1608131127	697486208	794.49	722.22	767.27	814.13
1608131127	707520321	792.55	720.43	765.39	812.15
1608131127	717475724	790.6	718.65	763.5	810.16
1608131127	727479763	788.66	716.86	761.62	808.17
1608131127	737483757	786.71	715.08	759.73	806.19
1608131127	747480647	784.77	713.29	757.85	804.2
1608131127	757368406	782.82	711.51	755.97	802.21
1608131127	767476355	780.88	709.73	754.08	800.22
1608131127	777548931	778.94	707.94	752.2	798.24
1608131127	787553136	776.99	706.16	750.31	796.25
1608131127	797495018	775.05	704.37	748.43	794.26
1608131127	807407889	773.1	702.59	746.54	792.27
1608131127	817505662	771.16	700.81	744.66	790.29
1608131127	827471015	769.22	699.02	742.78	788.3
1608131127	837426288	767.27	697.24	740.89	786.31
1608131127	847484035	765.33	695.45	739.01	784.33
1608131127	857362720	763.38	693.67	737.12	782.34
1608131127	867519297	761.44	691.89	735.24	780.35
1608131127	877538365	759.5	690.1	733.36	778.36
1608131127	887505193	757.55	688.32	731.47	776.38
1608131127	897529118	755.61	686.54	729.59	774.39
1608131127	907528753	753.66	684.76	727.71	772.4
1608131127	917452262	751.72	682.97	725.82	770.42
1608131127	927513695	749.78	681.19	723.94	768.43
1608131127	937453477	747.83	679.41	722.06	766.44
1608131127	947512150	745.89	677.62	720.17	764.45
1608131127	957490452	743.95	675.84	718.29	762.47
1608131127	967482618	742	674.06	716.41	760.48
1608131127	977506657	740.06	672.28	714.52	758.49
1608131127	987519799	738.11	670.5	712.64	756.51
1608131127	997517835	736.17	668.71	710.76	754.52
1608131128	7536541	734.23	666.93	708.87	752.53
1608131128	17530417	732.28	665.15	706.99	750.54
1608131128	27512317	730.34	663.37	705.11	748.56
1608131128	37426834	728.4	661.59	703.22	746.57
1608131128	47450304	726.45	659.81	701.34	744.58
1608131128	57411560	724.51	658.02	699.46	742.6
1608131128	67500421	722.57	656.24	697.58	740.61
1608131128	77578459	720.62	654.46	695.69	738.62
1608131128	87492400	718.68	652.68	693.81	736.63
1608131128	97486421	716.74	650.9	691.93	734.65
1608131128	107509872	714.79	649.12	690.05	732.66
1608131128	117526063	712.85	647.34	688.16	730.67
1608131128	127522862	710.91	645.56	686.28	728.69
1608131128	137530006	708.96	643.78	684.4	726.7
1608131128	147401302	707.02	642	682.52	724.71
1608131128	157530153	705.08	640.22	680.64	722.73
1608131128	167509676	703.14	638.44	678.75	720.74
1608131128	177578464	701.19	636.66	676.87	718.75
1608131128	187551854	699.25	634.88	674.99	716.76
1608131128	197498819	697.31	633.1	673.11	714.78
1608131128	207562924	695.36	631.32	671.23	712.79
1608131128	217557733	693.42	629.54	669.34	710.8
1608131128	227519152	691.48	627.76	667.46	708.82
1608131128	237494304	689.54	625.98	665.58	706.83
1608131128	247345659	687.59	624.2	663.7	704.84
1608131128	257581115	685.65	622.42	661.82	702.86
1608131128	267540856	683.71	620.64	659.94	700.87
1608131128	277535975	681.76	618.86	658.06	698.88
1608131128	287481047	679.82	617.08	656.17	696.9
1608131128	297539557	677.88	615.3	654.29	694.91
1608131128	307471480	675.94	613.53	652.41	692.92
1608131128	317542222	673.99	611.75	650.53	690.93
1608131128	327500648	672.05	609.97	648.65	688.95
1608131128	337465341	670.11	608.19	646.77	686.96
1608131128	347449162	668.17	606.41	644.89	684.97
1608131128	357470488	666.22	604.63	643.01	682.99
1608131128	367501745	664.28	602.86	641.13	681
1608131128	377568981	662.34	601.08	639.25	679.01
1608131128	387547664	660.4	599.3	637.36	677.03
1608131128	397538907	658.45	597.52	635.48	675.04
1608131128	407535691	658.45	597.52	635.48	675.04
1608131128	417541345	658.45	597.52	635.48	675.04
1608131128	427543135	658.45	597.52	635.48	675.04
1608131128	437448125	658.45	597.52	635.48	675.04
1608131128	447415159	658.45	597.52	635.48	675.04
1608131128	457422969	658.45	597.52	635.48	675.04
1608131128	467562398	658.45	597.52	635.48	675.04
1608131128	477579069	658.45	597.52	635.48	675.04
1608131128	487506416	658.45	597.52	635.48	675.04
1608131128	497541001	658.45	597.52	635.48	675.04
1608131128	507540681	658.45	597.52	635.48	675.04
1608131128	517516745	658.45	597.52	635.48	675.04
1608131128	527623724	658.45	597.52	635.48	675.04
1608131128	537472479	658.45	597.52	635.48	675.04
1608131128	547422635	658.45	597.52	635.48	675.04
1608131128	557518548	658.45	597.52	635.48	675.04
1608131128	567416271	658.45	597.52	635.48	675.04
1608131128	577492375	658.45	597.52	635.48	675.04
1608131128	587486591	658.45	597.52	635.48	675.04
1608131128	597480569	658.45	597.52	635.48	675.04
1608131128	607533189	658.45	597.52	635.48	675.04
1608131128	617610036	658.45	597.52	635.48	675.04
1608131128	627470279	658.45	597.52	635.48	675.04
1608131128	637408153	658.45	597.52	635.48	675.04
1608131128	647515944	658.45	597.52	635.48	675.04
1608131128	657497590	658.45	597.52	635.48	675.04
1608131128	667468438	658.45	597.52	635.48	675.04
1608131128	677558235	658.45	597.52	635.48	675.04
1608131128	687542603	658.45	597.52	635.48	675.04
1608131128	697525636	658.45	597.52	635.48	675.04
1608131128	707423771	658.45	597.52	635.48	675.04
1608131128	717504987	658.45	597.52	635.48	675.04
1608131128	727449567	658.45	597.52	635.48	675.04
1608131128	737629925	658.45	597.52	635.48	675.04
1608131128	747438809	658.45	597.52	635.48	675.04
1608131128	757564761	658.45	597.52	635.48	675.04
1608131128	767576694	658.45	597.52	635.48	675.04
1608131128	777426548	658.45	597.52	635.48	675.04
1608131128	787531619	658.45	597.52	635.48	675.04
1608131128	797436399	658.45	597.52	635.48	675.04
1608131128	807528840	658.45	597.52	635.48	675.04
1608131128	817428674	658.45	597.52	635.48	675.04
1608131128	827331992	658.45	597.52	635.48	675.04
1608131128	837426526	658.45	597.52	635.48	675.04
1608131128	847535266	658.45	597.52	635.48	675.04
1608131128	857528660	658.45	597.52	635.48	675.04
1608131128	867499930	658.45	597.52	635.48	675.04
1608131128	877504133	658.45	597.52	635.48	675.04
1608131128	887411381	658.45	597.52	635.48	675.04
1608131128	897513414	658.45	597.52	635.48	675.04
1608131128	907499864	658.45	597.52	635.48	675.04
1608131128	917539448	658.45	597.52	635.48	675.04
1608131128	927427025	658.45	597.52	635.48	675.04
1608131128	937547858	658.45	597.52	635.48	675.04
1608131128	947504028	658.45	597.52	635.48	675.04
1608131128	957543302	658.45	597.52	635.48	675.04
1608131128	967550245	658.45	597.52	635.48	675.04
1608131128	977551659	658.45	597.52	635.48	675.04
1608131128	987582834	658.45	597.52	635.48	675.04
1608131128	997484880	658.45	597.52	635.48	675.04
1608131129	7530326	658.45	597.52	635.48	675.04
1608131129	17550678	658.45	597.52	635.48	675.04
1608131129	27447147	658.45	597.52	635.48	675.04
1608131129	37568637	658.45	597.52	635.48	675.04
1608131129	47801107	658.45	597.52	635.48	675.04
1608131129	57535522	658.45	597.52	635.48	675.04
1608131129	67520341	658.45	597.52	635.48	675.04
1608131129	77444128	658.45	597.52	635.48	675.04
1608131129	87467641	658.45	597.52	635.48	675.04
1608131129	97483912	658.45	597.52	635.48	675.04
1608131129	107552680	658.45	597.52	635.48	675.04
1608131129	117461555	658.45	597.52	635.48	675.04
1608131129	127441344	658.45	597.52	635.48	675.04
1608131129	137473012	658.45	597.52	635.48	675.04
1608131129	147596149	658.45	597.52	635.48	675.04
1608131129	157537497	658.45	597.52	635.48	675.04
1608131129	167546186	658.45	597.52	635.48	675.04
1608131129	177625348	658.45	597.52	635.48	675.04
1608131129	187668841	658.45	597.52	635.48	675.04
1608131129	197541378	658.45	597.52	635.48	675.04
1608131129	207515607	658.45	597.52	635.48	675.04
1608131129	217551720	658.45	597.52	635.48	675.04
1608131129	227437143	658.45	597.52	635.48	675.04
1608131129	237537194	658.45	597.52	635.48	675.04
1608131129	247551488	658.45	597.52	635.48	675.04
1608131129	257568330	658.45	597.52	635.48	675.04
1608131129	267473507	658.45	597.52	635.48	675.04
1608131129	277510203	658.45	597.52	635.48	675.04
1608131129	287507404	658.45	597.52	635.48	675.04
1608131129	297495385	658.45	597.52	635.48	675.04
1608131129	307506638	658.45	597.52	635.48	675.04
1608131129	317455704	658.45	597.52	635.48	675.04
1608131129	327457040	658.45	597.52	635.48	675.04
1608131129	337493937	658.45	597.52	635.48	675.04
1608131129	347455939	658.45	597.52	635.48	675.04
1608131129	357480870	658.45	597.52	635.48	675.04
1608131129	367566353	658.45	597.52	635.48	675.04
1608131129	377615264	658.45	597.52	635.48	675.04
1608131129	387482657	658.45	597.52	635.48	675.04
1608131129	397555728	658.45	597.52	635.48	675.04
1608131129	407533022	656.51	595.75	633.6	673.05
1608131129	417405427	654.57	593.97	631.72	671.07
1608131129	427515033	652.63	592.19	629.84	669.08
1608131129	437579206	650.68	590.41	627.96	667.09
1608131129	447519136	648.74	588.64	626.08	665.11
1608131129	457585913	646.8	586.86	624.2	663.12
1608131129	467414945	644.86	585.08	622.32	661.13
1608131129	477507303	642.92	583.31	620.44	659.15
1608131129	487462550	640.97	581.53	618.56	657.16
1608131129	497501644	639.03	579.75	616.68	655.17
1608131129	507482137	637.09	577.98	614.8	653.19
1608131129	517422769	635.15	576.2	612.92	651.2
1608131129	527500429	633.21	574.42	611.04	649.21
1608131129	537537648	631.26	572.65	609.16	647.23
1608131129	547600208	629.32	570.87	607.28	645.24
1608131129	557452538	627.38	569.1	605.4	643.25
1608131129	567554456	625.44	567.32	603.52	641.27
1608131129	577480503	623.5	565.54	601.64	639.28
1608131129	587495326	621.56	563.77	599.76	637.29
1608131129	597541495	619.61	561.99	597.88	635.31
1608131129	607421312	617.67	560.22	596.01	633.32
1608131129	617440809	615.73	558.44	594.13	631.33
1608131129	627454736	613.79	556.67	592.25	629.35
1608131129	637519970	611.85	554.89	590.37	627.36
1608131129	657576937	607.96	551.34	586.61	623.39
1608131129	667480226	606.02	549.57	584.73	621.4
1608131129	677575292	604.08	547.79	582.85	619.41
1608131129	687510746	602.14	546.02	580.97	617.43
1608131129	697493249	600.2	544.24	579.09	615.44
1608131129	707462175	598.26	542.47	577.22	613.45
1608131129	717437577	596.32	540.7	575.34	611.47
1608131129	727465439	594.37	538.92	573.46	609.48
1608131129	737556719	592.43	537.15	571.58	607.49
1608131129	747523496	590.49	535.37	569.7	605.51
1608131129	757573263	588.55	533.6	567.82	603.52
1608131129	767557662	586.61	531.83	565.95	601.53
1608131129	777508669	584.67	530.05	564.07	599.55
1608131129	787527500	582.73	528.28	562.19	597.56
1608131129	797531453	580.79	526.51	560.31	595.57
1608131129	807549796	578.84	524.73	558.43	593.59
1608131129	817372931	576.9	522.96	556.55	591.6
1608131129	827523027	574.96	521.19	554.68	589.61
1608131129	837532073	573.02	519.42	552.8	587.63
1608131129	847515709	571.08	517.64	550.92	585.64
1608131129	857550926	569.14	515.87	549.04	583.66
1608131129	867534484	567.2	514.1	547.17	581.67
1608131129	877508168	565.26	512.33	545.29	579.68
1608131129	887461252	563.32	510.55	543.41	577.7
1608131129	897630996	561.38	508.78	541.53	575.71
1608131129	907446828	559.44	507.01	539.66	573.72
1608131129	917428566	557.49	505.24	537.78	571.74
1608131129	927676518	555.55	503.47	535.9	569.75
1608131129	937622071	553.61	501.69	534.02	567.76
1608131129	947500037	551.67	499.92	532.15	565.78
1608131129	957564874	549.73	498.15	530.27	563.79
1608131129	967541565	547.79	496.38	528.39	561.8
1608131129	977554797	545.85	494.61	526.52	559.82
1608131129	987558161	543.91	492.84	524.64	557.83
1608131129	997553926	541.97	491.07	522.76	555.85
1608131130	7580831	540.03	489.3	520.89	553.86
1608131130	17415184	538.09	487.52	519.01	551.87
1608131130	27478686	536.15	485.75	517.13	549.89
1608131130	37551400	534.21	483.98	515.26	547.9
1608131130	47465052	532.27	482.21	513.38	545.91
1608131130	57505505	530.33	480.44	511.5	543.93
1608131130	67555076	528.39	478.67	509.63	541.94
1608131130	77560559	526.45	476.9	507.75	539.96
1608131130	87555422	524.51	475.13	505.87	537.97
1608131130	97583673	522.57	473.36	504	535.98
1608131130	107445518	520.63	471.59	502.12	534
1608131130	117531796	518.69	469.82	500.25	532.01
1608131130	127521714	516.75	468.05	498.37	530.02
1608131130	137562445	514.81	466.28	496.49	528.04
1608131130	147478912	512.87	464.52	494.62	526.05
1608131130	157468537	510.93	462.75	492.74	524.07
1608131130	167559151	508.99	460.98	490.87	522.08
1608131130	177586904	507.05	459.21	488.99	520.09
1608131130	187559033	505.11	457.44	487.12	518.11
1608131130	197538590	503.17	455.67	485.24	516.12
1608131130	207439490	501.23	453.9	483.36	514.13
1608131130	217456386	499.29	452.13	481.49	512.15
1608131130	227488621	497.35	450.37	479.61	510.16
1608131130	237532226	495.41	448.6	477.74	508.18
1608131130	247544942	493.47	446.83	475.86	506.19
1608131130	257558191	491.53	445.06	473.99	504.2
1608131130	267514243	489.59	443.29	472.11	502.22
1608131130	277548928	487.65	441.53	470.24	500.23
1608131130	287559058	485.71	439.76	468.36	498.25
1608131130	297553941	483.77	437.99	466.49	496.26
1608131130	307441224	481.83	436.22	464.61	494.27
1608131130	317403986	479.89	434.46	462.74	492.29
1608131130	327556277	477.95	432.69	460.86	490.3
1608131130	337517786	476.01	430.92	458.99	488.31
1608131130	347578832	474.07	429.16	457.11	486.33
1608131130	357517425	472.13	427.39	455.24	484.34
1608131130	367529599	470.2	425.62	453.37	482.36
1608131130	377476472	468.26	423.86	451.49	480.37
1608131130	387502475	466.32	422.09	449.62	478.38
1608131130	397560946	464.38	420.32	447.74	476.4
1608131130	417470583	460.5	416.79	444	472.43
1608131130	427610832	458.56	415.02	442.12	470.44
1608131130	437560623	456.62	413.26	440.25	468.45
1608131130	447575319	454.68	411.49	438.37	466.47
1608131130	457562984	452.74	409.73	436.5	464.48
1608131130	467570278	450.8	407.96	434.63	462.5
1608131130	477557082	448.87	406.2	432.75	460.51
1608131130	487453808	446.93	404.43	430.88	458.52
1608131130	497460579	444.99	402.67	429.01	456.54
1608131130	507375711	443.05	400.9	427.13	454.55
1608131130	517544723	441.11	399.14	425.26	452.57
1608131130	527555761	439.17	397.37	423.39	450.58
1608131130	537567859	437.23	395.61	421.51	448.59
1608131130	547587227	435.29	393.84	419.64	446.61
1608131130	557570788	433.36	392.08	417.77	444.62
1608131130	567572475	431.42	390.31	415.89	442.64
1608131130	577564726	429.48	388.55	414.02	440.65
1608131130	587577963	427.54	386.78	412.15	438.67
1608131130	597553707	425.6	385.02	410.27	436.68
1608131130	607423628	423.66	383.26	408.4	434.69
1608131130	617514658	421.72	381.49	406.53	432.71
1608131130	627573543	419.79	379.73	404.66	430.72
1608131130	637567853	417.85	377.97	402.78	428.74
1608131130	647512151	415.91	376.2	400.91	426.75
1608131130	657550503	413.97	374.44	399.04	424.76
1608131130	667539314	412.03	372.68	397.17	422.78
1608131130	677629772	410.09	370.91	395.29	420.79
1608131130	687524692	408.16	369.15	393.42	418.81
1608131130	697474773	406.22	367.39	391.55	416.82
1608131130	707552477	404.28	365.62	389.68	414.84
1608131130	717518100	402.34	363.86	387.81	412.85
1608131130	727551325	400.4	362.1	385.93	410.86
1608131130	737541575	398.47	360.34	384.06	408.88
1608131130	747539604	396.53	358.58	382.19	406.89
1608131130	757574277	394.59	356.81	380.32	404.91
1608131130	767488484	392.65	355.05	378.45	402.92
1608131130	777634241	390.71	353.29	376.57	400.94
1608131130	787454433	388.78	351.53	374.7	398.95
1608131130	797462288	386.84	349.77	372.83	396.96
1608131130	807453704	384.9	348	370.96	394.98
1608131130	817581443	382.96	346.24	369.09	392.99
1608131130	827553882	381.02	344.48	367.22	391.01
1608131130	837555755	379.09	342.72	365.35	389.02
1608131130	847541148	377.15	340.96	363.48	387.04
1608131130	857608800	375.21	339.2	361.6	385.05
1608131130	867398302	373.27	337.44	359.73	383.06
1608131130	877500736	371.34	335.68	357.86	381.08
1608131130	887547183	369.4	333.92	355.99	379.09
1608131130	897487801	367.46	332.16	354.12	377.11
1608131130	907534664	365.52	330.4	352.25	375.12
1608131130	917517187	363.59	328.64	350.38	373.14
1608131130	927563038	361.65	326.88	348.51	371.15
1608131130	937547949	359.71	325.12	346.64	369.16
1608131130	947442981	357.77	323.36	344.77	367.18
1608131130	957524428	355.84	321.6	342.9	365.19
1608131130	967671899	353.9	319.84	341.03	363.21
1608131130	977501572	351.96	318.08	339.16	361.22
1608131130	987500531	350.03	316.32	337.29	359.24
1608131130	997475413	348.09	314.56	335.42	357.25
1608131131	7476567	346.15	312.8	333.55	355.27
1608131131	17542399	344.21	311.04	331.68	353.28
1608131131	27567210	342.28	309.28	329.81	351.3
1608131131	47606976	338.4	305.77	326.07	347.32
1608131131	57532504	336.47	304.01	324.2	345.34
1608131131	67586775	334.53	302.25	322.33	343.35
1608131131	77571943	332.59	300.49	320.46	341.37
1608131131	87442753	330.66	298.73	318.59	339.38
1608131131	97581974	328.72	296.98	316.72	337.4
1608131131	107480589	326.78	295.22	314.85	335.41
1608131131	117524742	324.85	293.46	312.98	333.43
1608131131	127572623	322.91	291.7	311.11	331.44
1608131131	137558544	320.97	289.95	309.24	329.46
1608131131	147517577	319.04	288.19	307.37	327.47
1608131131	157430793	317.1	286.43	305.51	325.48
1608131131	167507510	315.16	284.67	303.64	323.5
1608131131	177529377	313.23	282.92	301.77	321.51
1608131131	187565184	311.29	281.16	299.9	319.53
1608131131	197542783	309.35	279.4	298.03	317.54
1608131131	207414148	307.42	277.65	296.16	315.56
1608131131	217499698	305.48	275.89	294.29	313.57
1608131131	227615580	303.54	274.13	292.42	311.59
1608131131	237574534	301.61	272.38	290.56	309.6
1608131131	247463263	299.67	270.62	288.69	307.62
1608131131	257500820	297.74	268.87	286.82	305.63
1608131131	267541691	295.8	267.11	284.95	303.65
1608131131	277526404	293.86	265.35	283.08	301.66
1608131131	287530677	291.93	263.6	281.22	299.68
1608131131	297464475	289.99	261.84	279.35	297.69
1608131131	307549547	288.05	260.09	277.48	295.7
1608131131	317551349	286.12	258.33	275.61	293.72
1608131131	327601698	284.18	256.58	273.74	291.73
1608131131	337576695	282.25	254.82	271.88	289.75
1608131131	347514793	280.31	253.07	270.01	287.76
1608131131	357529825	278.37	251.31	268.14	285.78
1608131131	367469098	276.44	249.56	266.27	283.79
1608131131	377545833	274.5	247.8	264.41	281.81
1608131131	387457804	272.57	246.05	262.54	279.82
1608131131	397568398	270.63	244.3	260.67	277.84
1608131131	407453956	268.7	242.54	258.81	275.85
1608131131	417558673	266.76	240.79	256.94	273.87
1608131131	427566444	264.82	239.03	255.07	271.88
1608131131	437618067	262.89	237.28	253.2	269.9
1608131131	447510685	260.95	235.53	251.34	267.91
1608131131	457486872	259.02	233.77	249.47	265.93
1608131131	467524258	257.08	232.02	247.6	263.94
1608131131	477494141	255.15	230.27	245.74	261.96
1608131131	487512277	253.21	228.51	243.87	259.97
1608131131	507517769	249.34	225.01	240.14	256
1608131131	517447631	247.41	223.26	238.27	254.02
1608131131	527504226	245.47	221.5	236.4	252.03
1608131131	537591653	243.54	219.75	234.54	250.05
1608131131	547497760	241.6	218	232.67	248.06
1608131131	557484256	239.66	216.25	230.81	246.08
1608131131	567519504	237.73	214.49	228.94	244.09
1608131131	577600403	235.79	212.74	227.07	242.11
1608131131	587505480	233.86	210.99	225.21	240.12
1608131131	597542993	231.92	209.24	223.34	238.14
1608131131	607413275	229.99	207.49	221.48	236.15
1608131131	617503237	228.05	205.74	219.61	234.17
1608131131	627670486	226.12	203.98	217.75	232.18
1608131131	637563270	224.19	202.23	215.88	230.2
1608131131	647604267	222.25	200.48	214.02	228.21
1608131131	657540549	220.32	198.73	212.15	226.23
1608131131	667569381	218.38	196.98	210.28	224.24
1608131131	677493169	216.45	195.23	208.42	222.26
1608131131	687588522	214.51	193.48	206.55	220.27
1608131131	697428417	212.58	191.73	204.69	218.29
1608131131	707579910	210.64	189.98	202.82	216.3
1608131131	717564052	208.71	188.23	200.96	214.32
1608131131	727522772	206.77	186.48	199.09	212.33
1608131131	737558802	204.84	184.73	197.23	210.35
1608131131	747555012	202.9	182.98	195.37	208.36
1608131131	757600307	200.97	181.23	193.5	206.38
1608131131	767485987	199.04	179.48	191.64	204.39
1608131131	777545444	197.1	177.73	189.77	202.41
1608131131	787547535	195.17	175.98	187.91	200.42
1608131131	797481298	193.23	174.23	186.04	198.44
1608131131	807562441	191.3	172.48	184.18	196.45
1608131131	817509212	189.36	170.74	182.31	194.47
1608131131	827587392	187.43	168.99	180.45	192.48
1608131131	837603785	185.5	167.24	178.59	190.5
1608131131	847537975	183.56	165.49	176.72	188.51
1608131131	857447705	181.63	163.74	174.86	186.53
1608131131	867568453	179.69	161.99	173	184.54
1608131131	877569947	177.76	160.25	171.13	182.56
1608131131	887560433	175.83	158.5	169.27	180.57
1608131131	897467370	173.89	156.75	167.4	178.59
1608131131	907489040	171.96	155	165.54	176.61
1608131131	917937573	170.02	153.25	163.68	174.62
1608131131	977557421	158.42	142.77	152.5	162.71
1608131131	987557158	156.49	141.03	150.64	160.73
1608131131	997509982	154.55	139.28	148.77	158.74
1608131132	7573726	152.62	137.53	146.91	156.76
1608131132	17505205	150.69	135.79	145.05	154.77
1608131132	27506721	148.75	134.04	143.19	152.79
1608131132	37537301	146.82	132.29	141.32	150.8
1608131132	47458535	144.89	130.55	139.46	148.82
1608131132	57576213	142.95	128.8	137.6	146.84
1608131132	67638916	141.02	127.06	135.74	144.85
1608131132	77623174	139.09	125.31	133.87	142.87
1608131132	87540825	137.15	123.57	132.01	140.88
1608131132	97541560	135.22	121.82	130.15	138.9
1608131132	107533386	133.29	120.08	128.29	136.91
1608131132	117547152	131.36	118.33	126.43	134.93
1608131132	127551339	129.42	116.59	124.56	132.94
1608131132	137495911	127.49	114.84	122.7	130.96
1608131132	147513708	125.56	113.1	120.84	128.98
1608131132	157564945	123.62	111.35	118.98	126.99
1608131132	167573209	121.69	109.61	117.12	125.01
1608131132	177501141	119.76	107.87	115.26	123.02
1608131132	187552019	117.82	106.12	113.39	121.04
1608131132	197460294	115.89	104.38	111.53	119.05
1608131132	207648253	113.96	102.63	109.67	117.07
1608131132	217475927	112.03	100.89	107.81	115.08
1608131132	227614146	110.09	99.15	105.95	113.1
1608131132	237619888	108.16	97.4	104.09	111.12
1608131132	247661053	106.23	95.66	102.23	109.13
1608131132	257554863	104.3	93.92	100.37	107.15
1608131132	267500799	102.36	92.18	98.51	105.16
1608131132	277524522	100.43	90.43	96.65	103.18
1608131132	287612240	98.5	88.69	94.79	101.19
1608131132	297556538	96.57	86.95	92.92	99.21
1608131132	307580682	94.63	85.21	91.06	97.22
1608131132	317598798	92.7	83.46	89.2	95.24
1608131132	327616470	90.77	81.72	87.34	93.26
1608131132	337490192	88.84	79.98	85.48	91.27
1608131132	347560438	86.91	78.24	83.62	89.29
1608131132	357598648	84.97	76.5	81.76	87.3
1608131132	367608557	83.04	74.75	79.9	85.32
1608131132	377619387	81.11	73.01	78.04	83.33
1608131132	387564953	79.18	71.27	76.18	81.35
1608131132	397588143	77.24	69.53	74.32	79.37
1608131132	407587255	75.31	67.79	72.46	77.38
1608131132	417539055	73.38	66.05	70.61	75.4
1608131132	427463371	71.45	64.31	68.75	73.41
1608131132	437436913	69.52	62.57	66.89	71.43
1608131132	447534463	67.59	60.83	65.03	69.44
1608131132	457600905	65.65	59.09	63.17	67.46
1608131132	467593632	63.72	57.35	61.31	65.48
1608131132	477558741	61.79	55.61	59.45	63.49
1608131132	487617016	59.86	53.87	57.59	61.51
1608131132	497757906	57.93	52.13	55.73	59.52
1608131132	507589448	56	50.39	53.87	57.54
1608131132	517619489	54.06	48.65	52.01	55.56
1608131132	527607361	52.13	46.91	50.16	53.57
1608131132	537543912	50.2	45.17	48.3	51.59
1608131132	547452030	48.27	43.43	46.44	49.6
1608131132	557621795	46.34	41.69	44.58	47.62
1608131132	567664589	44.41	39.95	42.72	45.64
1608131132	577568107	42.48	38.21	40.86	43.65
1608131132	587585675	40.54	36.47	39.01	41.67
1608131132	597582516	38.61	34.74	37.15	39.68
1608131132	607585205	36.68	33	35.29	37.7
1608131132	617594621	34.75	31.26	33.43	35.71
1608131132	627483705	32.82	29.52	31.57	33.73
1608131132	637547272	30.89	27.78	29.72	31.75
1608131132	647526104	28.96	26.05	27.86	29.76
1608131132	657614819	27.03	24.31	26	27.78
1608131132	667567778	25.1	22.57	24.14	25.79
1608131132	677592136	23.16	20.83	22.28	23.81
1608131132	687540420	21.23	19.1	20.43	21.83
1608131132	697586120	19.3	17.36	18.57	19.84
1608131132	707599568	17.37	15.62	16.71	17.86
1608131132	717536452	15.44	13.89	14.86	15.88
1608131132	727457203	13.51	12.15	13	13.89
1608131132	737570777	11.58	10.41	11.14	11.91
1608131132	747580984	9.65	8.68	9.28	9.92
1608131132	757601023	7.72	6.94	7.43	7.94
1608131132	767456597	5.79	5.21	5.57	5.96
1608131132	777515120	3.86	3.47	3.71	3.97
1608131132	787543817	1.93	1.73	1.86	1.99
1608131132	797566100	0	0	0	0
1608131132	807584489	0	0	0	0
1608131132	817591046	0	0	0	0
1608131132	827602565	0	0	0	0
1608131132	837575653	0	0	0	0
1608131132	847568579	0	0	0	0
1608131132	857640969	0	0	0	0
1608131132	867590464	0	0	0	0
1608131132	887597944	0	0	0	0
1608131132	897733962	0	0	0	0
1608131132	907453145	0	0	0	0
1608131132	917575573	0	0	0	0
1608131132	927472127	0	0	0	0
1608131132	937525456	0	0	0	0
1608131132	947588946	0	0	0	0
1608131132	957634662	0	0	0	0
1608131132	967603583	0	0	0	0
1608131132	977577254	0	0	0	0
1608131132	987569345	0	0	0	0
1608131132	997500771	0	0	0	0
1608131133	7563167	0	0	0	0
1608131133	17572997	0	0	0	0
1608131133	27498012	0	0	0	0
1608131133	37467717	0	0	0	0
1608131133	47565131	0	0	0	0
1608131133	57572607	0	0	0	0
1608131133	67558347	0	0	0	0
1608131133	77604089	0	0	0	0
1608131133	87549643	0	0	0	0
1608131133	97675593	0	0	0	0
1608131133	107514214	0	0	0	0
1608131133	117466564	0	0	0	0
1608131133	127473966	0	0	0	0
1608131133	137497165	0	0	0	0
1608131133	147511219	0	0	0	0
1608131133	157600222	0	0	0	0
1608131133	167642624	0	0	0	0
1608131133	177446340	0	0	0	0
1608131133	187594974	0	0	0	0
1608131133	197560340	0	0	0	0
1608131133	207622398	0	0	0	0
1608131133	217604819	0	0	0	0
1608131133	227579906	0	0	0	0
1608131133	237467526	0	0	0	0
1608131133	247561441	0	0	0	0
1608131133	257530502	0	0	0	0
1608131133	267572780	0	0	0	0
1608131133	277589653	0	0	0	0
1608131133	287586808	0	0	0	0
1608131133	297494279	0	0	0	0
1608131133	307531969	0	0	0	0
1608131133	317595776	0	0	0	0
1608131133	327563726	0	0	0	0
1608131133	337487282	0	0	0	0
1608131133	347546432	0	0	0	0
1608131133	357592449	0	0	0	0
1608131133	367545820	0	0	0	0
1608131133	377510955	0	0	0	0
1608131133	387562808	0	0	0	0
1608131133	397484697	0	0	0	0
1608131133	407592669	0	0	0	0
1608131133	417482743	0	0	0	0
1608131133	427588292	0	0	0	0
1608131133	437470564	0	0	0	0
1608131133	447481686	0	0	0	0
1608131133	457593843	0	0	0	0
1608131133	467667867	0	0	0	0
1608131133	487576962	0	0	0	0
1608131133	497601316	0	0	0	0
1608131133	507604633	0	0	0	0
1608131133	517597557	0	0	0	0
1608131133	527473674	0	0	0	0
1608131133	537507725	0	0	0	0
1608131133	547419482	0	0	0	0
1608131133	557590349	0	0	0	0
1608131133	567579276	0	0	0	0
1608131133	577533222	0	0	0	0
1608131133	587614163	0	0	0	0
1608131133	597602528	0	0	0	0
1608131133	607557353	0	0	0	0
1608131133	617539969	0	0	0	0
1608131133	627492876	0	0	0	0
1608131133	637565345	0	0	0	0
1608131133	647505441	0	0	0	0
1608131133	657500868	0	0	0	0
1608131133	667597911	0	0	0	0
1608131133	677537461	0	0	0	0
1608131133	687600659	0	0	0	0
1608131133	697513608	0	0	0	0
1608131133	717596668	0	0	0	0
1608131133	727538773	0	0	0	0
1608131133	737490522	0	0	0	0
1608131133	747514831	0	0	0	0
1608131133	757504004	0	0	0	0
1608131133	767530958	0	0	0	0
1608131133	777635138	0	0	0	0
1608131133	787557467	0	0	0	0
1608131133	797558164	0	0	0	0
