time_sec	time_nanosec	joint_velocity_0	joint_velocity_1	joint_velocity_2	joint_velocity_3
1608131113	737248257	0	0	0	0
1608131113	747221521	0	0	0	0
1608131113	757186705	0	0	0	0
1608131113	767491971	0	0	0	0
1608131113	777689428	0	0	0	0
1608131113	787445367	0	0	0	0
1608131113	797428551	0	0	0	0
1608131113	807575972	0	0	0	0
1608131113	817402852	0	0	0	0
1608131113	827643086	0	0	0	0
1608131113	837382493	0	0	0	0
1608131113	847458479	0	0	0	0
1608131113	857435035	0	0	0	0
1608131113	867388957	0	0	0	0
1608131113	877494100	0	0	0	0
1608131113	887355833	0	0	0	0
1608131113	897473152	0	0	0	0
1608131113	907496745	0	0	0	0
1608131113	917445353	0	0	0	0
1608131113	927464141	0	0	0	0
1608131113	937186179	0	0	0	0
1608131113	947389202	0	0	0	0
1608131113	957637219	0	0	0	0
1608131113	967480685	0	0	0	0
1608131113	977450564	0	0	0	0
1608131113	987416365	0	0	0	0
1608131113	997471958	0	0	0	0
1608131114	7446655	0	0	0	0
1608131114	17476883	0	0	0	0
1608131114	27400810	0	0	0	0
1608131114	37495598	0	0	0	0
1608131114	47370954	0	0	0	0
1608131114	57441126	0	0	0	0
1608131114	67501290	0	0	0	0
1608131114	77470019	0	0	0	0
1608131114	87593843	0	0	0	0
1608131114	97433212	0	0	0	0
1608131114	107492577	0	0	0	0
1608131114	117382260	0	0	0	0
1608131114	127480146	0	0	0	0
1608131114	137386675	0	0	0	0
1608131114	147310744	0	0	0	0
1608131114	157460481	0	0	0	0
1608131114	167565732	0	0	0	0
1608131114	177545523	0	0	0	0
1608131114	187335845	0	0	0	0
1608131114	197534802	0	0	0	0
1608131114	207461518	0	0	0	0
1608131114	217159344	0	0	0	0
1608131114	227445639	0	0	0	0
1608131114	237476006	0	0	0	0
1608131114	247398301	0	0	0	0
1608131114	257481263	0	0	0	0
1608131114	267509362	0	0	0	0
1608131114	277396385	0	0	0	0
1608131114	287423216	0	0	0	0
1608131114	297072930	0	0	0	0
1608131114	307303824	0	0	0	0
1608131114	317408706	0	0	0	0
1608131114	327338236	0	0	0	0
1608131114	337473309	0	0	0	0
1608131114	347512473	0	0	0	0
1608131114	357466443	0	0	0	0
1608131114	367402004	0	0	0	0
1608131114	377154445	0	0	0	0
1608131114	387472373	0	0	0	0
1608131114	397436545	0	0	0	0
1608131114	407669952	0	0	0	0
1608131114	417468399	0	0	0	0
1608131114	427439688	0	0	0	0
1608131114	437317613	0	0	0	0
1608131114	447629466	0	0	0	0
1608131114	457778674	0	0	0	0
1608131114	467732209	0	0	0	0
1608131114	477815791	0	0	0	0
1608131114	487534342	0	0	0	0
1608131114	497450644	0	0	0	0
1608131114	507836780	0	0	0	0
1608131114	517499813	0	0	0	0
1608131114	527432149	0	0	0	0
1608131114	537533712	0	0	0	0
1608131114	547126785	0	0	0	0
1608131114	557451077	0	0	0	0
1608131114	567459504	0	0	0	0
1608131114	577189347	0	0	0	0
1608131114	587177022	0	0	0	0
1608131114	597442045	0	0	0	0
1608131114	607421489	0	0	0	0
1608131114	617444133	0	0	0	0
1608131114	627179808	0	0	0	0
1608131114	637364053	0	0	0	0
1608131114	647448113	0	0	0	0
1608131114	657434273	0	0	0	0
1608131114	667505345	0	0	0	0
1608131114	677521087	0	0	0	0
1608131114	687510916	0	0	0	0
1608131114	697395881	0	0	0	0
1608131114	707491918	0	0	0	0
1608131114	717519277	0	0	0	0
1608131114	727496972	0	0	0	0
1608131114	737590129	0	0	0	0
1608131114	747431406	0	0	0	0
1608131114	757526802	0	0	0	0
1608131114	767501683	0	0	0	0
1608131114	777536153	0	0	0	0
1608131114	787597949	0	0	0	0
1608131114	797588445	0	0	0	0
1608131114	807425530	0	0	0	0
1608131114	817493748	0	0	0	0
1608131114	827430265	0	0	0	0
1608131114	837382231	0	0	0	0
1608131114	847078051	0	0	0	0
1608131114	857548509	0	0	0	0
1608131114	867601512	0	0	0	0
1608131114	877214833	0	0	0	0
1608131114	887504291	0	0	0	0
1608131114	897468378	0	0	0	0
1608131114	907515854	0	0	0	0
1608131114	917586197	0	0	0	0
1608131114	927411616	0	0	0	0
1608131114	937414048	0	0	0	0
1608131114	947504840	0	0	0	0
1608131114	958085224	0	0	0	0
1608131114	967331109	0	0	0	0
1608131114	977544715	0	0	0	0
1608131114	987385111	0	0	0	0
1608131114	997592639	0	0	0	0
1608131115	7403117	0	0	0	0
1608131115	17533416	0	0	0	0
1608131115	27472765	0	0	0	0
1608131115	37341024	0	0	0	0
1608131115	47436190	0	0	0	0
1608131115	57414395	0	0	0	0
1608131115	67480861	0	0	0	0
1608131115	77488289	0	0	0	0
1608131115	87613075	0	0	0	0
1608131115	97153455	0	0	0	0
1608131115	107602123	0	0	0	0
1608131115	117562560	0	0	0	0
1608131115	127353819	0	0	0	0
1608131115	137334270	0	0	0	0
1608131115	147579380	0	0	0	0
1608131115	157486411	0	0	0	0
1608131115	167491383	0	0	0	0
1608131115	177510620	0	0	0	0
1608131115	187513731	0	0	0	0
1608131115	197502292	0	0	0	0
1608131115	207509930	0	0	0	0
1608131115	217513503	0	0	0	0
1608131115	227337859	0	0	0	0
1608131115	237465829	0	0	0	0
1608131115	247389355	0	0	0	0
1608131115	257081585	0	0	0	0
1608131115	267481355	0	0	0	0
1608131115	277515870	0	0	0	0
1608131115	287487993	0	0	0	0
1608131115	297471955	0	0	0	0
1608131115	307438505	0	0	0	0
1608131115	317176093	0	0	0	0
1608131115	327745394	0	0	0	0
1608131115	337404251	0	0	0	0
1608131115	347520093	0	0	0	0
1608131115	357493321	0	0	0	0
1608131115	367449211	0	0	0	0
1608131115	377537095	0	0	0	0
1608131115	387468885	0	0	0	0
1608131115	397598185	0	0	0	0
1608131115	407473720	0	0	0	0
1608131115	417596343	0	0	0	0
1608131115	427458803	0	0	0	0
1608131115	437480633	0	0	0	0
1608131115	447501434	0	0	0	0
1608131115	457496439	0	0	0	0
1608131115	467432448	0	0	0	0
1608131115	477486750	0	0	0	0
1608131115	487464545	0	0	0	0
1608131115	497882148	0	0	0	0
1608131115	507600769	0	0	0	0
1608131115	517474657	0	0	0	0
1608131115	527382908	0	0	0	0
1608131115	537513331	0	0	0	0
1608131115	547640418	0	0	0	0
1608131115	557531905	0	0	0	0
1608131115	567513282	0	0	0	0
1608131115	577517412	0	0	0	0
1608131115	587475815	0	0	0	0
1608131115	597529433	0	0	0	0
1608131115	607498076	0	0	0	0
1608131115	617497797	0	0	0	0
1608131115	627616125	0	0	0	0
1608131115	637794603	0	0	0	0
1608131115	647553286	0	0	0	0
1608131115	657488368	0	0	0	0
1608131115	667510340	0	0	0	0
1608131115	677511280	0	0	0	0
1608131115	687480708	0	0	0	0
1608131115	697469665	0	0	0	0
1608131115	707872424	0	0	0	0
1608131115	717465456	0	0	0	0
1608131115	727129725	0	0	0	0
1608131115	737455099	0	0	0	0
1608131115	747464448	0	0	0	0
1608131115	757458903	0	0	0	0
1608131115	767434506	0	0	0	0
1608131115	777509696	0	0	0	0
1608131115	787643614	0	0	0	0
1608131115	797432593	0	0	0	0
1608131115	807389616	0	0	0	0
1608131115	817372938	0	0	0	0
1608131115	827104309	0	0	0	0
1608131115	837455114	0	0	0	0
1608131115	847534533	0	0	0	0
1608131115	857156893	0	0	0	0
1608131115	867861194	0	0	0	0
1608131115	877515622	0	0	0	0
1608131115	887177289	0	0	0	0
1608131115	897462435	0	0	0	0
1608131115	907606134	0	0	0	0
1608131115	917378896	0	0	0	0
1608131115	927416669	0	0	0	0
1608131115	937613617	0	0	0	0
1608131115	947447172	0	0	0	0
1608131115	957207209	0	0	0	0
1608131115	967467861	0	0	0	0
1608131115	977409865	0	0	0	0
1608131115	987607747	0	0	0	0
1608131115	997611107	0	0	0	0
1608131116	7520361	0	0	0	0
1608131116	17391148	0	0	0	0
1608131116	27546324	0	0	0	0
1608131116	37630453	0	0	0	0
1608131116	47446369	0	0	0	0
1608131116	57468264	0	0	0	0
1608131116	67455770	0	0	0	0
1608131116	77522419	0	0	0	0
1608131116	87494622	0	0	0	0
1608131116	97477709	0	0	0	0
1608131116	107537478	0	0	0	0
1608131116	117776507	0	0	0	0
1608131116	127187199	0	0	0	0
1608131116	137501161	0	0	0	0
1608131116	147519312	0	0	0	0
1608131116	157498074	0	0	0	0
1608131116	167480253	0	0	0	0
1608131116	177521120	0	0	0	0
1608131116	187494872	0	0	0	0
1608131116	197668664	0	0	0	0
1608131116	207581632	0	0	0	0
1608131116	217489042	0	0	0	0
1608131116	227626560	0	0	0	0
1608131116	237483280	0	0	0	0
1608131116	247414438	0	0	0	0
1608131116	257488443	0	0	0	0
1608131116	267876156	0	0	0	0
1608131116	277535067	0	0	0	0
1608131116	287515877	0	0	0	0
1608131116	297479393	0	0	0	0
1608131116	307386005	0	0	0	0
1608131116	317515708	0	0	0	0
1608131116	327492437	0	0	0	0
1608131116	337490495	0	0	0	0
1608131116	347532074	0	0	0	0
1608131116	357611582	0	0	0	0
1608131116	367620465	0	0	0	0
1608131116	377609091	0	0	0	0
1608131116	387452578	0	0	0	0
1608131116	397455648	0	0	0	0
1608131116	407631088	0	0	0	0
1608131116	417619535	0	0	0	0
1608131116	427660977	0	0	0	0
1608131116	437866431	0	0	0	0
1608131116	447630616	0	0	0	0
1608131116	457860864	0	0	0	0
1608131116	467858228	0	0	0	0
1608131116	477515264	0	0	0	0
1608131116	487483061	0	0	0	0
1608131116	497523374	0	0	0	0
1608131116	507573718	0	0	0	0
1608131116	517482775	0	0	0	0
1608131116	527529926	0	0	0	0
1608131116	537493261	0	0	0	0
1608131116	547494500	0	0	0	0
1608131116	557463448	0	0	0	0
1608131116	567455002	0	0	0	0
1608131116	577459652	0	0	0	0
1608131116	587473319	0	0	0	0
1608131116	597389535	0	0	0	0
1608131116	607586707	0	0	0	0
1608131116	617483089	0	0	0	0
1608131116	627487178	0	0	0	0
1608131116	637495897	0	0	0	0
1608131116	647461484	0	0	0	0
1608131116	657385246	0	0	0	0
1608131116	667327440	0	0	0	0
1608131116	677278559	0	0	0	0
1608131116	687354917	0	0	0	0
1608131116	697644516	0	0	0	0
1608131116	707533228	0	0	0	0
1608131116	717512297	0	0	0	0
1608131116	727210277	0	0	0	0
1608131116	737581422	0	0	0	0
1608131116	747488623	0	0	0	0
1608131116	757504262	0	0	0	0
1608131116	767402792	0	0	0	0
1608131116	777499353	0	0	0	0
1608131116	787433116	0	0	0	0
1608131116	797492845	0	0	0	0
1608131116	807618201	0	0	0	0
1608131116	817918695	0	0	0	0
1608131116	827554008	0	0	0	0
1608131116	837520810	0	0	0	0
1608131116	847521941	0	0	0	0
1608131116	857501008	0	0	0	0
1608131116	867513847	0	0	0	0
1608131116	877509323	0	0	0	0
1608131116	887508969	0	0	0	0
1608131116	897375526	0	0	0	0
1608131116	907364771	0	0	0	0
1608131116	917475248	0	0	0	0
1608131116	927526282	0	0	0	0
1608131116	937461419	0	0	0	0
1608131116	947463879	0	0	0	0
1608131116	957493329	0	0	0	0
1608131116	967452402	0	0	0	0
1608131116	977489091	0	0	0	0
1608131116	987703424	0	0	0	0
1608131116	997693005	0	0	0	0
1608131117	7399515	0	0	0	0
1608131117	17494836	0	0	0	0
1608131117	27519980	0	0	0	0
1608131117	37298532	0	0	0	0
1608131117	47427882	0	0	0	0
1608131117	57467420	0	0	0	0
1608131117	67421757	0	0	0	0
1608131117	77457198	0	0	0	0
1608131117	87470376	0	0	0	0
1608131117	97151264	0	0	0	0
1608131117	107147230	0	0	0	0
1608131117	117390202	0	0	0	0
1608131117	127530122	0	0	0	0
1608131117	137528401	0	0	0	0
1608131117	147617220	0	0	0	0
1608131117	157480315	0	0	0	0
1608131117	167199953	0	0	0	0
1608131117	177480249	0	0	0	0
1608131117	187489444	0	0	0	0
1608131117	197477723	0	0	0	0
1608131117	207167354	0	0	0	0
1608131117	217472941	0	0	0	0
1608131117	227651470	0	0	0	0
1608131117	237491869	0	0	0	0
1608131117	247451513	0	0	0	0
1608131117	257481379	0	0	0	0
1608131117	267461367	0	0	0	0
1608131117	277501430	0	0	0	0
1608131117	287437200	0	0	0	0
1608131117	297095785	0	0	0	0
1608131117	307423158	0	0	0	0
1608131117	317155548	0	0	0	0
1608131117	327168590	0	0	0	0
1608131117	337486884	0	0	0	0
1608131117	347455831	0	0	0	0
1608131117	357588118	0	0	0	0
1608131117	367490999	0	0	0	0
1608131117	377352579	0	0	0	0
1608131117	387553714	0	0	0	0
1608131117	397499557	0	0	0	0
1608131117	407397425	0	0	0	0
1608131117	417577174	0	0	0	0
1608131117	427579372	0	0	0	0
1608131117	437586032	0	0	0	0
1608131117	447575024	0	0	0	0
1608131117	457566455	0	0	0	0
1608131117	467412057	0	0	0	0
1608131117	477464890	0	0	0	0
1608131117	487656946	0	0	0	0
1608131117	497504174	0	0	0	0
1608131117	507529320	0	0	0	0
1608131117	517157054	0	0	0	0
1608131117	527457538	0	0	0	0
1608131117	537493129	0	0	0	0
1608131117	547501309	0	0	0	0
1608131117	557232786	0	0	0	0
1608131117	567469227	0	0	0	0
1608131117	577651332	0	0	0	0
1608131117	587469938	0	0	0	0
1608131117	597400437	0	0	0	0
1608131117	607536188	0	0	0	0
1608131117	617551535	0	0	0	0
1608131117	627570798	0	0	0	0
1608131117	637477664	0	0	0	0
1608131117	647538060	0	0	0	0
1608131117	657531620	0	0	0	0
1608131117	667432466	0	0	0	0
1608131117	677442568	0	0	0	0
1608131117	687538353	0	0	0	0
1608131117	697408061	0	0	0	0
1608131117	707533729	0	0	0	0
1608131117	717222317	0	0	0	0
1608131117	727359888	0	0	0	0
1608131117	737325444	0	0	0	0
1608131117	747540003	0	0	0	0
1608131117	757492089	0	0	0	0
1608131117	767471033	0	0	0	0
1608131117	777557308	0	0	0	0
1608131117	787633218	0	0	0	0
1608131117	797446596	0	0	0	0
1608131117	807446513	0	0	0	0
1608131117	817527593	0	0	0	0
1608131117	827651520	0	0	0	0
1608131117	837560779	0	0	0	0
1608131117	847512029	0	0	0	0
1608131117	857342474	0	0	0	0
1608131117	867353287	0	0	0	0
1608131117	877475176	0	0	0	0
1608131117	887554095	0	0	0	0
1608131117	897493365	0	0	0	0
1608131117	907606208	0	0	0	0
1608131117	917516678	0	0	0	0
1608131117	927162058	0	0	0	0
1608131117	937415729	0	0	0	0
1608131117	947591561	0	0	0	0
1608131117	957559326	0	0	0	0
1608131117	967960279	0	0	0	0
1608131117	977317912	0	0	0	0
1608131117	987444936	0	0	0	0
1608131117	997359095	0	0	0	0
1608131118	7510245	0	0	0	0
1608131118	17498308	0	0	0	0
1608131118	27499175	0	0	0	0
1608131118	37437628	0	0	0	0
1608131118	47553580	0	0	0	0
1608131118	57999682	0	0	0	0
1608131118	67308895	0	0	0	0
1608131118	77521736	0	0	0	0
1608131118	87451052	0	0	0	0
1608131118	97479543	0	0	0	0
1608131118	107443855	0	0	0	0
1608131118	117416102	0	0	0	0
1608131118	127540777	0	0	0	0
1608131118	137523277	0	0	0	0
1608131118	147533126	0	0	0	0
1608131118	157366080	0	0	0	0
1608131118	167398682	0	0	0	0
1608131118	177509544	0	0	0	0
1608131118	187780291	0	0	0	0
1608131118	197397813	0	0	0	0
1608131118	207654929	0	0	0	0
1608131118	217494040	0	0	0	0
1608131118	227479479	0	0	0	0
1608131118	237524507	0	0	0	0
1608131118	247527390	0	0	0	0
1608131118	257612755	0	0	0	0
1608131118	267424999	0	0	0	0
1608131118	277476619	0	0	0	0
1608131118	287448425	0	0	0	0
1608131118	297575929	0	0	0	0
1608131118	307577764	0	0	0	0
1608131118	317484231	0	0	0	0
1608131118	327487427	0	0	0	0
1608131118	337738386	0	0	0	0
1608131118	347366314	0	0	0	0
1608131118	357609877	0	0	0	0
1608131118	367658151	0	0	0	0
1608131118	377542338	0	0	0	0
1608131118	387656353	0	0	0	0
1608131118	397545229	0	0	0	0
1608131118	407509632	0	0	0	0
1608131118	417334758	0	0	0	0
1608131118	427515523	0	0	0	0
1608131118	437413691	0	0	0	0
1608131118	447550451	0	0	0	0
1608131118	457389358	0	0	0	0
1608131118	467599339	0	0	0	0
1608131118	477568751	0	0	0	0
1608131118	487648967	0	0	0	0
1608131118	497543054	0	0	0	0
1608131118	507518189	0	0	0	0
1608131118	517589184	0	0	0	0
1608131118	527464602	0	0	0	0
1608131118	537493360	0	0	0	0
1608131118	547227266	0	0	0	0
1608131118	557615285	0	0	0	0
1608131118	567520722	0	0	0	0
1608131118	577557568	0	0	0	0
1608131118	587532830	0	0	0	0
1608131118	597521835	0	0	0	0
1608131118	607526222	0	0	0	0
1608131118	617526809	0	0	0	0
1608131118	627529456	0	0	0	0
1608131118	637519547	0	0	0	0
1608131118	647525388	0	0	0	0
1608131118	657601128	0	0	0	0
1608131118	667482431	0	0	0	0
1608131118	677551682	0	0	0	0
1608131118	687498847	0	0	0	0
1608131118	697584714	0	0	0	0
1608131118	707575811	0	0	0	0
1608131118	717578170	0	0	0	0
1608131118	727534776	0	0	0	0
1608131118	737616223	0	0	0	0
1608131118	747162220	0	0	0	0
1608131118	757493294	0	0	0	0
1608131118	767536392	0	0	0	0
1608131118	777649974	0	0	0	0
1608131118	787569548	0	0	0	0
1608131118	797485494	0	0	0	0
1608131118	807677984	0	0	0	0
1608131118	817644711	0	0	0	0
1608131118	827454270	0	0	0	0
1608131118	837488632	0	0	0	0
1608131118	847427202	0	0	0	0
1608131118	857513685	0	0	0	0
1608131118	867539917	0	0	0	0
1608131118	877503920	0	0	0	0
1608131118	887455645	0	0	0	0
1608131118	897517637	0	0	0	0
1608131118	907512766	0	0	0	0
1608131118	917602925	0	0	0	0
1608131118	927492030	0	0	0	0
1608131118	937923502	0	0	0	0
1608131118	947423235	0	0	0	0
1608131118	957693832	0	0	0	0
1608131118	967498682	0	0	0	0
1608131118	977520551	0	0	0	0
1608131118	987476785	0	0	0	0
1608131118	997509095	0	0	0	0
1608131119	7614380	0	0	0	0
1608131119	17491905	0	0	0	0
1608131119	27528774	0	0	0	0
1608131119	37483477	0	0	0	0
1608131119	47444585	0	0	0	0
1608131119	57515539	0	0	0	0
1608131119	67527069	0	0	0	0
1608131119	77460064	0	0	0	0
1608131119	87438749	0	0	0	0
1608131119	97344007	0	0	0	0
1608131119	107226621	0	0	0	0
1608131119	117232072	0	0	0	0
1608131119	127691133	0	0	0	0
1608131119	137876183	0	0	0	0
1608131119	147440408	0	0	0	0
1608131119	157640288	0	0	0	0
1608131119	167528111	0	0	0	0
1608131119	177260722	0	0	0	0
1608131119	187453764	0	0	0	0
1608131119	197429641	0	0	0	0
1608131119	207512126	0	0	0	0
1608131119	217164934	0	0	0	0
1608131119	227339166	0	0	0	0
1608131119	237063658	0	0	0	0
1608131119	247484763	0	0	0	0
1608131119	257676820	0	0	0	0
1608131119	267538687	0	0	0	0
1608131119	277534266	0	0	0	0
1608131119	287478023	0	0	0	0
1608131119	297529622	0	0	0	0
1608131119	307505514	0	0	0	0
1608131119	317491359	0	0	0	0
1608131119	327233409	0	0	0	0
1608131119	337518811	0	0	0	0
1608131119	347520955	0	0	0	0
1608131119	357677426	0	0	0	0
1608131119	367819201	0	0	0	0
1608131119	377499429	0	0	0	0
1608131119	387762892	0	0	0	0
1608131119	397565246	0	0	0	0
1608131119	407562584	0	0	0	0
1608131119	417559074	0	0	0	0
1608131119	427539219	0	0	0	0
1608131119	437419332	0	0	0	0
1608131119	447540713	0	0	0	0
1608131119	457595975	0	0	0	0
1608131119	467423386	0	0	0	0
1608131119	477549889	0	0	0	0
1608131119	487566203	0	0	0	0
1608131119	497565180	0	0	0	0
1608131119	507561616	0	0	0	0
1608131119	517557060	0	0	0	0
1608131119	527616324	0	0	0	0
1608131119	537534984	0	0	0	0
1608131119	547526539	0	0	0	0
1608131119	557202466	0	0	0	0
1608131119	567494709	0	0	0	0
1608131119	577674964	0	0	0	0
1608131119	587936556	0	0	0	0
1608131119	597493136	0	0	0	0
1608131119	607153718	0	0	0	0
1608131119	617668872	0	0	0	0
1608131119	627420592	0	0	0	0
1608131119	637902264	0	0	0	0
1608131119	647636584	0	0	0	0
1608131119	657637372	0	0	0	0
1608131119	667557609	0	0	0	0
1608131119	677537369	0	0	0	0
1608131119	687526449	0	0	0	0
1608131119	697440944	0	0	0	0
1608131119	707635701	0	0	0	0
1608131119	717445105	0	0	0	0
1608131119	727461827	0	0	0	0
1608131119	737490064	0	0	0	0
1608131119	747567030	0	0	0	0
1608131119	757692147	0	0	0	0
1608131119	767572098	0	0	0	0
1608131119	777549083	0	0	0	0
1608131119	787534740	0	0	0	0
1608131119	797523811	0	0	0	0
1608131119	807442447	0	0	0	0
1608131119	817565480	0	0	0	0
1608131119	827184009	0	0	0	0
1608131119	837518035	0	0	0	0
1608131119	847577350	0	0	0	0
1608131119	857562684	0	0	0	0
1608131119	867547676	0	0	0	0
1608131119	877524745	0	0	0	0
1608131119	887571422	0	0	0	0
1608131119	897648415	0	0	0	0
1608131119	907558127	0	0	0	0
1608131119	917397449	0	0	0	0
1608131119	927478566	0	0	0	0
1608131119	938151596	0	0	0	0
1608131119	947431693	0	0	0	0
1608131119	957558309	0	0	0	0
1608131119	967521763	0	0	0	0
1608131119	977504221	0	0	0	0
1608131119	987544063	0	0	0	0
1608131119	997515021	0	0	0	0
1608131120	7578632	0	0	0	0
1608131120	17522887	0	0	0	0
1608131120	27460929	0	0	0	0
1608131120	37631094	0	0	0	0
1608131120	47475799	0	0	0	0
1608131120	57511158	0	0	0	0
1608131120	67514893	0	0	0	0
1608131120	77511869	0	0	0	0
1608131120	87499591	0	0	0	0
1608131120	97478807	0	0	0	0
1608131120	107451679	0	0	0	0
1608131120	117432413	0	0	0	0
1608131120	127430203	0	0	0	0
1608131120	138131873	0	0	0	0
1608131120	147476104	0	0	0	0
1608131120	157821147	0	0	0	0
1608131120	167543245	0	0	0	0
1608131120	177465970	0	0	0	0
1608131120	187552031	0	0	0	0
1608131120	197547449	0	0	0	0
1608131120	207252470	0	0	0	0
1608131120	217528090	0	0	0	0
1608131120	227203870	0	0	0	0
1608131120	237537305	0	0	0	0
1608131120	247211878	0	0	0	0
1608131120	257245973	0	0	0	0
1608131120	267521610	0	0	0	0
1608131120	277578393	0	0	0	0
1608131120	287519577	0	0	0	0
1608131120	297393827	0	0	0	0
1608131120	307446909	0	0	0	0
1608131120	317521399	0	0	0	0
1608131120	327532561	0	0	0	0
1608131120	337448718	0	0	0	0
1608131120	347448380	0	0	0	0
1608131120	357502640	0	0	0	0
1608131120	367574604	0	0	0	0
1608131120	377828882	0	0	0	0
1608131120	387761444	0	0	0	0
1608131120	397250222	0	0	0	0
1608131120	407480893	0	0	0	0
1608131120	417677530	0	0	0	0
1608131120	427530711	0	0	0	0
1608131120	437074326	0	0	0	0
1608131120	447445284	0	0	0	0
1608131120	457509513	0	0	0	0
1608131120	467522818	0	0	0	0
1608131120	477601579	0	0	0	0
1608131120	487473335	0	0	0	0
1608131120	497418526	0	0	0	0
1608131120	507500907	0	0	0	0
1608131120	517499457	0	0	0	0
1608131120	527470573	0	0	0	0
1608131120	537619393	0	0	0	0
1608131120	547547524	0	0	0	0
1608131120	557597996	0	0	0	0
1608131120	567568419	0	0	0	0
1608131120	577516163	0	0	0	0
1608131120	587611714	0	0	0	0
1608131120	597435055	0	0	0	0
1608131120	607512581	0	0	0	0
1608131120	617461460	0	0	0	0
1608131120	627569394	0	0	0	0
1608131120	637674114	0	0	0	0
1608131120	647631226	0	0	0	0
1608131120	657165171	0	0	0	0
1608131120	667360695	0	0	0	0
1608131120	677500669	0	0	0	0
1608131120	687540445	0	0	0	0
1608131120	697557560	0	0	0	0
1608131120	707689698	0	0	0	0
1608131120	717460380	0	0	0	0
1608131120	727425064	0	0	0	0
1608131120	737264610	0	0	0	0
1608131120	747556603	0	0	0	0
1608131120	757549536	0	0	0	0
1608131120	767543398	0	0	0	0
1608131120	777530890	0	0	0	0
1608131120	787581928	0	0	0	0
1608131120	797601052	0	0	0	0
1608131120	807533160	0	0	0	0
1608131120	817580196	0	0	0	0
1608131120	827783824	0	0	0	0
1608131120	837458801	0	0	0	0
1608131120	847514018	0	0	0	0
1608131120	857582320	0	0	0	0
1608131120	867492354	0	0	0	0
1608131120	877952993	0	0	0	0
1608131120	887741003	0	0	0	0
1608131120	897411820	0	0	0	0
1608131120	907439721	0	0	0	0
1608131120	917476682	0	0	0	0
1608131120	927460145	0	0	0	0
1608131120	937628120	0	0	0	0
1608131120	947558765	0	0	0	0
1608131120	957598200	0	0	0	0
1608131120	967516180	0	0	0	0
1608131120	977463536	0	0	0	0
1608131120	987551628	0	0	0	0
1608131120	997533750	0	0	0	0
1608131121	7484492	0	0	0	0
1608131121	17868429	0	0	0	0
1608131121	27465942	0	0	0	0
1608131121	37454812	0	0	0	0
1608131121	47681526	0	0	0	0
1608131121	57695489	0	0	0	0
1608131121	67507504	0	0	0	0
1608131121	77546479	0	0	0	0
1608131121	87533064	0	0	0	0
1608131121	97560007	0	0	0	0
1608131121	107626274	0	0	0	0
1608131121	117423581	0	0	0	0
1608131121	127479911	0	0	0	0
1608131121	137600075	0	0	0	0
1608131121	147725570	0	0	0	0
1608131121	157633206	0	0	0	0
1608131121	167798061	0	0	0	0
1608131121	177547045	0	0	0	0
1608131121	187473562	0	0	0	0
1608131121	197556931	0	0	0	0
1608131121	207495850	0	0	0	0
1608131121	217371981	0	0	0	0
1608131121	227575289	0	0	0	0
1608131121	237306814	0	0	0	0
1608131121	247384157	0	0	0	0
1608131121	257377943	0	0	0	0
1608131121	267590759	0	0	0	0
1608131121	277497988	0	0	0	0
1608131121	287568443	0	0	0	0
1608131121	297437736	0	0	0	0
1608131121	307546113	0	0	0	0
1608131121	317633603	0	0	0	0
1608131121	327544033	0	0	0	0
1608131121	337778840	0	0	0	0
1608131121	347586183	0	0	0	0
1608131121	357575166	0	0	0	0
1608131121	367965085	0	0	0	0
1608131121	377377981	0	0	0	0
1608131121	387610166	0	0	0	0
1608131121	397695150	0	0	0	0
1608131121	407531902	0	0	0	0
1608131121	417677793	0	0	0	0
1608131121	427565692	0	0	0	0
1608131121	437604304	0	0	0	0
1608131121	447603323	0	0	0	0
1608131121	457586983	0	0	0	0
1608131121	467550402	0	0	0	0
1608131121	477570144	0	0	0	0
1608131121	487421323	0	0	0	0
1608131121	497486619	0	0	0	0
1608131121	507451426	0	0	0	0
1608131121	517550496	0	0	0	0
1608131121	527407599	0	0	0	0
1608131121	537570434	0	0	0	0
1608131121	547610789	0	0	0	0
1608131121	557542937	0	0	0	0
1608131121	567377261	0	0	0	0
1608131121	577471466	0	0	0	0
1608131121	587535991	0	0	0	0
1608131121	597295369	0	0	0	0
1608131121	607621348	0	0	0	0
1608131121	617406286	0	0	0	0
1608131121	627563569	0	0	0	0
1608131121	637561095	0	0	0	0
1608131121	647545043	0	0	0	0
1608131121	657521244	0	0	0	0
1608131121	667560788	0	0	0	0
1608131121	677741227	0	0	0	0
1608131121	687577284	0	0	0	0
1608131121	697624151	0	0	0	0
1608131121	707670966	0	0	0	0
1608131121	717393699	0	0	0	0
1608131121	727587685	0	0	0	0
1608131121	737559240	0	0	0	0
1608131121	747553383	0	0	0	0
1608131121	757704115	0	0	0	0
1608131121	767569612	0	0	0	0
1608131121	777662150	0	0	0	0
1608131121	787541343	0	0	0	0
1608131121	797581500	0	0	0	0
1608131121	807550185	0	0	0	0
1608131121	817528273	0	0	0	0
1608131121	827619013	0	0	0	0
1608131121	837521051	0	0	0	0
1608131121	847471678	0	0	0	0
1608131121	857664484	0	0	0	0
1608131121	867465906	0	0	0	0
1608131121	877649600	0	0	0	0
1608131121	887555101	0	0	0	0
1608131121	897549361	0	0	0	0
1608131121	907234347	0	0	0	0
1608131121	917465004	0	0	0	0
1608131121	927633564	0	0	0	0
1608131121	937522673	0	0	0	0
1608131121	947525682	0	0	0	0
1608131121	957511732	0	0	0	0
1608131121	967578715	0	0	0	0
1608131121	977540818	0	0	0	0
1608131121	987575619	0	0	0	0
1608131121	997549839	0	0	0	0
1608131122	7522986	0	0	0	0
1608131122	17515715	0	0	0	0
1608131122	27524018	0	0	0	0
1608131122	37552706	0	0	0	0
1608131122	47533414	0	0	0	0
1608131122	57209817	0	0	0	0
1608131122	67996204	0	0	0	0
1608131122	77557785	0	0	0	0
1608131122	87606822	0	0	0	0
1608131122	97579084	0	0	0	0
1608131122	107630746	0	0	0	0
1608131122	117620456	0	0	0	0
1608131122	127627512	0	0	0	0
1608131122	137658267	0	0	0	0
1608131122	147430082	0	0	0	0
1608131122	157629808	0	0	0	0
1608131122	167530538	0	0	0	0
1608131122	177546185	0	0	0	0
1608131122	187531982	0	0	0	0
1608131122	197504536	0	0	0	0
1608131122	207524774	0	0	0	0
1608131122	217373512	0	0	0	0
1608131122	227543665	0	0	0	0
1608131122	237519042	0	0	0	0
1608131122	247483180	0	0	0	0
1608131122	257481884	0	0	0	0
1608131122	267666299	0	0	0	0
1608131122	277539598	0	0	0	0
1608131122	287618613	0	0	0	0
1608131122	297539046	0	0	0	0
1608131122	307563262	0	0	0	0
1608131122	317523060	0	0	0	0
1608131122	327512687	0	0	0	0
1608131122	337509635	0	0	0	0
1608131122	347177808	0	0	0	0
1608131122	357234570	0	0	0	0
1608131122	367507953	0	0	0	0
1608131122	377227849	0	0	0	0
1608131122	387497020	0	0	0	0
1608131122	397568196	0	0	0	0
1608131122	407537168	0	0	0	0
1608131122	417558632	0	0	0	0
1608131122	427468072	0	0	0	0
1608131122	437517300	0	0	0	0
1608131122	447603716	0	0	0	0
1608131122	457419572	0	0	0	0
1608131122	467579856	0	0	0	0
1608131122	477650877	0	0	0	0
1608131122	487512658	0	0	0	0
1608131122	497511074	0	0	0	0
1608131122	507609249	0	0	0	0
1608131122	517786092	0	0	0	0
1608131122	527538376	0	0	0	0
1608131122	537560398	0	0	0	0
1608131122	547507068	0	0	0	0
1608131122	557597898	0	0	0	0
1608131122	567559128	0	0	0	0
1608131122	577577424	0	0	0	0
1608131122	587511018	0	0	0	0
1608131122	597544326	0	0	0	0
1608131122	607518695	0	0	0	0
1608131122	617538579	0	0	0	0
1608131122	627516148	0	0	0	0
1608131122	637538535	0	0	0	0
1608131122	647375358	0	0	0	0
1608131122	657394547	0	0	0	0
1608131122	667411963	0	0	0	0
1608131122	677596703	0	0	0	0
1608131122	687469459	0	0	0	0
1608131122	697465156	0	0	0	0
1608131122	707565295	0	0	0	0
1608131122	717560257	0	0	0	0
1608131122	727521990	0	0	0	0
1608131122	737513860	0	0	0	0
1608131122	747610255	0	0	0	0
1608131122	757764312	0	0	0	0
1608131122	767504973	0	0	0	0
1608131122	777543462	0	0	0	0
1608131122	787639351	0	0	0	0
1608131122	797635904	0	0	0	0
1608131122	807564476	0	0	0	0
1608131122	817564233	0	0	0	0
1608131122	827710225	0	0	0	0
1608131122	837568336	0	0	0	0
1608131122	847597029	0	0	0	0
1608131122	857694403	0	0	0	0
1608131122	867698199	0	0	0	0
1608131122	877705813	0	0	0	0
1608131122	887539514	0	0	0	0
1608131122	897555808	0	0	0	0
1608131122	907517072	0	0	0	0
1608131122	917505550	0	0	0	0
1608131122	927636054	0	0	0	0
1608131122	937623846	0	0	0	0
1608131122	947562875	0	0	0	0
1608131122	957485619	0	0	0	0
1608131122	967671927	0	0	0	0
1608131122	977437304	0	0	0	0
1608131122	987393122	0	0	0	0
1608131122	997216812	0	0	0	0
1608131123	7422812	0	0	0	0
1608131123	17518639	0	0	0	0
1608131123	27625936	0	0	0	0
1608131123	37530452	0	0	0	0
1608131123	47472185	0	0	0	0
1608131123	57491561	0	0	0	0
1608131123	67505668	0	0	0	0
1608131123	77588907	0	0	0	0
1608131123	87567863	0	0	0	0
1608131123	98160872	0	0	0	0
1608131123	107326137	0	0	0	0
1608131123	117438656	0	0	0	0
1608131123	127575215	0	0	0	0
1608131123	137572877	0	0	0	0
1608131123	147545019	0	0	0	0
1608131123	157541642	0	0	0	0
1608131123	167487955	0	0	0	0
1608131123	177729252	0	0	0	0
1608131123	187532633	0	0	0	0
1608131123	197710572	0	0	0	0
1608131123	207579941	0	0	0	0
1608131123	217641240	0	0	0	0
1608131123	227535655	0	0	0	0
1608131123	237575803	0	0	0	0
1608131123	247518399	0	0	0	0
1608131123	257658410	0	0	0	0
1608131123	267463312	0	0	0	0
1608131123	277497061	0	0	0	0
1608131123	287543064	0	0	0	0
1608131123	297520592	0	0	0	0
1608131123	307528798	0	0	0	0
1608131123	317461192	0	0	0	0
1608131123	327372458	0	0	0	0
1608131123	337411420	0	0	0	0
1608131123	347244925	0	0	0	0
1608131123	357265711	0	0	0	0
1608131123	367401610	0	0	0	0
1608131123	377666272	0	0	0	0
1608131123	387573824	0	0	0	0
1608131123	397358367	0	0	0	0
1608131123	407488772	0	0	0	0
1608131123	417599331	0	0	0	0
1608131123	427533894	0	0	0	0
1608131123	437545357	0	0	0	0
1608131123	447576800	0	0	0	0
1608131123	457590982	0	0	0	0
1608131123	467441188	0	0	0	0
1608131123	477443849	0	0	0	0
1608131123	487665992	0	0	0	0
1608131123	497566227	0	0	0	0
1608131123	507600140	0	0	0	0
1608131123	517643233	0	0	0	0
1608131123	527501119	0	0	0	0
1608131123	537605935	0	0	0	0
1608131123	547455063	0	0	0	0
1608131123	557546534	0	0	0	0
1608131123	567553022	0	0	0	0
1608131123	577628779	0	0	0	0
1608131123	587540146	0	0	0	0
1608131123	597584568	0	0	0	0
1608131123	607526425	0	0	0	0
1608131123	617519184	0	0	0	0
1608131123	627589384	0	0	0	0
1608131123	637612938	0	0	0	0
1608131123	647667481	0	0	0	0
1608131123	657450455	0	0	0	0
1608131123	667530897	0	0	0	0
1608131123	677559400	0	0	0	0
1608131123	687570670	0	0	0	0
1608131123	697522816	0	0	0	0
1608131123	707550617	0	0	0	0
1608131123	717541163	0	0	0	0
1608131123	727585439	0	0	0	0
1608131123	737596721	0	0	0	0
1608131123	747495525	0	0	0	0
1608131123	757501955	0	0	0	0
1608131123	767609648	0	0	0	0
1608131123	777659817	0	0	0	0
1608131123	787603551	0	0	0	0
1608131123	797723765	0	0	0	0
1608131123	807615426	0	0	0	0
1608131123	817504634	0	0	0	0
1608131123	827568260	0	0	0	0
1608131123	837677624	0	0	0	0
1608131123	847525436	0	0	0	0
1608131123	857520233	0	0	0	0
1608131123	867668170	0	0	0	0
1608131123	877677340	0	0	0	0
1608131123	887609041	0	0	0	0
1608131123	897610113	0	0	0	0
1608131123	907501230	0	0	0	0
1608131123	917583076	0	0	0	0
1608131123	927477109	0	0	0	0
1608131123	937483077	0	0	0	0
1608131123	947689110	0	0	0	0
1608131123	957889102	0	0	0	0
1608131123	967905070	0	0	0	0
1608131123	977650189	0	0	0	0
1608131123	987531324	0	0	0	0
1608131123	997656357	0	0	0	0
1608131124	7854973	0	0	0	0
1608131124	17246912	0	0	0	0
1608131124	27503159	0	0	0	0
1608131124	37500203	0	0	0	0
1608131124	47454059	0	0	0	0
1608131124	57618336	0	0	0	0
1608131124	67476462	0	0	0	0
1608131124	77850961	0	0	0	0
1608131124	87508260	0	0	0	0
1608131124	97619996	0	0	0	0
1608131124	107571497	0	0	0	0
1608131124	117700683	0	0	0	0
1608131124	127499246	0	0	0	0
1608131124	137854364	0	0	0	0
1608131124	147546036	0	0	0	0
1608131124	157996868	0	0	0	0
1608131124	167493391	0	0	0	0
1608131124	177456035	0	0	0	0
1608131124	187391751	0	0	0	0
1608131124	197475528	0	0	0	0
1608131124	207575274	0	0	0	0
1608131124	217677262	0	0	0	0
1608131124	227598967	0	0	0	0
1608131124	237238460	0	0	0	0
1608131124	247632025	0	0	0	0
1608131124	257689609	0	0	0	0
1608131124	267593317	0	0	0	0
1608131124	277534340	0	0	0	0
1608131124	287460052	0	0	0	0
1608131124	297598195	0	0	0	0
1608131124	307685122	0	0	0	0
1608131124	317504357	0	0	0	0
1608131124	327521811	0	0	0	0
1608131124	337455733	0	0	0	0
1608131124	347575112	0	0	0	0
1608131124	357619570	0	0	0	0
1608131124	367601193	0	0	0	0
1608131124	377597754	0	0	0	0
1608131124	387475545	0	0	0	0
1608131124	397250351	0	0	0	0
1608131124	407612667	0	0	0	0
1608131124	417322658	0	0	0	0
1608131124	427553641	0	0	0	0
1608131124	437491945	0	0	0	0
1608131124	447594612	0	0	0	0
1608131124	457554145	0	0	0	0
1608131124	467715274	0	0	0	0
1608131124	477534197	0	0	0	0
1608131124	487538877	0	0	0	0
1608131124	497542409	0	0	0	0
1608131124	507379216	0	0	0	0
1608131124	517378617	0	0	0	0
1608131124	527340493	0	0	0	0
1608131124	537481572	0	0	0	0
1608131124	547581926	0	0	0	0
1608131124	557651690	0	0	0	0
1608131124	567597236	0	0	0	0
1608131124	577519871	0	0	0	0
1608131124	587596764	0	0	0	0
1608131124	597570768	0	0	0	0
1608131124	607553229	0	0	0	0
1608131124	617554581	0	0	0	0
1608131124	627500898	0	0	0	0
1608131124	637473274	0	0	0	0
1608131124	647596407	0	0	0	0
1608131124	657611661	0	0	0	0
1608131124	667581238	0	0	0	0
1608131124	677640132	0	0	0	0
1608131124	687627335	0	0	0	0
1608131124	697589618	0	0	0	0
1608131124	707601988	0	0	0	0
1608131124	717737280	0	0	0	0
1608131124	727467778	0	0	0	0
1608131124	737605365	0	0	0	0
1608131124	747453869	0	0	0	0
1608131124	757478121	0	0	0	0
1608131124	767407915	0	0	0	0
1608131124	777256094	0	0	0	0
1608131124	787602833	0	0	0	0
1608131124	797635939	0	0	0	0
1608131124	807615520	0	0	0	0
1608131124	817500979	0	0	0	0
1608131124	827499474	0	0	0	0
1608131124	837643981	0	0	0	0
1608131124	847643033	0	0	0	0
1608131124	857738381	0	0	0	0
1608131124	867529528	0	0	0	0
1608131124	877642431	0	0	0	0
1608131124	887656245	0	0	0	0
1608131124	897611856	0	0	0	0
1608131124	907620589	0	0	0	0
1608131124	917623428	0	0	0	0
1608131124	927735312	0	0	0	0
1608131124	937552484	0	0	0	0
1608131124	947667286	0	0	0	0
1608131124	957659426	0	0	0	0
1608131124	967554654	0	0	0	0
1608131124	977532993	0	0	0	0
1608131124	987902716	0	0	0	0
1608131124	997548582	0	0	0	0
1608131125	7352373	0	0	0	0
1608131125	17407473	0	0	0	0
1608131125	27361237	0	0	0	0
1608131125	37279494	0	0	0	0
1608131125	47252380	0	0	0	0
1608131125	57614935	0	0	0	0
1608131125	67814335	0	0	0	0
1608131125	77515745	0	0	0	0
1608131125	87524930	0	0	0	0
1608131125	97546665	0	0	0	0
1608131125	107606080	0	0	0	0
1608131125	117542310	0	0	0	0
1608131125	127383591	0	0	0	0
1608131125	137794804	0	0	0	0
1608131125	147558698	0	0	0	0
1608131125	157566113	0	0	0	0
1608131125	167588331	0	0	0	0
1608131125	177544729	0	0	0	0
1608131125	187573297	0	0	0	0
1608131125	197566825	0	0	0	0
1608131125	207631771	0	0	0	0
1608131125	217643373	0	0	0	0
1608131125	227507910	0	0	0	0
1608131125	237577632	0	0	0	0
1608131125	247617554	0	0	0	0
1608131125	257645185	0	0	0	0
1608131125	267511054	0	0	0	0
1608131125	277548894	0	0	0	0
1608131125	287611302	0	0	0	0
1608131125	297585716	0	0	0	0
1608131125	307315892	0	0	0	0
1608131125	317728583	0	0	0	0
1608131125	327616012	0	0	0	0
1608131125	337575995	0	0	0	0
1608131125	347517536	0	0	0	0
1608131125	357583608	0	0	0	0
1608131125	367532228	0	0	0	0
1608131125	377519369	0	0	0	0
1608131125	387552653	0	0	0	0
1608131125	397704635	0	0	0	0
1608131125	407462901	0	0	0	0
1608131125	417742744	0	0	0	0
1608131125	427664025	0	0	0	0
1608131125	437680622	0	0	0	0
1608131125	447638946	0	0	0	0
1608131125	457644306	0	0	0	0
1608131125	467639287	0	0	0	0
1608131125	477638166	0	0	0	0
1608131125	487601568	0	0	0	0
1608131125	497580502	0	0	0	0
1608131125	507504557	0	0	0	0
1608131125	517491288	0	0	0	0
1608131125	527563725	0	0	0	0
1608131125	537766396	0	0	0	0
1608131125	547633976	0	0	0	0
1608131125	557542434	0	0	0	0
1608131125	567549267	0	0	0	0
1608131125	577609682	0	0	0	0
1608131125	587637890	0	0	0	0
1608131125	597381334	0	0	0	0
1608131125	607681882	0	0	0	0
1608131125	617517339	0	0	0	0
1608131125	627623244	0	0	0	0
1608131125	637668516	0	0	0	0
1608131125	648157200	0	0	0	0
1608131125	657512734	0	0	0	0
1608131125	667647423	0	0	0	0
1608131125	677378593	0	0	0	0
1608131125	687581300	0	0	0	0
1608131125	697562483	0	0	0	0
1608131125	707640108	0	0	0	0
1608131125	717733582	0	0	0	0
1608131125	727576252	0	0	0	0
1608131125	737611797	0	0	0	0
1608131125	747677516	0	0	0	0
1608131125	757648537	0	0	0	0
1608131125	767611068	0	0	0	0
1608131125	777620863	0	0	0	0
1608131125	787580836	0	0	0	0
1608131125	797548887	0	0	0	0
1608131125	807557872	0	0	0	0
1608131125	817639757	0	0	0	0
1608131125	827824510	0	0	0	0
1608131125	837520925	0	0	0	0
1608131125	847313172	0	0	0	0
1608131125	857655104	0	0	0	0
1608131125	867523207	0	0	0	0
1608131125	877578666	0	0	0	0
1608131125	887554198	0	0	0	0
1608131125	897577452	0	0	0	0
1608131125	907587340	0	0	0	0
1608131125	917652696	0	0	0	0
1608131125	927257894	0	0	0	0
1608131125	937677092	0	0	0	0
1608131125	947641704	0	0	0	0
1608131125	957318778	0	0	0	0
1608131125	967651021	0	0	0	0
1608131125	977302608	0	0	0	0
1608131125	987558517	0	0	0	0
1608131125	997741093	0	0	0	0
1608131126	7637203	0	0	0	0
1608131126	17548960	0	0	0	0
1608131126	27532765	0	0	0	0
1608131126	37344035	0	0	0	0
1608131126	47619383	0	0	0	0
1608131126	57892850	0	0	0	0
1608131126	67639382	0	0	0	0
1608131126	77491294	0	0	0	0
1608131126	87624302	0	0	0	0
1608131126	97611444	0	0	0	0
1608131126	107593295	0	0	0	0
1608131126	117586253	0	0	0	0
1608131126	127576353	0	0	0	0
1608131126	137645566	0	0	0	0
1608131126	147689143	0	0	0	0
1608131126	157705919	0	0	0	0
1608131126	167632491	0	0	0	0
1608131126	177395609	0	0	0	0
1608131126	187516176	0	0	0	0
1608131126	197624664	0	0	0	0
1608131126	207682228	0	0	0	0
1608131126	217538225	0	0	0	0
1608131126	227638896	0	0	0	0
1608131126	237414451	0	0	0	0
1608131126	247633683	0	0	0	0
1608131126	257510898	0	0	0	0
1608131126	267661928	0	0	0	0
1608131126	277279374	0	0	0	0
1608131126	287351034	0	0	0	0
1608131126	297569724	0	0	0	0
1608131126	307311567	0	0	0	0
1608131126	317552412	0	0	0	0
1608131126	327927522	0	0	0	0
1608131126	337680489	0	0	0	0
1608131126	347520671	0	0	0	0
1608131126	357776033	0	0	0	0
1608131126	368073166	0	0	0	0
1608131126	377310210	0	0	0	0
1608131126	387533285	0	0	0	0
1608131126	397562727	0	0	0	0
1608131126	407621943	0	0	0	0
1608131126	417610758	0	0	0	0
1608131126	427483810	0	0	0	0
1608131126	437650155	0	0	0	0
1608131126	447636533	0	0	0	0
1608131126	457620463	0	0	0	0
1608131126	467628145	0	0	0	0
1608131126	477251280	0	0	0	0
1608131126	487512753	0	0	0	0
1608131126	497600954	0	0	0	0
1608131126	507623086	0	0	0	0
1608131126	517519694	0	0	0	0
1608131126	527556320	0	0	0	0
1608131126	537595085	0	0	0	0
1608131126	547663682	0	0	0	0
1608131126	557611344	0	0	0	0
1608131126	567597652	0	0	0	0
1608131126	577622490	0	0	0	0
1608131126	587343306	0	0	0	0
1608131126	597586127	0	0	0	0
1608131126	607660744	0	0	0	0
1608131126	617515414	0	0	0	0
1608131126	627351538	0	0	0	0
1608131126	637714271	0	0	0	0
1608131126	647630760	0	0	0	0
1608131126	657608858	0	0	0	0
1608131126	667631645	0	0	0	0
1608131126	677628355	0	0	0	0
1608131126	687641104	0	0	0	0
1608131126	697627879	0	0	0	0
1608131126	707701300	0	0	0	0
1608131126	717323809	0	0	0	0
1608131126	727535316	0	0	0	0
1608131126	737660113	0	0	0	0
1608131126	747638338	0	0	0	0
1608131126	757464459	0	0	0	0
1608131126	767438939	0	0	0	0
1608131126	777458841	0	0	0	0
1608131126	787449879	0	0	0	0
1608131126	797625753	0	0	0	0
1608131126	807751476	0	0	0	0
1608131126	817809399	0	0	0	0
1608131126	827584292	0	0	0	0
1608131126	837678252	0	0	0	0
1608131126	847725261	0	0	0	0
1608131126	857609919	0	0	0	0
1608131126	867530360	0	0	0	0
1608131126	877686063	0	0	0	0
1608131126	887707982	0	0	0	0
1608131126	897543092	0	0	0	0
1608131126	907649201	0	0	0	0
1608131126	917527009	0	0	0	0
1608131126	927648808	0	0	0	0
1608131126	937618140	0	0	0	0
1608131126	947583114	0	0	0	0
1608131126	957609235	0	0	0	0
1608131126	967556346	0	0	0	0
1608131126	977679112	0	0	0	0
1608131126	987679561	0	0	0	0
1608131126	997360929	0	0	0	0
1608131127	7546718	0	0	0	0
1608131127	17555321	0	0	0	0
1608131127	27699947	0	0	0	0
1608131127	37692543	0	0	0	0
1608131127	47697101	0	0	0	0
1608131127	57495809	0	0	0	0
1608131127	67536683	0	0	0	0
1608131127	77720085	0	0	0	0
1608131127	87710880	0	0	0	0
1608131127	97726550	0	0	0	0
1608131127	107265689	0	0	0	0
1608131127	117520016	0	0	0	0
1608131127	127701178	0	0	0	0
1608131127	137645843	0	0	0	0
1608131127	147320727	0	0	0	0
1608131127	158024332	0	0	0	0
1608131127	167599362	0	0	0	0
1608131127	177553957	0	0	0	0
1608131127	187637247	0	0	0	0
1608131127	198060815	0	0	0	0
1608131127	207629356	0	0	0	0
1608131127	218033982	0	0	0	0
1608131127	228032723	0	0	0	0
1608131127	237809942	0	0	0	0
1608131127	247632562	0	0	0	0
1608131127	257753900	0	0	0	0
1608131127	267657098	0	0	0	0
1608131127	277323642	0	0	0	0
1608131127	287646645	0	0	0	0
1608131127	297604494	0	0	0	0
1608131127	307642327	0	0	0	0
1608131127	317658855	0	0	0	0
1608131127	327664828	0	0	0	0
1608131127	337632326	0	0	0	0
1608131127	347594097	0	0	0	0
1608131127	357753447	0	0	0	0
1608131127	367367581	0	0	0	0
1608131127	377595375	0	0	0	0
1608131127	387756184	0	0	0	0
1608131127	397586635	0	0	0	0
1608131127	407768836	0	0	0	0
1608131127	417672424	0	0	0	0
1608131127	427583096	0	0	0	0
1608131127	437675799	0	0	0	0
1608131127	447676631	0	0	0	0
1608131127	457672107	0	0	0	0
1608131127	467713902	0	0	0	0
1608131127	477637882	0	0	0	0
1608131127	487635806	0	0	0	0
1608131127	497684609	0	0	0	0
1608131127	507561396	0	0	0	0
1608131127	517636361	0	0	0	0
1608131127	527345099	0	0	0	0
1608131127	537657457	0	0	0	0
1608131127	547628850	0	0	0	0
1608131127	557701251	0	0	0	0
1608131127	567276521	0	0	0	0
1608131127	577636206	0	0	0	0
1608131127	587652530	0	0	0	0
1608131127	597745519	0	0	0	0
1608131127	607676142	0	0	0	0
1608131127	617669190	0	0	0	0
1608131127	627541618	0	0	0	0
1608131127	637673858	0	0	0	0
1608131127	647271905	0	0	0	0
1608131127	657629786	0	0	0	0
1608131127	667526709	0	0	0	0
1608131127	677564842	0	0	0	0
1608131127	687654492	0	0	0	0
1608131127	697600041	0	0	0	0
1608131127	707642332	0	0	0	0
1608131127	717588990	0	0	0	0
1608131127	727595170	0	0	0	0
1608131127	737597904	0	0	0	0
1608131127	747596023	0	0	0	0
1608131127	757486719	0	0	0	0
1608131127	767663194	0	0	0	0
1608131127	777666108	0	0	0	0
1608131127	787677518	0	0	0	0
1608131127	797678580	0	0	0	0
1608131127	807765051	0	0	0	0
1608131127	817621219	0	0	0	0
1608131127	827587377	0	0	0	0
1608131127	837545188	0	0	0	0
1608131127	847669154	0	0	0	0
1608131127	857770742	0	0	0	0
1608131127	867640519	0	0	0	0
1608131127	877664579	0	0	0	0
1608131127	887624151	0	0	0	0
1608131127	897647708	0	0	0	0
1608131127	907646998	0	0	0	0
1608131127	917571702	0	0	0	0
1608131127	927631941	0	0	0	0
1608131127	937568422	0	0	0	0
1608131127	947630178	0	0	0	0
1608131127	957609091	0	0	0	0
1608131127	967601530	0	0	0	0
1608131127	977924630	0	0	0	0
1608131127	987722501	0	0	0	0
1608131127	997634485	0	0	0	0
1608131128	7655577	0	0	0	0
1608131128	17648890	0	0	0	0
1608131128	27656181	0	0	0	0
1608131128	37615622	0	0	0	0
1608131128	47562970	0	0	0	0
1608131128	57836251	0	0	0	0
1608131128	67639891	0	0	0	0
1608131128	77700762	0	0	0	0
1608131128	87741284	0	0	0	0
1608131128	97723665	0	0	0	0
1608131128	107628950	0	0	0	0
1608131128	117645402	0	0	0	0
1608131128	127640969	0	0	0	0
1608131128	137653584	0	0	0	0
1608131128	147712803	0	0	0	0
1608131128	157648626	0	0	0	0
1608131128	167630408	0	0	0	0
1608131128	177343053	0	0	0	0
1608131128	187749847	0	0	0	0
1608131128	197610807	0	0	0	0
1608131128	207681505	0	0	0	0
1608131128	217674842	0	0	0	0
1608131128	227711582	0	0	0	0
1608131128	237611424	0	0	0	0
1608131128	247461318	0	0	0	0
1608131128	257299313	0	0	0	0
1608131128	267660224	0	0	0	0
1608131128	277686212	0	0	0	0
1608131128	287629216	0	0	0	0
1608131128	297686606	0	0	0	0
1608131128	307796459	0	0	0	0
1608131128	317688373	0	0	0	0
1608131128	327643395	0	0	0	0
1608131128	337791502	0	0	0	0
1608131128	347591161	0	0	0	0
1608131128	357611267	0	0	0	0
1608131128	367644920	0	0	0	0
1608131128	377719228	0	0	0	0
1608131128	387700272	0	0	0	0
1608131128	397685924	0	0	0	0
1608131128	407681802	0	0	0	0
1608131128	417689127	0	0	0	0
1608131128	427689753	0	0	0	0
1608131128	437593567	0	0	0	0
1608131128	447555547	0	0	0	0
1608131128	457750120	0	0	0	0
1608131128	467713979	0	0	0	0
1608131128	477728516	0	0	0	0
1608131128	487653526	0	0	0	0
1608131128	497688509	0	0	0	0
1608131128	507686950	0	0	0	0
1608131128	517658142	0	0	0	0
1608131128	527762934	0	0	0	0
1608131128	537617501	0	0	0	0
1608131128	547749832	0	0	0	0
1608131128	557663671	0	0	0	0
1608131128	567740427	0	0	0	0
1608131128	577636253	0	0	0	0
1608131128	587719331	0	0	0	0
1608131128	597621948	0	0	0	0
1608131128	607681008	0	0	0	0
1608131128	617354742	0	0	0	0
1608131128	627610756	0	0	0	0
1608131128	637553022	0	0	0	0
1608131128	647649058	0	0	0	0
1608131128	657642866	0	0	0	0
1608131128	667796582	0	0	0	0
1608131128	677706148	0	0	0	0
1608131128	687691772	0	0	0	0
1608131128	697671606	0	0	0	0
1608131128	707652028	0	0	0	0
1608131128	717645357	0	0	0	0
1608131128	727679021	0	0	0	0
1608131128	737314266	0	0	0	0
1608131128	747617195	0	0	0	0
1608131128	757684963	0	0	0	0
1608131128	767725053	0	0	0	0
1608131128	777599871	0	0	0	0
1608131128	787652747	0	0	0	0
1608131128	797945462	0	0	0	0
1608131128	807309949	0	0	0	0
1608131128	817541348	0	0	0	0
1608131128	827525462	0	0	0	0
1608131128	837543817	0	0	0	0
1608131128	847655319	0	0	0	0
1608131128	857649442	0	0	0	0
1608131128	867618065	0	0	0	0
1608131128	877617085	0	0	0	0
1608131128	887530041	0	0	0	0
1608131128	897626168	0	0	0	0
1608131128	907613243	0	0	0	0
1608131128	917656721	0	0	0	0
1608131128	927725278	0	0	0	0
1608131128	937748659	0	0	0	0
1608131128	947659417	0	0	0	0
1608131128	957664557	0	0	0	0
1608131128	967699418	0	0	0	0
1608131128	977655110	0	0	0	0
1608131128	987705202	0	0	0	0
1608131128	997598371	0	0	0	0
1608131129	7650514	0	0	0	0
1608131129	17669664	0	0	0	0
1608131129	27562824	0	0	0	0
1608131129	37747796	0	0	0	0
1608131129	47459270	0	0	0	0
1608131129	57769916	0	0	0	0
1608131129	67640349	0	0	0	0
1608131129	77652369	0	0	0	0
1608131129	87834411	0	0	0	0
1608131129	97598032	0	0	0	0
1608131129	107672697	0	0	0	0
1608131129	117579898	0	0	0	0
1608131129	127553227	0	0	0	0
1608131129	137596620	0	0	0	0
1608131129	147743190	0	0	0	0
1608131129	157658798	0	0	0	0
1608131129	167692191	0	0	0	0
1608131129	177788668	0	0	0	0
1608131129	187380610	0	0	0	0
1608131129	197660963	0	0	0	0
1608131129	207665661	0	0	0	0
1608131129	217709433	0	0	0	0
1608131129	227552975	0	0	0	0
1608131129	237666558	0	0	0	0
1608131129	247679513	0	0	0	0
1608131129	257717709	0	0	0	0
1608131129	267615451	0	0	0	0
1608131129	277649198	0	0	0	0
1608131129	287652322	0	0	0	0
1608131129	297639132	0	0	0	0
1608131129	307647495	0	0	0	0
1608131129	317594914	0	0	0	0
1608131129	327683762	0	0	0	0
1608131129	337725573	0	0	0	0
1608131129	347687898	0	0	0	0
1608131129	357595115	0	0	0	0
1608131129	367685942	0	0	0	0
1608131129	377336607	0	0	0	0
1608131129	387680528	0	0	0	0
1608131129	397675137	0	0	0	0
1608131129	407895211	0	0	0	0
1608131129	417521035	0	0	0	0
1608131129	427635137	0	0	0	0
1608131129	437702541	0	0	0	0
1608131129	447944689	0	0	0	0
1608131129	457732620	0	0	0	0
1608131129	467558031	0	0	0	0
1608131129	477647634	0	0	0	0
1608131129	487793025	0	0	0	0
1608131129	497643241	0	0	0	0
1608131129	507623424	0	0	0	0
1608131129	517563462	0	0	0	0
1608131129	527641654	0	0	0	0
1608131129	537686623	0	0	0	0
1608131129	547727573	0	0	0	0
1608131129	557572113	0	0	0	0
1608131129	567673533	0	0	0	0
1608131129	577615395	0	0	0	0
1608131129	587282590	0	0	0	0
1608131129	597683751	0	0	0	0
1608131129	607561790	0	0	0	0
1608131129	617577012	0	0	0	0
1608131129	627782097	0	0	0	0
1608131129	637670880	0	0	0	0
1608131129	647619161	0	0	0	0
1608131129	657722569	0	0	0	0
1608131129	667708164	0	0	0	0
1608131129	677318262	0	0	0	0
1608131129	688067181	0	0	0	0
1608131129	697634303	0	0	0	0
1608131129	707689877	0	0	0	0
1608131129	717578340	0	0	0	0
1608131129	727794794	0	0	0	0
1608131129	737702845	0	0	0	0
1608131129	747664599	0	0	0	0
1608131129	757720381	0	0	0	0
1608131129	767703647	0	0	0	0
1608131129	777650586	0	0	0	0
1608131129	787669894	0	0	0	0
1608131129	797673478	0	0	0	0
1608131129	807704405	0	0	0	0
1608131129	817699477	0	0	0	0
1608131129	827635417	0	0	0	0
1608131129	837655076	0	0	0	0
1608131129	847661111	0	0	0	0
1608131129	857696134	0	0	0	0
1608131129	867676422	0	0	0	0
1608131129	877649608	0	0	0	0
1608131129	887604824	0	0	0	0
1608131129	897362684	0	0	0	0
1608131129	907588971	0	0	0	0
1608131129	917571420	0	0	0	0
1608131129	927341375	0	0	0	0
1608131129	937747896	0	0	0	0
1608131129	947615187	0	0	0	0
1608131129	957685538	0	0	0	0
1608131129	967660213	0	0	0	0
1608131129	977676039	0	0	0	0
1608131129	987679042	0	0	0	0
1608131129	997673798	0	0	0	0
1608131130	7723292	0	0	0	0
1608131130	17744381	0	0	0	0
1608131130	27591970	0	0	0	0
1608131130	37674867	0	0	0	0
1608131130	47571360	0	0	0	0
1608131130	57750189	0	0	0	0
1608131130	67795720	0	0	0	0
1608131130	77680931	0	0	0	0
1608131130	87676847	0	0	0	0
1608131130	97729254	0	0	0	0
1608131130	107559283	0	0	0	0
1608131130	117972990	0	0	0	0
1608131130	127649700	0	0	0	0
1608131130	137684442	0	0	0	0
1608131130	147804300	0	0	0	0
1608131130	157696672	0	0	0	0
1608131130	167704432	0	0	0	0
1608131130	177328145	0	0	0	0
1608131130	187709646	0	0	0	0
1608131130	197686291	0	0	0	0
1608131130	207581779	0	0	0	0
1608131130	217593743	0	0	0	0
1608131130	227632964	0	0	0	0
1608131130	237681358	0	0	0	0
1608131130	247664479	0	0	0	0
1608131130	257939092	0	0	0	0
1608131130	267631673	0	0	0	0
1608131130	277669220	0	0	0	0
1608131130	287681599	0	0	0	0
1608131130	297675753	0	0	0	0
1608131130	307737171	0	0	0	0
1608131130	317582517	0	0	0	0
1608131130	327671851	0	0	0	0
1608131130	337884510	0	0	0	0
1608131130	347697144	0	0	0	0
1608131130	357876450	0	0	0	0
1608131130	367644244	0	0	0	0
1608131130	377589846	0	0	0	0
1608131130	387622186	0	0	0	0
1608131130	398176834	0	0	0	0
1608131130	407452017	0	0	0	0
1608131130	417580982	0	0	0	0
1608131130	427813907	0	0	0	0
1608131130	437684789	0	0	0	0
1608131130	447693343	0	0	0	0
1608131130	457681439	0	0	0	0
1608131130	467678580	0	0	0	0
1608131130	477672775	0	0	0	0
1608131130	487570906	0	0	0	0
1608131130	497255306	0	0	0	0
1608131130	507626175	0	0	0	0
1608131130	517663796	0	0	0	0
1608131130	527751707	0	0	0	0
1608131130	537691235	0	0	0	0
1608131130	547705693	0	0	0	0
1608131130	557690699	0	0	0	0
1608131130	567697637	0	0	0	0
1608131130	577685203	0	0	0	0
1608131130	587699500	0	0	0	0
1608131130	597673231	0	0	0	0
1608131130	607881011	0	0	0	0
1608131130	617636118	0	0	0	0
1608131130	627767896	0	0	0	0
1608131130	637692273	0	0	0	0
1608131130	647628890	0	0	0	0
1608131130	657888656	0	0	0	0
1608131130	667679024	0	0	0	0
1608131130	677371509	0	0	0	0
1608131130	688080638	0	0	0	0
1608131130	697799305	0	0	0	0
1608131130	707693860	0	0	0	0
1608131130	717638371	0	0	0	0
1608131130	727750698	0	0	0	0
1608131130	737727099	0	0	0	0
1608131130	747685491	0	0	0	0
1608131130	757694603	0	0	0	0
1608131130	767674526	0	0	0	0
1608131130	777772062	0	0	0	0
1608131130	787632369	0	0	0	0
1608131130	797793763	0	0	0	0
1608131130	807566033	0	0	0	0
1608131130	817738044	0	0	0	0
1608131130	827786060	0	0	0	0
1608131130	837752225	0	0	0	0
1608131130	847660091	0	0	0	0
1608131130	857769431	0	0	0	0
1608131130	867509173	0	0	0	0
1608131130	877620529	0	0	0	0
1608131130	887741380	0	0	0	0
1608131130	897601285	0	0	0	0
1608131130	907679799	0	0	0	0
1608131130	917657784	0	0	0	0
1608131130	927707221	0	0	0	0
1608131130	937693631	0	0	0	0
1608131130	947583670	0	0	0	0
1608131130	957663540	0	0	0	0
1608131130	967412918	0	0	0	0
1608131130	977728673	0	0	0	0
1608131130	987736167	0	0	0	0
1608131130	997705803	0	0	0	0
1608131131	7706098	0	0	0	0
1608131131	17683204	0	0	0	0
1608131131	27711167	0	0	0	0
1608131131	37406731	0	0	0	0
1608131131	47348073	0	0	0	0
1608131131	57671050	0	0	0	0
1608131131	67329384	0	0	0	0
1608131131	77716827	0	0	0	0
1608131131	87589230	0	0	0	0
1608131131	97707288	0	0	0	0
1608131131	107593449	0	0	0	0
1608131131	117721275	0	0	0	0
1608131131	127696298	0	0	0	0
1608131131	137678039	0	0	0	0
1608131131	147632645	0	0	0	0
1608131131	157543443	0	0	0	0
1608131131	167625856	0	0	0	0
1608131131	177648439	0	0	0	0
1608131131	187685278	0	0	0	0
1608131131	197661435	0	0	0	0
1608131131	207538124	0	0	0	0
1608131131	217620926	0	0	0	0
1608131131	227737029	0	0	0	0
1608131131	237696000	0	0	0	0
1608131131	247657932	0	0	0	0
1608131131	257618113	0	0	0	0
1608131131	267655844	0	0	0	0
1608131131	277639832	0	0	0	0
1608131131	287646369	0	0	0	0
1608131131	297666431	0	0	0	0
1608131131	307662748	0	0	0	0
1608131131	317812863	0	0	0	0
1608131131	327719648	0	0	0	0
1608131131	337831376	0	0	0	0
1608131131	347694996	0	0	0	0
1608131131	357710101	0	0	0	0
1608131131	367650614	0	0	0	0
1608131131	377663705	0	0	0	0
1608131131	387578984	0	0	0	0
1608131131	397338862	0	0	0	0
1608131131	407571611	0	0	0	0
1608131131	417718964	0	0	0	0
1608131131	427751064	0	0	0	0
1608131131	437771914	0	0	0	0
1608131131	447653264	0	0	0	0
1608131131	457812712	0	0	0	0
1608131131	468074337	0	0	0	0
1608131131	477826564	0	0	0	0
1608131131	488173615	0	0	0	0
1608131131	497362350	0	0	0	0
1608131131	507662819	0	0	0	0
1608131131	517587761	0	0	0	0
1608131131	527834107	0	0	0	0
1608131131	537743113	0	0	0	0
1608131131	547824679	0	0	0	0
1608131131	557808751	0	0	0	0
1608131131	567660298	0	0	0	0
1608131131	577344120	0	0	0	0
1608131131	587739360	0	0	0	0
1608131131	597682607	0	0	0	0
1608131131	607523555	0	0	0	0
1608131131	617650656	0	0	0	0
1608131131	627391554	0	0	0	0
1608131131	637708921	0	0	0	0
1608131131	647346657	0	0	0	0
1608131131	657682794	0	0	0	0
1608131131	667701295	0	0	0	0
1608131131	678062846	0	0	0	0
1608131131	687784615	0	0	0	0
1608131131	697838197	0	0	0	0
1608131131	707837466	0	0	0	0
1608131131	717779214	0	0	0	0
1608131131	727634758	0	0	0	0
1608131131	737675474	0	0	0	0
1608131131	747677957	0	0	0	0
1608131131	757718862	0	0	0	0
1608131131	767599800	0	0	0	0
1608131131	777663031	0	0	0	0
1608131131	787929976	0	0	0	0
1608131131	797596524	0	0	0	0
1608131131	807348183	0	0	0	0
1608131131	817623052	0	0	0	0
1608131131	827788359	0	0	0	0
1608131131	837805656	0	0	0	0
1608131131	847658169	0	0	0	0
1608131131	857849022	0	0	0	0
1608131131	867687437	0	0	0	0
1608131131	877688749	0	0	0	0
1608131131	887683104	0	0	0	0
1608131131	897762177	0	0	0	0
1608131131	907601937	0	0	0	0
1608131131	918061265	0	0	0	0
1608131131	927575950	0	0	0	0
1608131131	937550496	0	0	0	0
1608131131	947526082	0	0	0	0
1608131131	957557481	0	0	0	0
1608131131	967496775	0	0	0	0
1608131131	977676860	0	0	0	0
1608131131	987678367	0	0	0	0
1608131131	997623757	0	0	0	0
1608131132	7693163	0	0	0	0
1608131132	17619602	0	0	0	0
1608131132	27622155	0	0	0	0
1608131132	37653331	0	0	0	0
1608131132	47862764	0	0	0	0
1608131132	57695295	0	0	0	0
1608131132	67808002	0	0	0	0
1608131132	77758479	0	0	0	0
1608131132	87659567	0	0	0	0
1608131132	97652592	0	0	0	0
1608131132	107648572	0	0	0	0
1608131132	117660029	0	0	0	0
1608131132	127666218	0	0	0	0
1608131132	137610959	0	0	0	0
1608131132	147627690	0	0	0	0
1608131132	157681978	0	0	0	0
1608131132	167720562	0	0	0	0
1608131132	177732169	0	0	0	0
1608131132	187696885	0	0	0	0
1608131132	197789573	0	0	0	0
1608131132	207389497	0	0	0	0
1608131132	217706532	0	0	0	0
1608131132	227752393	0	0	0	0
1608131132	237362709	0	0	0	0
1608131132	247402875	0	0	0	0
1608131132	257699391	0	0	0	0
1608131132	267899737	0	0	0	0
1608131132	277754807	0	0	0	0
1608131132	287352429	0	0	0	0
1608131132	297676313	0	0	0	0
1608131132	307697384	0	0	0	0
1608131132	318120888	0	0	0	0
1608131132	327736373	0	0	0	0
1608131132	337607430	0	0	0	0
1608131132	347680282	0	0	0	0
1608131132	357723712	0	0	0	0
1608131132	367745131	0	0	0	0
1608131132	377735852	0	0	0	0
1608131132	387774036	0	0	0	0
1608131132	397707580	0	0	0	0
1608131132	407707244	0	0	0	0
1608131132	417654000	0	0	0	0
1608131132	427590066	0	0	0	0
1608131132	437550661	0	0	0	0
1608131132	447647274	0	0	0	0
1608131132	457728668	0	0	0	0
1608131132	467974671	0	0	0	0
1608131132	477814117	0	0	0	0
1608131132	487892114	0	0	0	0
1608131132	497435163	0	0	0	0
1608131132	507722410	0	0	0	0
1608131132	517739202	0	0	0	0
1608131132	527725245	0	0	0	0
1608131132	537687783	0	0	0	0
1608131132	547790700	0	0	0	0
1608131132	557752176	0	0	0	0
1608131132	567817431	0	0	0	0
1608131132	577918106	0	0	0	0
1608131132	587939885	0	0	0	0
1608131132	597932515	0	0	0	0
1608131132	607986421	0	0	0	0
1608131132	617713157	0	0	0	0
1608131132	627604790	0	0	0	0
1608131132	637666335	0	0	0	0
1608131132	647640608	0	0	0	0
1608131132	657734376	0	0	0	0
1608131132	667723730	0	0	0	0
1608131132	677711579	0	0	0	0
1608131132	687657834	0	0	0	0
1608131132	697839216	0	0	0	0
1608131132	707719289	0	0	0	0
1608131132	717649753	0	0	0	0
1608131132	727571169	0	0	0	0
1608131132	737693321	0	0	0	0
1608131132	747834185	0	0	0	0
1608131132	757720608	0	0	0	0
1608131132	767569799	0	0	0	0
1608131132	777634163	0	0	0	0
1608131132	787727020	0	0	0	0
1608131132	797906676	0	0	0	0
1608131132	807935412	0	0	0	0
1608131132	817708173	0	0	0	0
1608131132	827730761	0	0	0	0
1608131132	837923878	0	0	0	0
1608131132	847681421	0	0	0	0
1608131132	857840855	0	0	0	0
1608131132	867736264	0	0	0	0
1608131132	877506171	0	0	0	0
1608131132	887721053	0	0	0	0
1608131132	897449738	0	0	0	0
1608131132	907798277	0	0	0	0
1608131132	917771189	0	0	0	0
1608131132	927587555	0	0	0	0
1608131132	937646722	0	0	0	0
1608131132	947708486	0	0	0	0
1608131132	957757868	0	0	0	0
1608131132	967764740	0	0	0	0
1608131132	977768735	0	0	0	0
1608131132	987704151	0	0	0	0
1608131132	997615720	0	0	0	0
1608131133	8109255	0	0	0	0
1608131133	17722489	0	0	0	0
1608131133	27818875	0	0	0	0
1608131133	37787639	0	0	0	0
1608131133	47706593	0	0	0	0
1608131133	57717483	0	0	0	0
1608131133	67702489	0	0	0	0
1608131133	77750646	0	0	0	0
1608131133	87695040	0	0	0	0
1608131133	97416243	0	0	0	0
1608131133	107655303	0	0	0	0
1608131133	117788762	0	0	0	0
1608131133	127703699	0	0	0	0
1608131133	137644601	0	0	0	0
1608131133	147891244	0	0	0	0
1608131133	157746276	0	0	0	0
1608131133	167377552	0	0	0	0
1608131133	177580573	0	0	0	0
1608131133	187717299	0	0	0	0
1608131133	197674929	0	0	0	0
1608131133	207742285	0	0	0	0
1608131133	217724889	0	0	0	0
1608131133	227852585	0	0	0	0
1608131133	237764508	0	0	0	0
1608131133	247800682	0	0	0	0
1608131133	257649436	0	0	0	0
1608131133	267694761	0	0	0	0
1608131133	277713091	0	0	0	0
1608131133	287706760	0	0	0	0
1608131133	297608842	0	0	0	0
1608131133	307772856	0	0	0	0
1608131133	317721311	0	0	0	0
1608131133	327677380	0	0	0	0
1608131133	337603095	0	0	0	0
1608131133	347661924	0	0	0	0
1608131133	357710576	0	0	0	0
1608131133	367661979	0	0	0	0
1608131133	377625472	0	0	0	0
1608131133	387684384	0	0	0	0
1608131133	397672393	0	0	0	0
1608131133	407376368	0	0	0	0
1608131133	417962255	0	0	0	0
1608131133	427733867	0	0	0	0
1608131133	437612589	0	0	0	0
1608131133	447854821	0	0	0	0
1608131133	457711743	0	0	0	0
1608131133	467795670	0	0	0	0
1608131133	477426019	0	0	0	0
1608131133	487698513	0	0	0	0
1608131133	497719709	0	0	0	0
1608131133	507795480	0	0	0	0
1608131133	517377948	0	0	0	0
1608131133	527644117	0	0	0	0
1608131133	537622465	0	0	0	0
1608131133	547524551	0	0	0	0
1608131133	557709202	0	0	0	0
1608131133	567694648	0	0	0	0
1608131133	577648186	0	0	0	0
1608131133	587736456	0	0	0	0
1608131133	597748191	0	0	0	0
1608131133	607676057	0	0	0	0
1608131133	617736467	0	0	0	0
1608131133	627798183	0	0	0	0
1608131133	637709258	0	0	0	0
1608131133	647642309	0	0	0	0
1608131133	657694749	0	0	0	0
1608131133	667723596	0	0	0	0
1608131133	677881317	0	0	0	0
1608131133	687857186	0	0	0	0
1608131133	698074163	0	0	0	0
1608131133	707459893	0	0	0	0
1608131133	717714769	0	0	0	0
1608131133	727652904	0	0	0	0
1608131133	737666750	0	0	0	0
1608131133	747628138	0	0	0	0
1608131133	757644889	0	0	0	0
1608131133	767890953	0	0	0	0
1608131133	777756840	0	0	0	0
1608131133	787683825	0	0	0	0
1608131133	797762881	0	0	0	0
