time_sec	time_nanosec	joint_velocity_0	joint_velocity_1	joint_velocity_2	joint_velocity_3
1608054794	601091664	0	0	0	0
1608054794	611083601	0	0	0	0
1608054794	621343393	0	0	0	0
1608054794	630912618	0	0	0	0
1608054794	640871056	0	0	0	0
1608054794	650962244	0	0	0	0
1608054794	660912847	0	0	0	0
1608054794	670954307	0	0	0	0
1608054794	680979542	0	0	0	0
1608054794	691172512	0	0	0	0
1608054794	700977632	0	0	0	0
1608054794	710917856	0	0	0	0
1608054794	720937196	0	0	0	0
1608054794	730961911	0	0	0	0
1608054794	740984064	0	0	0	0
1608054794	750978999	0	0	0	0
1608054794	760941924	0	0	0	0
1608054794	770892810	0	0	0	0
1608054794	780951907	0	0	0	0
1608054794	790934615	0	0	0	0
1608054794	801013088	0	0	0	0
1608054794	810881793	0	0	0	0
1608054794	820930920	0	0	0	0
1608054794	830977022	0	0	0	0
1608054794	840967318	0	0	0	0
1608054794	850986352	0	0	0	0
1608054794	860990287	0	0	0	0
1608054794	870969266	0	0	0	0
1608054794	880979178	0	0	0	0
1608054794	890955116	0	0	0	0
1608054794	900977531	0	0	0	0
1608054794	910867558	0	0	0	0
1608054794	920989850	0	0	0	0
1608054794	930861697	0	0	0	0
1608054794	940891207	0	0	0	0
1608054794	950951071	0	0	0	0
1608054794	961940162	0	0	0	0
1608054794	970854660	0	0	0	0
1608054794	980874872	0	0	0	0
1608054794	990961828	0	0	0	0
1608054795	1102115	0	0	0	0
1608054795	11042686	0	0	0	0
1608054795	21121942	0	0	0	0
1608054795	31096363	0	0	0	0
1608054795	40905784	0	0	0	0
1608054795	50864950	0	0	0	0
1608054795	61033073	0	0	0	0
1608054795	70882455	0	0	0	0
1608054795	80873250	0	0	0	0
1608054795	90987353	0	0	0	0
1608054795	100984508	0	0	0	0
1608054795	110990109	0	0	0	0
1608054795	120902880	0	0	0	0
1608054795	130987792	0	0	0	0
1608054795	140924426	0	0	0	0
1608054795	150902188	0	0	0	0
1608054795	160929442	0	0	0	0
1608054795	171116001	0	0	0	0
1608054795	181005950	0	0	0	0
1608054795	190913370	0	0	0	0
1608054795	200993845	0	0	0	0
1608054795	210995424	0	0	0	0
1608054795	221040582	0	0	0	0
1608054795	230942452	0	0	0	0
1608054795	241099582	0	0	0	0
1608054795	250923041	0	0	0	0
1608054795	260956311	0	0	0	0
1608054795	270955207	0	0	0	0
1608054795	281035734	0	0	0	0
1608054795	291149579	0	0	0	0
1608054795	300961616	0	0	0	0
1608054795	310964183	0	0	0	0
1608054795	320986113	0	0	0	0
1608054795	330966695	0	0	0	0
1608054795	340985977	0	0	0	0
1608054795	350922783	0	0	0	0
1608054795	360934898	0	0	0	0
1608054795	370981668	0	0	0	0
1608054795	381019338	0	0	0	0
1608054795	390986670	0	0	0	0
1608054795	401684336	0	0	0	0
1608054795	410952473	0	0	0	0
1608054795	420951223	0	0	0	0
1608054795	431130611	0	0	0	0
1608054795	441044154	0	0	0	0
1608054795	450940611	0	0	0	0
1608054795	461283067	0	0	0	0
1608054795	471039465	0	0	0	0
1608054795	480844445	0	0	0	0
1608054795	490907222	0	0	0	0
1608054795	500885925	0	0	0	0
1608054795	511283426	0	0	0	0
1608054795	520938165	0	0	0	0
1608054795	530967451	0	0	0	0
1608054795	540960555	0	0	0	0
1608054795	550855810	0	0	0	0
1608054795	560830822	0	0	0	0
1608054795	571375758	0	0	0	0
1608054795	580882820	0	0	0	0
1608054795	590915437	0	0	0	0
1608054795	600874619	0	0	0	0
1608054795	610810469	0	0	0	0
1608054795	621000401	0	0	0	0
1608054795	630904258	0	0	0	0
1608054795	641594315	0	0	0	0
1608054795	651149934	0	0	0	0
1608054795	660965886	0	0	0	0
1608054795	670900352	0	0	0	0
1608054795	681156456	0	0	0	0
1608054795	691033028	0	0	0	0
1608054795	700960340	0	0	0	0
1608054795	711122566	0	0	0	0
1608054795	720985972	0	0	0	0
1608054795	730948750	0	0	0	0
1608054795	740974195	0	0	0	0
1608054795	750979619	0	0	0	0
1608054795	761112213	0	0	0	0
1608054795	771107499	0	0	0	0
1608054795	780976198	0	0	0	0
1608054795	791035298	0	0	0	0
1608054795	801085061	0	0	0	0
1608054795	810965895	0	0	0	0
1608054795	821149692	0	0	0	0
1608054795	830937743	0	0	0	0
1608054795	841099443	0	0	0	0
1608054795	850988165	0	0	0	0
1608054795	860958338	0	0	0	0
1608054795	871097297	0	0	0	0
1608054795	881159958	0	0	0	0
1608054795	890950452	0	0	0	0
1608054795	901078444	0	0	0	0
1608054795	911090812	0	0	0	0
1608054795	920937954	0	0	0	0
1608054795	930936760	0	0	0	0
1608054795	941001072	0	0	0	0
1608054795	951041550	0	0	0	0
1608054795	960938563	0	0	0	0
1608054795	971049770	0	0	0	0
1608054795	980900941	0	0	0	0
1608054795	990878423	0	0	0	0
1608054796	859286	0	0	0	0
1608054796	10839703	0	0	0	0
1608054796	21287202	0	0	0	0
1608054796	30871725	0	0	0	0
1608054796	40858097	0	0	0	0
1608054796	50820083	0	0	0	0
1608054796	60813615	0	0	0	0
1608054796	70774215	0	0	0	0
1608054796	80903083	0	0	0	0
1608054796	90911693	0	0	0	0
1608054796	100975254	0	0	0	0
1608054796	110969746	0	0	0	0
1608054796	120973964	0	0	0	0
1608054796	130948616	0	0	0	0
1608054796	141057957	0	0	0	0
1608054796	150969281	0	0	0	0
1608054796	160902953	0	0	0	0
1608054796	171199343	0	0	0	0
1608054796	181096291	0	0	0	0
1608054796	191093376	0	0	0	0
1608054796	200994418	0	0	0	0
1608054796	210989308	0	0	0	0
1608054796	221017598	0	0	0	0
1608054796	230987775	0	0	0	0
1608054796	241004081	0	0	0	0
1608054796	251117269	0	0	0	0
1608054796	260904325	0	0	0	0
1608054796	270964321	0	0	0	0
1608054796	281020314	0	0	0	0
1608054796	290992344	0	0	0	0
1608054796	300970935	0	0	0	0
1608054796	310900294	0	0	0	0
1608054796	321136039	0	0	0	0
1608054796	330937303	0	0	0	0
1608054796	340994600	0	0	0	0
1608054796	350955859	0	0	0	0
1608054796	361076744	0	0	0	0
1608054796	371071237	0	0	0	0
1608054796	380980205	0	0	0	0
1608054796	391006844	0	0	0	0
1608054796	401074907	0	0	0	0
1608054796	410957953	0	0	0	0
1608054796	421120076	0	0	0	0
1608054796	430991512	0	0	0	0
1608054796	441111615	0	0	0	0
1608054796	450920200	0	0	0	0
1608054796	461006767	0	0	0	0
1608054796	470946897	0	0	0	0
1608054796	481130369	0	0	0	0
1608054796	491056705	0	0	0	0
1608054796	501007685	0	0	0	0
1608054796	510984521	0	0	0	0
1608054796	520831703	0	0	0	0
1608054796	530808802	0	0	0	0
1608054796	540980665	0	0	0	0
1608054796	550891431	0	0	0	0
1608054796	561106880	0	0	0	0
1608054796	570813962	0	0	0	0
1608054796	580997965	0	0	0	0
1608054796	590866955	0	0	0	0
1608054796	600950887	0	0	0	0
1608054796	610824153	0	0	0	0
1608054796	620858512	0	0	0	0
1608054796	630878301	0	0	0	0
1608054796	640879003	0	0	0	0
1608054796	650833984	0	0	0	0
1608054796	660881664	0	0	0	0
1608054796	670883474	0	0	0	0
1608054796	680859119	0	0	0	0
1608054796	690896203	0	0	0	0
1608054796	700845512	0	0	0	0
1608054796	710849599	0	0	0	0
1608054796	720887655	0	0	0	0
1608054796	730826026	0	0	0	0
1608054796	740858540	0	0	0	0
1608054796	750930630	0	0	0	0
1608054796	760826841	0	0	0	0
1608054796	770878298	0	0	0	0
1608054796	780987315	0	0	0	0
1608054796	790865961	0	0	0	0
1608054796	800853523	0	0	0	0
1608054796	810935257	0	0	0	0
1608054796	821130749	0	0	0	0
1608054796	830866874	0	0	0	0
1608054796	840903119	0	0	0	0
1608054796	851092716	0	0	0	0
1608054796	860996716	0	0	0	0
1608054796	870996884	0	0	0	0
1608054796	881127663	0	0	0	0
1608054796	891014460	0	0	0	0
1608054796	901036417	0	0	0	0
1608054796	910926144	0	0	0	0
1608054796	920905342	0	0	0	0
1608054796	930961510	0	0	0	0
1608054796	940997764	0	0	0	0
1608054796	951065231	0	0	0	0
1608054796	961059871	0	0	0	0
1608054796	970906423	0	0	0	0
1608054796	980979177	0	0	0	0
1608054796	991041386	0	0	0	0
1608054797	1030771	0	0	0	0
1608054797	10990942	0	0	0	0
1608054797	21014430	0	0	0	0
1608054797	30994399	0	0	0	0
1608054797	41012995	0	0	0	0
1608054797	50997181	0	0	0	0
1608054797	61021032	0	0	0	0
1608054797	70990111	0	0	0	0
1608054797	80925610	0	0	0	0
1608054797	91084246	0	0	0	0
1608054797	101003933	0	0	0	0
1608054797	111038151	0	0	0	0
1608054797	121016282	0	0	0	0
1608054797	130985803	0	0	0	0
1608054797	140955330	0	0	0	0
1608054797	151488765	0	0	0	0
1608054797	160944981	0	0	0	0
1608054797	171026089	0	0	0	0
1608054797	181151919	0	0	0	0
1608054797	191029043	0	0	0	0
1608054797	201045072	0	0	0	0
1608054797	211158968	0	0	0	0
1608054797	221007571	0	0	0	0
1608054797	231003544	0	0	0	0
1608054797	241015297	0	0	0	0
1608054797	250950337	0	0	0	0
1608054797	260931114	0	0	0	0
1608054797	270950933	0	0	0	0
1608054797	281023784	0	0	0	0
1608054797	291066640	0	0	0	0
1608054797	301005119	0	0	0	0
1608054797	311033829	0	0	0	0
1608054797	320958369	0	0	0	0
1608054797	331024786	0	0	0	0
1608054797	341030942	0	0	0	0
1608054797	350992503	0	0	0	0
1608054797	361001324	0	0	0	0
1608054797	371039554	0	0	0	0
1608054797	380996860	0	0	0	0
1608054797	391003924	0	0	0	0
1608054797	400860812	0	0	0	0
1608054797	410794579	0	0	0	0
1608054797	420734645	0	0	0	0
1608054797	430823751	0	0	0	0
1608054797	441146184	0	0	0	0
1608054797	450964221	0	0	0	0
1608054797	460957660	0	0	0	0
1608054797	471071962	0	0	0	0
1608054797	480973249	0	0	0	0
1608054797	490978692	0	0	0	0
1608054797	501063038	0	0	0	0
1608054797	511106958	0	0	0	0
1608054797	520992185	0	0	0	0
1608054797	530937762	0	0	0	0
1608054797	541052050	0	0	0	0
1608054797	550984721	0	0	0	0
1608054797	560989586	0	0	0	0
1608054797	571010046	0	0	0	0
1608054797	581068391	0	0	0	0
1608054797	591034744	0	0	0	0
1608054797	601016541	0	0	0	0
1608054797	610980091	0	0	0	0
1608054797	621011333	0	0	0	0
1608054797	631013902	0	0	0	0
1608054797	640998383	0	0	0	0
1608054797	650914328	0	0	0	0
1608054797	661023308	0	0	0	0
1608054797	670992323	0	0	0	0
1608054797	680985034	0	0	0	0
1608054797	691020036	0	0	0	0
1608054797	701011542	0	0	0	0
1608054797	710984276	0	0	0	0
1608054797	721552226	0	0	0	0
1608054797	731076191	0	0	0	0
1608054797	741166819	0	0	0	0
1608054797	750926416	0	0	0	0
1608054797	760993358	0	0	0	0
1608054797	771150457	0	0	0	0
1608054797	781199799	0	0	0	0
1608054797	791167524	0	0	0	0
1608054797	800988264	0	0	0	0
1608054797	810994950	0	0	0	0
1608054797	820968541	0	0	0	0
1608054797	830954683	0	0	0	0
1608054797	840992862	0	0	0	0
1608054797	850930594	0	0	0	0
1608054797	861072723	0	0	0	0
1608054797	870978085	0	0	0	0
1608054797	881040142	0	0	0	0
1608054797	891028657	0	0	0	0
1608054797	901015593	0	0	0	0
1608054797	911548615	0	0	0	0
1608054797	920976272	0	0	0	0
1608054797	930961407	0	0	0	0
1608054797	940961339	0	0	0	0
1608054797	951067828	0	0	0	0
1608054797	961057188	0	0	0	0
1608054797	971038219	0	0	0	0
1608054797	980966306	0	0	0	0
1608054797	991109400	0	0	0	0
1608054798	1125874	0	0	0	0
1608054798	11028297	0	0	0	0
1608054798	21141334	0	0	0	0
1608054798	30956692	0	0	0	0
1608054798	40959628	0	0	0	0
1608054798	50993992	0	0	0	0
1608054798	61070288	0	0	0	0
1608054798	71174431	0	0	0	0
1608054798	81008965	0	0	0	0
1608054798	90988266	0	0	0	0
1608054798	101009657	0	0	0	0
1608054798	111002854	0	0	0	0
1608054798	120983431	0	0	0	0
1608054798	131022861	0	0	0	0
1608054798	140995753	0	0	0	0
1608054798	151129991	0	0	0	0
1608054798	161067243	0	0	0	0
1608054798	171081234	0	0	0	0
1608054798	181025742	0	0	0	0
1608054798	190925328	0	0	0	0
1608054798	201201807	0	0	0	0
1608054798	211131905	0	0	0	0
1608054798	220979647	0	0	0	0
1608054798	230976589	0	0	0	0
1608054798	241013521	0	0	0	0
1608054798	250988463	0	0	0	0
1608054798	261105001	0	0	0	0
1608054798	271154497	0	0	0	0
1608054798	281021059	0	0	0	0
1608054798	290966399	0	0	0	0
1608054798	300998319	0	0	0	0
1608054798	311122312	0	0	0	0
1608054798	321143288	0	0	0	0
1608054798	330957251	0	0	0	0
1608054798	341001913	0	0	0	0
1608054798	351003086	0	0	0	0
1608054798	360992623	0	0	0	0
1608054798	371016171	0	0	0	0
1608054798	381014843	0	0	0	0
1608054798	390983154	0	0	0	0
1608054798	400967603	0	0	0	0
1608054798	411106804	0	0	0	0
1608054798	421120060	0	0	0	0
1608054798	431072870	0	0	0	0
1608054798	441082692	0	0	0	0
1608054798	451036193	0	0	0	0
1608054798	460848275	0	0	0	0
1608054798	470753599	0	0	0	0
1608054798	480697185	0	0	0	0
1608054798	490661338	0	0	0	0
1608054798	500674502	0	0	0	0
1608054798	510811935	0	0	0	0
1608054798	520681327	0	0	0	0
1608054798	531045535	0	0	0	0
1608054798	541070419	0	0	0	0
1608054798	551895744	0	0	0	0
1608054798	561418547	0	0	0	0
1608054798	571023772	0	0	0	0
1608054798	581034514	0	0	0	0
1608054798	591036469	0	0	0	0
1608054798	601065124	0	0	0	0
1608054798	611012084	0	0	0	0
1608054798	621091252	0	0	0	0
1608054798	630995231	0	0	0	0
1608054798	641061238	0	0	0	0
1608054798	650966144	0	0	0	0
1608054798	661031817	0	0	0	0
1608054798	671038689	0	0	0	0
1608054798	681129202	0	0	0	0
1608054798	691012248	0	0	0	0
1608054798	700932779	0	0	0	0
1608054798	710776466	0	0	0	0
1608054798	720843885	0	0	0	0
1608054798	730843585	0	0	0	0
1608054798	740837106	0	0	0	0
1608054798	750832337	0	0	0	0
1608054798	761096102	0	0	0	0
1608054798	771125898	0	0	0	0
1608054798	781011826	0	0	0	0
1608054798	791097915	0	0	0	0
1608054798	801005810	0	0	0	0
1608054798	810940287	0	0	0	0
1608054798	821029568	0	0	0	0
1608054798	831127095	0	0	0	0
1608054798	841064918	0	0	0	0
1608054798	850992744	0	0	0	0
1608054798	860976597	0	0	0	0
1608054798	871285990	0	0	0	0
1608054798	881105620	0	0	0	0
1608054798	890947419	0	0	0	0
1608054798	901005241	0	0	0	0
1608054798	910944881	0	0	0	0
1608054798	921018864	0	0	0	0
1608054798	931010998	0	0	0	0
1608054798	940989577	0	0	0	0
1608054798	951078450	0	0	0	0
1608054798	960955822	0	0	0	0
1608054798	970984500	0	0	0	0
1608054798	981156971	0	0	0	0
1608054798	990966543	0	0	0	0
1608054799	1059222	0	0	0	0
1608054799	11435162	0	0	0	0
1608054799	21030109	0	0	0	0
1608054799	31030318	0	0	0	0
1608054799	41037284	0	0	0	0
1608054799	51014025	0	0	0	0
1608054799	61036786	0	0	0	0
1608054799	71178776	0	0	0	0
1608054799	81087300	0	0	0	0
1608054799	91146733	0	0	0	0
1608054799	100936732	0	0	0	0
1608054799	111110524	0	0	0	0
1608054799	121162447	0	0	0	0
1608054799	130965433	0	0	0	0
1608054799	141742977	0	0	0	0
1608054799	150991191	0	0	0	0
1608054799	161026259	0	0	0	0
1608054799	171035189	0	0	0	0
1608054799	181053496	0	0	0	0
1608054799	191046805	0	0	0	0
1608054799	201009299	0	0	0	0
1608054799	210949310	0	0	0	0
1608054799	221246965	0	0	0	0
1608054799	231014334	0	0	0	0
1608054799	241202127	0	0	0	0
1608054799	251035922	0	0	0	0
1608054799	261032591	0	0	0	0
1608054799	270953081	0	0	0	0
1608054799	281032345	0	0	0	0
1608054799	291019921	0	0	0	0
1608054799	301671044	0	0	0	0
1608054799	311424425	0	0	0	0
1608054799	320911926	0	0	0	0
1608054799	330864094	0	0	0	0
1608054799	340843944	0	0	0	0
1608054799	351119077	0	0	0	0
1608054799	360953365	0	0	0	0
1608054799	370904371	0	0	0	0
1608054799	380887253	0	0	0	0
1608054799	390925527	0	0	0	0
1608054799	400889201	0	0	0	0
1608054799	410942760	0	0	0	0
1608054799	420924907	0	0	0	0
1608054799	430882269	0	0	0	0
1608054799	440878749	0	0	0	0
1608054799	451004625	0	0	0	0
1608054799	460975351	0	0	0	0
1608054799	471057534	0	0	0	0
1608054799	481065471	0	0	0	0
1608054799	490954592	0	0	0	0
1608054799	501078882	0	0	0	0
1608054799	511063318	0	0	0	0
1608054799	521141626	0	0	0	0
1608054799	530973526	0	0	0	0
1608054799	540911883	0	0	0	0
1608054799	550980070	0	0	0	0
1608054799	561018745	0	0	0	0
1608054799	571006154	0	0	0	0
1608054799	581000680	0	0	0	0
1608054799	590985713	0	0	0	0
1608054799	600904048	0	0	0	0
1608054799	611037146	0	0	0	0
1608054799	621020111	0	0	0	0
1608054799	631016792	0	0	0	0
1608054799	641047409	0	0	0	0
1608054799	650988288	0	0	0	0
1608054799	661108365	0	0	0	0
1608054799	671049760	0	0	0	0
1608054799	681208810	0	0	0	0
1608054799	690996098	0	0	0	0
1608054799	700978376	0	0	0	0
1608054799	710967000	0	0	0	0
1608054799	721018182	0	0	0	0
1608054799	731591750	0	0	0	0
1608054799	741121640	0	0	0	0
1608054799	750976236	0	0	0	0
1608054799	760993985	0	0	0	0
1608054799	771103143	0	0	0	0
1608054799	781013121	0	0	0	0
1608054799	791113415	0	0	0	0
1608054799	800923713	0	0	0	0
1608054799	810951414	0	0	0	0
1608054799	821007944	0	0	0	0
1608054799	831125784	0	0	0	0
1608054799	841053636	0	0	0	0
1608054799	851008559	0	0	0	0
1608054799	861126628	0	0	0	0
1608054799	871109352	0	0	0	0
1608054799	881126156	0	0	0	0
1608054799	890955111	0	0	0	0
1608054799	900995429	0	0	0	0
1608054799	910931826	0	0	0	0
1608054799	921101178	0	0	0	0
1608054799	930971650	0	0	0	0
1608054799	941024129	0	0	0	0
1608054799	951696214	0	0	0	0
1608054799	961699014	0	0	0	0
1608054799	971187569	0	0	0	0
1608054799	981053898	0	0	0	0
1608054799	991021983	0	0	0	0
1608054800	1044298	0	0	0	0
1608054800	11164034	0	0	0	0
1608054800	21023742	0	0	0	0
1608054800	31149778	0	0	0	0
1608054800	41075412	0	0	0	0
1608054800	50990345	0	0	0	0
1608054800	61060241	0	0	0	0
1608054800	71008987	0	0	0	0
1608054800	81052964	0	0	0	0
1608054800	90994794	0	0	0	0
1608054800	100972713	0	0	0	0
1608054800	111028567	0	0	0	0
1608054800	121053900	0	0	0	0
1608054800	131040294	0	0	0	0
1608054800	141129315	0	0	0	0
1608054800	150981911	0	0	0	0
1608054800	161053522	0	0	0	0
1608054800	170972847	0	0	0	0
1608054800	181072515	0	0	0	0
1608054800	191401344	0	0	0	0
1608054800	201049486	0	0	0	0
1608054800	211032128	0	0	0	0
1608054800	220997463	0	0	0	0
1608054800	231043295	0	0	0	0
1608054800	241136085	0	0	0	0
1608054800	251150892	0	0	0	0
1608054800	261020401	0	0	0	0
1608054800	270959659	0	0	0	0
1608054800	280993532	0	0	0	0
1608054800	290948373	0	0	0	0
1608054800	301034789	0	0	0	0
1608054800	310944267	0	0	0	0
1608054800	321172040	0	0	0	0
1608054800	330969327	0	0	0	0
1608054800	341080492	0	0	0	0
1608054800	351030615	0	0	0	0
1608054800	361126489	0	0	0	0
1608054800	371164160	0	0	0	0
1608054800	381024093	0	0	0	0
1608054800	390917127	0	0	0	0
1608054800	400956874	0	0	0	0
1608054800	410852038	0	0	0	0
1608054800	420832834	0	0	0	0
1608054800	430865846	0	0	0	0
1608054800	440898997	0	0	0	0
1608054800	450985834	0	0	0	0
1608054800	460895781	0	0	0	0
1608054800	470828510	0	0	0	0
1608054800	480911387	0	0	0	0
1608054800	491055322	0	0	0	0
1608054800	500961929	0	0	0	0
1608054800	511055364	0	0	0	0
1608054800	521057295	0	0	0	0
1608054800	531260075	0	0	0	0
1608054800	541290642	0	0	0	0
1608054800	551001885	0	0	0	0
1608054800	561013830	0	0	0	0
1608054800	571100509	0	0	0	0
1608054800	581055863	0	0	0	0
1608054800	591048001	0	0	0	0
1608054800	601111594	0	0	0	0
1608054800	610957359	0	0	0	0
1608054800	620960376	0	0	0	0
1608054800	630997760	0	0	0	0
1608054800	641062689	0	0	0	0
1608054800	651192673	0	0	0	0
1608054800	661087519	0	0	0	0
1608054800	670991867	0	0	0	0
1608054800	680977488	0	0	0	0
1608054800	690908428	0	0	0	0
1608054800	700924670	0	0	0	0
1608054800	710931962	0	0	0	0
1608054800	720885499	0	0	0	0
1608054800	730925569	0	0	0	0
1608054800	740966213	0	0	0	0
1608054800	750918936	0	0	0	0
1608054800	760952693	0	0	0	0
1608054800	771048760	0	0	0	0
1608054800	780941790	0	0	0	0
1608054800	791099937	0	0	0	0
1608054800	800945171	0	0	0	0
1608054800	810901824	0	0	0	0
1608054800	820926817	0	0	0	0
1608054800	831456776	0	0	0	0
1608054800	840974965	0	0	0	0
1608054800	851055394	0	0	0	0
1608054800	861077740	0	0	0	0
1608054800	871047137	0	0	0	0
1608054800	881061125	0	0	0	0
1608054800	891046392	0	0	0	0
1608054800	901060568	0	0	0	0
1608054800	910948819	0	0	0	0
1608054800	920963373	0	0	0	0
1608054800	930814452	0	0	0	0
1608054800	941251832	0	0	0	0
1608054800	950981316	0	0	0	0
1608054800	961016683	0	0	0	0
1608054800	971090184	0	0	0	0
1608054800	981023575	0	0	0	0
1608054800	991087533	0	0	0	0
1608054801	1056353	0	0	0	0
1608054801	11025296	0	0	0	0
1608054801	20973680	0	0	0	0
1608054801	30929802	0	0	0	0
1608054801	40902534	0	0	0	0
1608054801	50888087	0	0	0	0
1608054801	60989577	0	0	0	0
1608054801	70904316	0	0	0	0
1608054801	80900481	0	0	0	0
1608054801	90928051	0	0	0	0
1608054801	101048839	0	0	0	0
1608054801	110887545	0	0	0	0
1608054801	120944870	0	0	0	0
1608054801	130962689	0	0	0	0
1608054801	140923769	0	0	0	0
1608054801	151543786	0	0	0	0
1608054801	160889908	0	0	0	0
1608054801	170841209	0	0	0	0
1608054801	180979638	0	0	0	0
1608054801	190981533	0	0	0	0
1608054801	200986369	0	0	0	0
1608054801	210933195	0	0	0	0
1608054801	221036907	0	0	0	0
1608054801	230936696	0	0	0	0
1608054801	240919399	0	0	0	0
1608054801	250847043	0	0	0	0
1608054801	260926880	0	0	0	0
1608054801	271015911	0	0	0	0
1608054801	281073809	0	0	0	0
1608054801	291052466	0	0	0	0
1608054801	301056731	0	0	0	0
1608054801	311033961	0	0	0	0
1608054801	321448752	0	0	0	0
1608054801	331174656	0	0	0	0
1608054801	341044424	0	0	0	0
1608054801	351161153	0	0	0	0
1608054801	361019941	0	0	0	0
1608054801	371244613	0	0	0	0
1608054801	380982997	0	0	0	0
1608054801	391703967	0	0	0	0
1608054801	401070186	0	0	0	0
1608054801	410972355	0	0	0	0
1608054801	421091133	0	0	0	0
1608054801	431095553	0	0	0	0
1608054801	441110670	0	0	0	0
1608054801	451109615	0	0	0	0
1608054801	461214359	0	0	0	0
1608054801	470961935	0	0	0	0
1608054801	481216515	0	0	0	0
1608054801	491020435	0	0	0	0
1608054801	501153665	0	0	0	0
1608054801	511202027	0	0	0	0
1608054801	521056626	0	0	0	0
1608054801	531037829	0	0	0	0
1608054801	541119535	0	0	0	0
1608054801	551050833	0	0	0	0
1608054801	561125100	0	0	0	0
1608054801	571080636	0	0	0	0
1608054801	581016216	0	0	0	0
1608054801	591058859	0	0	0	0
1608054801	601191862	0	0	0	0
1608054801	611036209	0	0	0	0
1608054801	621210839	0	0	0	0
1608054801	631035413	0	0	0	0
1608054801	641049521	0	0	0	0
1608054801	651254671	0	0	0	0
1608054801	661094412	0	0	0	0
1608054801	671076244	0	0	0	0
1608054801	681010534	0	0	0	0
1608054801	691023799	0	0	0	0
1608054801	701072938	0	0	0	0
1608054801	711062779	0	0	0	0
1608054801	721019035	0	0	0	0
1608054801	731142616	0	0	0	0
1608054801	741111014	0	0	0	0
1608054801	751040552	0	0	0	0
1608054801	761087868	0	0	0	0
1608054801	770995597	0	0	0	0
1608054801	780973819	0	0	0	0
1608054801	791038993	0	0	0	0
1608054801	801038834	0	0	0	0
1608054801	811165967	0	0	0	0
1608054801	821051677	0	0	0	0
1608054801	831035628	0	0	0	0
1608054801	841149711	0	0	0	0
1608054801	851038739	0	0	0	0
1608054801	861121354	0	0	0	0
1608054801	871045458	0	0	0	0
1608054801	881078139	0	0	0	0
1608054801	891052052	0	0	0	0
1608054801	900855939	0	0	0	0
1608054801	910840562	0	0	0	0
1608054801	920900717	0	0	0	0
1608054801	930930530	0	0	0	0
1608054801	940898935	0	0	0	0
1608054801	950959022	0	0	0	0
1608054801	961086516	0	0	0	0
1608054801	971145356	0	0	0	0
1608054801	981212605	0	0	0	0
1608054801	991005311	0	0	0	0
1608054802	1068145	0	0	0	0
1608054802	11079205	0	0	0	0
1608054802	21033518	0	0	0	0
1608054802	31513868	0	0	0	0
1608054802	41118318	0	0	0	0
1608054802	51094875	0	0	0	0
1608054802	61125900	0	0	0	0
1608054802	71076172	0	0	0	0
1608054802	80985850	0	0	0	0
1608054802	91042876	0	0	0	0
1608054802	101077985	0	0	0	0
1608054802	111120375	0	0	0	0
1608054802	121014003	0	0	0	0
1608054802	131411678	0	0	0	0
1608054802	141080179	0	0	0	0
1608054802	151193946	0	0	0	0
1608054802	161037917	0	0	0	0
1608054802	171125960	0	0	0	0
1608054802	181081408	0	0	0	0
1608054802	190996008	0	0	0	0
1608054802	201173958	0	0	0	0
1608054802	211079640	0	0	0	0
1608054802	221192442	0	0	0	0
1608054802	231010742	0	0	0	0
1608054802	241065124	0	0	0	0
1608054802	251077762	0	0	0	0
1608054802	261089284	0	0	0	0
1608054802	271225255	0	0	0	0
1608054802	281048320	0	0	0	0
1608054802	291193410	0	0	0	0
1608054802	300987098	0	0	0	0
1608054802	311054892	0	0	0	0
1608054802	321065106	0	0	0	0
1608054802	331057103	0	0	0	0
1608054802	341085694	0	0	0	0
1608054802	351043235	0	0	0	0
1608054802	361034024	0	0	0	0
1608054802	371175391	0	0	0	0
1608054802	381062819	0	0	0	0
1608054802	391183854	0	0	0	0
1608054802	401052508	0	0	0	0
1608054802	411432036	0	0	0	0
1608054802	421169636	0	0	0	0
1608054802	431008655	0	0	0	0
1608054802	441099838	0	0	0	0
1608054802	451153431	0	0	0	0
1608054802	461189979	0	0	0	0
1608054802	471067533	0	0	0	0
1608054802	481174623	0	0	0	0
1608054802	491844183	0	0	0	0
1608054802	501069177	0	0	0	0
1608054802	510949639	0	0	0	0
1608054802	521016743	0	0	0	0
1608054802	531019618	0	0	0	0
1608054802	541008646	0	0	0	0
1608054802	551202381	0	0	0	0
1608054802	561071036	0	0	0	0
1608054802	571060804	0	0	0	0
1608054802	581231061	0	0	0	0
1608054802	591077491	0	0	0	0
1608054802	600952458	0	0	0	0
1608054802	611178717	0	0	0	0
1608054802	621016932	0	0	0	0
1608054802	630885755	0	0	0	0
1608054802	640985387	0	0	0	0
1608054802	651035612	0	0	0	0
1608054802	661051030	0	0	0	0
1608054802	670986632	0	0	0	0
1608054802	680942021	0	0	0	0
1608054802	691050522	0	0	0	0
1608054802	701126456	0	0	0	0
1608054802	711025356	0	0	0	0
1608054802	721044899	0	0	0	0
1608054802	730989220	0	0	0	0
1608054802	741119573	0	0	0	0
1608054802	750977440	0	0	0	0
1608054802	761211130	0	0	0	0
1608054802	771243639	0	0	0	0
1608054802	781184243	0	0	0	0
1608054802	791004609	0	0	0	0
1608054802	801041103	0	0	0	0
1608054802	811085682	0	0	0	0
1608054802	821089015	0	0	0	0
1608054802	831146409	0	0	0	0
1608054802	841020977	0	0	0	0
1608054802	851006684	0	0	0	0
1608054802	860965781	0	0	0	0
1608054802	870942655	0	0	0	0
1608054802	880915199	0	0	0	0
1608054802	890912687	0	0	0	0
1608054802	901046243	0	0	0	0
1608054802	910984883	0	0	0	0
1608054802	920891490	0	0	0	0
1608054802	931003185	0	0	0	0
1608054802	941001238	0	0	0	0
1608054802	951235058	0	0	0	0
1608054802	961035779	0	0	0	0
1608054802	971006921	0	0	0	0
1608054802	980995590	0	0	0	0
1608054802	991000958	0	0	0	0
1608054803	1073119	0	0	0	0
1608054803	11038687	0	0	0	0
1608054803	21002583	0	0	0	0
1608054803	31071668	0	0	0	0
1608054803	41057993	0	0	0	0
1608054803	51027241	0	0	0	0
1608054803	60975570	0	0	0	0
1608054803	71165026	0	0	0	0
1608054803	80978547	0	0	0	0
1608054803	90975974	0	0	0	0
1608054803	101017075	0	0	0	0
1608054803	110935813	0	0	0	0
1608054803	121187048	0	0	0	0
1608054803	131034749	0	0	0	0
1608054803	141099048	0	0	0	0
1608054803	151020555	0	0	0	0
1608054803	161122302	0	0	0	0
1608054803	171119223	0	0	0	0
1608054803	181085808	0	0	0	0
1608054803	190989383	0	0	0	0
1608054803	201227691	0	0	0	0
1608054803	211390828	0	0	0	0
1608054803	221199281	0	0	0	0
1608054803	231193882	0	0	0	0
1608054803	241188671	0	0	0	0
1608054803	251073351	0	0	0	0
1608054803	261224469	0	0	0	0
1608054803	271093869	0	0	0	0
1608054803	281074545	0	0	0	0
1608054803	291054176	0	0	0	0
1608054803	301231539	0	0	0	0
1608054803	311083959	0	0	0	0
1608054803	321019444	0	0	0	0
1608054803	331112432	0	0	0	0
1608054803	341060484	0	0	0	0
1608054803	351128809	0	0	0	0
1608054803	361086076	0	0	0	0
1608054803	371055587	0	0	0	0
1608054803	381068023	0	0	0	0
1608054803	391098422	0	0	0	0
1608054803	401049989	0	0	0	0
1608054803	411018254	0	0	0	0
1608054803	421109222	0	0	0	0
1608054803	431036423	0	0	0	0
1608054803	441111912	0	0	0	0
1608054803	451180533	0	0	0	0
1608054803	461056474	0	0	0	0
1608054803	471087777	0	0	0	0
1608054803	481036221	0	0	0	0
1608054803	491226609	0	0	0	0
1608054803	500991700	0	0	0	0
1608054803	510931639	0	0	0	0
1608054803	520981867	0	0	0	0
1608054803	530991999	0	0	0	0
1608054803	541071057	0	0	0	0
1608054803	550910433	0	0	0	0
1608054803	561053567	0	0	0	0
1608054803	570948953	0	0	0	0
1608054803	581131050	0	0	0	0
1608054803	590930206	0	0	0	0
1608054803	601097981	0	0	0	0
1608054803	611013032	0	0	0	0
1608054803	621058672	0	0	0	0
1608054803	631011734	0	0	0	0
1608054803	641093419	0	0	0	0
1608054803	651049019	0	0	0	0
1608054803	661088436	0	0	0	0
1608054803	671037140	0	0	0	0
1608054803	681444253	0	0	0	0
1608054803	691475449	0	0	0	0
1608054803	701032074	0	0	0	0
1608054803	711037721	0	0	0	0
1608054803	721198679	0	0	0	0
1608054803	731151836	0	0	0	0
1608054803	741082110	0	0	0	0
1608054803	751101294	0	0	0	0
1608054803	761042294	0	0	0	0
1608054803	770961341	0	0	0	0
1608054803	781098289	0	0	0	0
1608054803	791075357	0	0	0	0
1608054803	801115403	0	0	0	0
1608054803	811082556	0	0	0	0
1608054803	821200155	0	0	0	0
1608054803	831100771	0	0	0	0
1608054803	841096795	0	0	0	0
1608054803	851133735	0	0	0	0
1608054803	861187535	0	0	0	0
1608054803	871083754	0	0	0	0
1608054803	881105195	0	0	0	0
1608054803	891851950	0	0	0	0
1608054803	901046178	0	0	0	0
1608054803	911141787	0	0	0	0
1608054803	921264985	0	0	0	0
1608054803	931061282	0	0	0	0
1608054803	941211801	0	0	0	0
1608054803	951139553	0	0	0	0
1608054803	961068463	0	0	0	0
1608054803	971062589	0	0	0	0
1608054803	981077987	0	0	0	0
1608054803	991153273	0	0	0	0
1608054804	1259184	0	0	0	0
1608054804	11145457	0	0	0	0
1608054804	21288947	0	0	0	0
1608054804	31076187	0	0	0	0
1608054804	41144146	0	0	0	0
1608054804	51129567	0	0	0	0
1608054804	61152752	0	0	0	0
1608054804	71107502	0	0	0	0
1608054804	81031398	0	0	0	0
1608054804	91093880	0	0	0	0
1608054804	101050368	0	0	0	0
1608054804	111060253	0	0	0	0
1608054804	121129972	0	0	0	0
1608054804	131191600	0	0	0	0
1608054804	141095463	0	0	0	0
1608054804	151094811	0	0	0	0
1608054804	161097197	0	0	0	0
1608054804	171057760	0	0	0	0
1608054804	181440660	0	0	0	0
1608054804	191054091	0	0	0	0
1608054804	201101110	0	0	0	0
1608054804	211101573	0	0	0	0
1608054804	221114010	0	0	0	0
1608054804	231078848	0	0	0	0
1608054804	241084963	0	0	0	0
1608054804	251113610	0	0	0	0
1608054804	261084259	0	0	0	0
1608054804	271062499	0	0	0	0
1608054804	281255873	0	0	0	0
1608054804	291077089	0	0	0	0
1608054804	301122758	0	0	0	0
1608054804	311110554	0	0	0	0
1608054804	321129542	0	0	0	0
1608054804	331122601	0	0	0	0
1608054804	341130970	0	0	0	0
1608054804	351108366	0	0	0	0
1608054804	361108475	0	0	0	0
1608054804	371082146	0	0	0	0
1608054804	381115857	0	0	0	0
1608054804	391057190	0	0	0	0
1608054804	401076865	0	0	0	0
1608054804	411224401	0	0	0	0
1608054804	421100495	0	0	0	0
1608054804	431109153	0	0	0	0
1608054804	441082959	0	0	0	0
1608054804	451085697	0	0	0	0
1608054804	461098559	0	0	0	0
1608054804	471081590	0	0	0	0
1608054804	481100765	0	0	0	0
1608054804	491103906	0	0	0	0
1608054804	501234468	0	0	0	0
1608054804	511081952	0	0	0	0
1608054804	521093651	0	0	0	0
1608054804	531242975	0	0	0	0
1608054804	541118707	0	0	0	0
1608054804	551226336	0	0	0	0
1608054804	561087481	0	0	0	0
1608054804	571096895	0	0	0	0
1608054804	581059919	0	0	0	0
1608054804	591170438	0	0	0	0
1608054804	601079591	0	0	0	0
1608054804	611033201	0	0	0	0
1608054804	621280207	0	0	0	0
1608054804	631124032	0	0	0	0
1608054804	641142990	0	0	0	0
1608054804	651021150	0	0	0	0
1608054804	661011851	0	0	0	0
1608054804	670920652	0	0	0	0
1608054804	681021205	0	0	0	0
1608054804	691027456	0	0	0	0
1608054804	700996398	0	0	0	0
1608054804	711031357	0	0	0	0
1608054804	720945158	0	0	0	0
1608054804	731046235	0	0	0	0
1608054804	741004147	0	0	0	0
1608054804	751337540	0	0	0	0
1608054804	761156288	0	0	0	0
1608054804	770961146	0	0	0	0
1608054804	781069615	0	0	0	0
1608054804	791065026	0	0	0	0
1608054804	801109912	0	0	0	0
1608054804	811104378	0	0	0	0
1608054804	821121775	0	0	0	0
1608054804	831795430	0	0	0	0
1608054804	841137522	0	0	0	0
1608054804	851096430	0	0	0	0
1608054804	861083345	0	0	0	0
1608054804	871407695	0	0	0	0
1608054804	881214196	0	0	0	0
1608054804	891130205	0	0	0	0
1608054804	901112035	0	0	0	0
1608054804	911110546	0	0	0	0
1608054804	921124952	0	0	0	0
1608054804	931119612	0	0	0	0
1608054804	941105975	0	0	0	0
1608054804	951068999	0	0	0	0
1608054804	961511688	0	0	0	0
1608054804	971070648	0	0	0	0
1608054804	981031483	0	0	0	0
1608054804	991123460	0	0	0	0
1608054805	1135861	0	0	0	0
1608054805	11281890	0	0	0	0
1608054805	21156721	0	0	0	0
1608054805	31047185	0	0	0	0
1608054805	41207878	0	0	0	0
1608054805	51218986	0	0	0	0
1608054805	61619502	0	0	0	0
1608054805	71118023	0	0	0	0
1608054805	81203815	0	0	0	0
1608054805	91078574	0	0	0	0
1608054805	101109192	0	0	0	0
1608054805	111210880	0	0	0	0
1608054805	121524519	0	0	0	0
1608054805	131231814	0	0	0	0
1608054805	141166927	0	0	0	0
1608054805	151083397	0	0	0	0
1608054805	161138608	0	0	0	0
1608054805	171019294	0	0	0	0
1608054805	181256586	0	0	0	0
1608054805	191158155	0	0	0	0
1608054805	201214067	0	0	0	0
1608054805	211083420	0	0	0	0
1608054805	221122161	0	0	0	0
1608054805	231043077	0	0	0	0
1608054805	241196091	0	0	0	0
1608054805	251198357	0	0	0	0
1608054805	261115763	0	0	0	0
1608054805	271032894	0	0	0	0
1608054805	281132342	0	0	0	0
1608054805	291137611	0	0	0	0
1608054805	301165121	0	0	0	0
1608054805	311117797	0	0	0	0
1608054805	321070372	0	0	0	0
1608054805	331112873	0	0	0	0
1608054805	341159307	0	0	0	0
1608054805	351141194	0	0	0	0
1608054805	361283069	0	0	0	0
1608054805	371056382	0	0	0	0
1608054805	381106177	0	0	0	0
1608054805	391088093	0	0	0	0
1608054805	401111480	0	0	0	0
1608054805	411133428	0	0	0	0
1608054805	421066220	0	0	0	0
1608054805	431081208	0	0	0	0
1608054805	441074125	0	0	0	0
1608054805	451104231	0	0	0	0
1608054805	461141771	0	0	0	0
1608054805	471050455	0	0	0	0
1608054805	481191319	0	0	0	0
1608054805	491142391	0	0	0	0
1608054805	501173813	0	0	0	0
1608054805	511129203	0	0	0	0
1608054805	521113806	0	0	0	0
1608054805	531211984	0	0	0	0
1608054805	541100989	0	0	0	0
1608054805	551143679	0	0	0	0
1608054805	561080052	0	0	0	0
1608054805	571247968	0	0	0	0
1608054805	581260595	0	0	0	0
1608054805	591147247	0	0	0	0
1608054805	601165897	0	0	0	0
1608054805	611110621	0	0	0	0
1608054805	621099465	0	0	0	0
1608054805	631233657	0	0	0	0
1608054805	641060828	0	0	0	0
1608054805	651093871	0	0	0	0
1608054805	661054236	0	0	0	0
1608054805	671153092	0	0	0	0
1608054805	681134515	0	0	0	0
1608054805	691149056	0	0	0	0
1608054805	701062678	0	0	0	0
1608054805	711015272	0	0	0	0
1608054805	721147742	0	0	0	0
1608054805	731142521	0	0	0	0
1608054805	741085607	0	0	0	0
1608054805	751119931	0	0	0	0
1608054805	761194363	0	0	0	0
1608054805	771144956	0	0	0	0
1608054805	781071444	0	0	0	0
1608054805	791096715	0	0	0	0
1608054805	801133568	0	0	0	0
1608054805	811060790	0	0	0	0
1608054805	821038264	0	0	0	0
1608054805	831154465	0	0	0	0
1608054805	841821667	0	0	0	0
1608054805	851045966	0	0	0	0
1608054805	861081977	0	0	0	0
1608054805	871292121	0	0	0	0
1608054805	881075000	0	0	0	0
1608054805	891299052	0	0	0	0
1608054805	901070354	0	0	0	0
1608054805	911125708	0	0	0	0
1608054805	921167004	0	0	0	0
1608054805	931071351	0	0	0	0
1608054805	941184549	0	0	0	0
1608054805	951070019	0	0	0	0
1608054805	961198202	0	0	0	0
1608054805	971055798	0	0	0	0
1608054805	981104845	0	0	0	0
1608054805	991236162	0	0	0	0
1608054806	1116270	0	0	0	0
1608054806	11087489	0	0	0	0
1608054806	21069367	0	0	0	0
1608054806	31014107	0	0	0	0
1608054806	41700272	0	0	0	0
1608054806	51118903	0	0	0	0
1608054806	61505212	0	0	0	0
1608054806	71106904	0	0	0	0
1608054806	81117374	0	0	0	0
1608054806	91163851	0	0	0	0
1608054806	101130855	0	0	0	0
1608054806	111147191	0	0	0	0
1608054806	121058527	0	0	0	0
1608054806	131126854	0	0	0	0
1608054806	141086382	0	0	0	0
1608054806	151061022	0	0	0	0
1608054806	161039205	0	0	0	0
1608054806	171123304	0	0	0	0
1608054806	181138872	0	0	0	0
1608054806	191141154	0	0	0	0
1608054806	201183190	0	0	0	0
1608054806	211129419	0	0	0	0
1608054806	221169079	0	0	0	0
1608054806	231049985	0	0	0	0
1608054806	241718102	0	0	0	0
1608054806	251224724	0	0	0	0
1608054806	261074523	0	0	0	0
1608054806	271198975	0	0	0	0
1608054806	281298741	0	0	0	0
1608054806	291318955	0	0	0	0
1608054806	301110705	0	0	0	0
1608054806	311292972	0	0	0	0
1608054806	321122399	0	0	0	0
1608054806	331166001	0	0	0	0
1608054806	341137293	0	0	0	0
1608054806	351049946	0	0	0	0
1608054806	361120934	0	0	0	0
1608054806	371154383	0	0	0	0
1608054806	381400677	0	0	0	0
1608054806	391519815	0	0	0	0
1608054806	401054993	0	0	0	0
1608054806	411025788	0	0	0	0
1608054806	421210429	0	0	0	0
1608054806	431056981	0	0	0	0
1608054806	441263681	0	0	0	0
1608054806	451128001	0	0	0	0
1608054806	461267843	0	0	0	0
1608054806	471111200	0	0	0	0
1608054806	481335850	0	0	0	0
1608054806	491216408	0	0	0	0
1608054806	501165918	0	0	0	0
1608054806	511200664	0	0	0	0
1608054806	521072758	0	0	0	0
1608054806	531169117	0	0	0	0
1608054806	541092715	0	0	0	0
1608054806	551101412	0	0	0	0
1608054806	561147076	0	0	0	0
1608054806	571161188	0	0	0	0
1608054806	581151033	0	0	0	0
1608054806	591137886	0	0	0	0
1608054806	601160314	0	0	0	0
1608054806	611068028	0	0	0	0
1608054806	621167240	0	0	0	0
1608054806	631203689	0	0	0	0
1608054806	641043559	0	0	0	0
1608054806	651177866	0	0	0	0
1608054806	661064046	0	0	0	0
1608054806	671109414	0	0	0	0
1608054806	681177722	0	0	0	0
1608054806	691060498	0	0	0	0
1608054806	701040774	0	0	0	0
1608054806	711068440	0	0	0	0
1608054806	721456133	0	0	0	0
1608054806	731009480	0	0	0	0
1608054806	740952657	0	0	0	0
1608054806	751074915	0	0	0	0
1608054806	761023773	0	0	0	0
1608054806	771064355	0	0	0	0
1608054806	780997712	0	0	0	0
1608054806	791056876	0	0	0	0
1608054806	800999905	0	0	0	0
1608054806	811002933	0	0	0	0
1608054806	820985045	0	0	0	0
1608054806	831067957	0	0	0	0
1608054806	840989938	0	0	0	0
1608054806	851252130	0	0	0	0
1608054806	861225555	0	0	0	0
1608054806	871238547	0	0	0	0
1608054806	881104943	0	0	0	0
1608054806	891061411	0	0	0	0
1608054806	901155427	0	0	0	0
1608054806	911112957	0	0	0	0
1608054806	921151598	0	0	0	0
1608054806	931072894	0	0	0	0
1608054806	941132536	0	0	0	0
1608054806	951106260	0	0	0	0
1608054806	961122642	0	0	0	0
1608054806	971304859	0	0	0	0
1608054806	981136469	0	0	0	0
1608054806	991085469	0	0	0	0
1608054807	1113201	0	0	0	0
1608054807	11138929	0	0	0	0
1608054807	21121257	0	0	0	0
1608054807	31117437	0	0	0	0
1608054807	41072211	0	0	0	0
1608054807	51155879	0	0	0	0
1608054807	61156181	0	0	0	0
1608054807	71185522	0	0	0	0
1608054807	81142731	0	0	0	0
1608054807	91139665	0	0	0	0
1608054807	101071928	0	0	0	0
1608054807	111108886	0	0	0	0
1608054807	121161900	0	0	0	0
1608054807	131124590	0	0	0	0
1608054807	141050443	0	0	0	0
1608054807	151179741	0	0	0	0
1608054807	161033369	0	0	0	0
1608054807	171048813	0	0	0	0
1608054807	181018689	0	0	0	0
1608054807	190986316	0	0	0	0
1608054807	201115430	0	0	0	0
1608054807	211185274	0	0	0	0
1608054807	221019169	0	0	0	0
1608054807	231139274	0	0	0	0
1608054807	241420608	0	0	0	0
1608054807	251153426	0	0	0	0
1608054807	261140362	0	0	0	0
1608054807	271220455	0	0	0	0
1608054807	281286693	0	0	0	0
1608054807	291099318	0	0	0	0
1608054807	301088294	0	0	0	0
1608054807	311171165	0	0	0	0
1608054807	321121258	0	0	0	0
1608054807	331172518	0	0	0	0
1608054807	341104528	0	0	0	0
1608054807	351673603	0	0	0	0
1608054807	361162358	0	0	0	0
1608054807	371127813	0	0	0	0
1608054807	381129152	0	0	0	0
1608054807	391100286	0	0	0	0
1608054807	401141814	0	0	0	0
1608054807	411134336	0	0	0	0
1608054807	421116420	0	0	0	0
1608054807	430974087	0	0	0	0
1608054807	440969520	0	0	0	0
1608054807	450932769	0	0	0	0
1608054807	460972564	0	0	0	0
1608054807	471001174	0	0	0	0
1608054807	480962407	0	0	0	0
1608054807	490863506	0	0	0	0
1608054807	500994168	0	0	0	0
1608054807	511070619	0	0	0	0
1608054807	521098271	0	0	0	0
1608054807	531116349	0	0	0	0
1608054807	541092239	0	0	0	0
1608054807	551043378	0	0	0	0
1608054807	561132579	0	0	0	0
1608054807	571198195	0	0	0	0
1608054807	581217206	0	0	0	0
1608054807	591335643	0	0	0	0
1608054807	601126329	0	0	0	0
1608054807	611249207	0	0	0	0
1608054807	621151893	0	0	0	0
1608054807	631085596	0	0	0	0
1608054807	641483636	0	0	0	0
1608054807	651361277	0	0	0	0
1608054807	661120480	0	0	0	0
1608054807	671191418	0	0	0	0
1608054807	681101489	0	0	0	0
1608054807	691085712	0	0	0	0
1608054807	701050974	0	0	0	0
1608054807	711151162	0	0	0	0
1608054807	721284702	0	0	0	0
1608054807	731091858	0	0	0	0
1608054807	741221130	0	0	0	0
1608054807	751073507	0	0	0	0
1608054807	761227498	0	0	0	0
1608054807	771178262	0	0	0	0
1608054807	781112890	0	0	0	0
1608054807	791156260	0	0	0	0
1608054807	801179851	0	0	0	0
1608054807	811072581	0	0	0	0
1608054807	821183165	0	0	0	0
1608054807	831115697	0	0	0	0
1608054807	841114418	0	0	0	0
1608054807	851251048	0	0	0	0
1608054807	861178021	0	0	0	0
1608054807	871844944	0	0	0	0
1608054807	881311805	0	0	0	0
1608054807	891078533	0	0	0	0
1608054807	901061851	0	0	0	0
1608054807	911153867	0	0	0	0
1608054807	921109230	0	0	0	0
1608054807	931151749	0	0	0	0
1608054807	941069836	0	0	0	0
1608054807	951117402	0	0	0	0
1608054807	961296393	0	0	0	0
1608054807	971204231	0	0	0	0
1608054807	981212624	0	0	0	0
1608054807	991123867	0	0	0	0
1608054808	1049120	0	0	0	0
1608054808	11480571	0	0	0	0
1608054808	21222957	0	0	0	0
1608054808	31072301	0	0	0	0
1608054808	41156060	0	0	0	0
1608054808	51087324	0	0	0	0
1608054808	61144452	0	0	0	0
1608054808	71188222	0	0	0	0
1608054808	81169724	0	0	0	0
1608054808	91190526	0	0	0	0
1608054808	101095364	0	0	0	0
1608054808	111091790	0	0	0	0
1608054808	121153947	0	0	0	0
1608054808	131155701	0	0	0	0
1608054808	141762395	0	0	0	0
1608054808	151073836	0	0	0	0
1608054808	161211082	0	0	0	0
1608054808	171250029	0	0	0	0
1608054808	181317793	0	0	0	0
1608054808	191094556	0	0	0	0
1608054808	201177565	0	0	0	0
1608054808	211253332	0	0	0	0
1608054808	221141501	0	0	0	0
1608054808	231258853	0	0	0	0
1608054808	241367648	0	0	0	0
1608054808	251135821	0	0	0	0
1608054808	261133994	0	0	0	0
1608054808	271189946	0	0	0	0
1608054808	281099332	0	0	0	0
1608054808	291060707	0	0	0	0
1608054808	301252582	0	0	0	0
1608054808	311167366	0	0	0	0
1608054808	321168321	0	0	0	0
1608054808	331227514	0	0	0	0
1608054808	341113970	0	0	0	0
1608054808	351113630	0	0	0	0
1608054808	360971577	0	0	0	0
1608054808	371004096	0	0	0	0
1608054808	380953132	0	0	0	0
1608054808	390981991	0	0	0	0
1608054808	400948352	0	0	0	0
1608054808	411190000	0	0	0	0
1608054808	421364018	0	0	0	0
1608054808	431162315	0	0	0	0
1608054808	441145661	0	0	0	0
1608054808	451075552	0	0	0	0
1608054808	461343383	0	0	0	0
1608054808	471212972	0	0	0	0
1608054808	481048839	0	0	0	0
1608054808	490964864	0	0	0	0
1608054808	500888416	0	0	0	0
1608054808	510831282	0	0	0	0
1608054808	520819057	0	0	0	0
1608054808	530979504	0	0	0	0
1608054808	541140418	0	0	0	0
1608054808	551221088	0	0	0	0
1608054808	561362320	0	0	0	0
1608054808	571631630	0	0	0	0
1608054808	581184351	0	0	0	0
1608054808	591171349	0	0	0	0
1608054808	601142790	0	0	0	0
1608054808	611155781	0	0	0	0
1608054808	621177338	0	0	0	0
1608054808	631150519	0	0	0	0
1608054808	641178057	0	0	0	0
1608054808	651066828	0	0	0	0
1608054808	660992833	0	0	0	0
1608054808	671050277	0	0	0	0
1608054808	681031140	0	0	0	0
1608054808	691096634	0	0	0	0
1608054808	701041729	0	0	0	0
1608054808	710976447	0	0	0	0
1608054808	721137805	0	0	0	0
1608054808	731016141	0	0	0	0
1608054808	741101524	0	0	0	0
1608054808	750977797	0	0	0	0
1608054808	761085452	0	0	0	0
1608054808	771081502	0	0	0	0
1608054808	780977005	0	0	0	0
1608054808	791089618	0	0	0	0
1608054808	801077635	0	0	0	0
1608054808	810978433	0	0	0	0
1608054808	821088335	0	0	0	0
1608054808	831236067	0	0	0	0
1608054808	841146377	0	0	0	0
1608054808	851070396	0	0	0	0
1608054808	861167315	0	0	0	0
1608054808	871119662	0	0	0	0
1608054808	881243626	0	0	0	0
1608054808	891294481	0	0	0	0
1608054808	901217516	0	0	0	0
1608054808	911262820	0	0	0	0
1608054808	921150234	0	0	0	0
1608054808	931226745	0	0	0	0
1608054808	941214735	0	0	0	0
1608054808	951223208	0	0	0	0
1608054808	961166345	0	0	0	0
1608054808	971342296	0	0	0	0
1608054808	981284498	0	0	0	0
1608054808	991161828	0	0	0	0
1608054809	1146971	0	0	0	0
1608054809	11126065	0	0	0	0
1608054809	21151342	0	0	0	0
1608054809	31155835	0	0	0	0
1608054809	41154406	0	0	0	0
1608054809	51104137	0	0	0	0
1608054809	61107214	0	0	0	0
1608054809	71253910	0	0	0	0
1608054809	81882637	0	0	0	0
1608054809	91171474	0	0	0	0
1608054809	101169769	0	0	0	0
1608054809	111118411	0	0	0	0
1608054809	121270380	0	0	0	0
1608054809	131215775	0	0	0	0
1608054809	141123625	0	0	0	0
1608054809	151151448	0	0	0	0
1608054809	161836525	0	0	0	0
1608054809	171183606	0	0	0	0
1608054809	181240277	0	0	0	0
1608054809	191153005	0	0	0	0
1608054809	201113342	0	0	0	0
1608054809	211123824	0	0	0	0
1608054809	221240402	0	0	0	0
1608054809	231066657	0	0	0	0
1608054809	241316810	0	0	0	0
1608054809	251143934	0	0	0	0
1608054809	261170343	0	0	0	0
1608054809	271150571	0	0	0	0
1608054809	281176789	0	0	0	0
1608054809	291184057	0	0	0	0
1608054809	301218562	0	0	0	0
1608054809	311044516	0	0	0	0
1608054809	321085208	0	0	0	0
1608054809	331129961	0	0	0	0
1608054809	341196118	0	0	0	0
1608054809	351179420	0	0	0	0
1608054809	361120792	0	0	0	0
1608054809	371189946	0	0	0	0
1608054809	381223280	0	0	0	0
1608054809	391189830	0	0	0	0
1608054809	401097432	0	0	0	0
1608054809	411087114	0	0	0	0
1608054809	421227015	0	0	0	0
1608054809	430966416	0	0	0	0
1608054809	441273440	0	0	0	0
1608054809	451032399	0	0	0	0
1608054809	461055191	0	0	0	0
1608054809	471157580	0	0	0	0
1608054809	481140107	0	0	0	0
1608054809	491048469	0	0	0	0
1608054809	501047240	0	0	0	0
1608054809	511158862	0	0	0	0
1608054809	520982424	0	0	0	0
1608054809	531082082	0	0	0	0
1608054809	540994323	0	0	0	0
1608054809	551067589	0	0	0	0
1608054809	561062398	0	0	0	0
1608054809	571071633	0	0	0	0
1608054809	581332441	0	0	0	0
1608054809	591092448	0	0	0	0
1608054809	601096036	0	0	0	0
1608054809	611033693	0	0	0	0
1608054809	621073639	0	0	0	0
1608054809	631150712	0	0	0	0
1608054809	641046780	0	0	0	0
1608054809	651012021	0	0	0	0
1608054809	661648569	0	0	0	0
1608054809	671097154	0	0	0	0
1608054809	681085763	0	0	0	0
1608054809	691103537	0	0	0	0
1608054809	701079836	0	0	0	0
1608054809	711129307	0	0	0	0
1608054809	721099660	0	0	0	0
1608054809	731078199	0	0	0	0
1608054809	741180605	0	0	0	0
1608054809	751057358	0	0	0	0
1608054809	761159296	0	0	0	0
1608054809	771089676	0	0	0	0
1608054809	781041615	0	0	0	0
1608054809	791038613	0	0	0	0
1608054809	801028945	0	0	0	0
1608054809	810998733	0	0	0	0
1608054809	821155054	0	0	0	0
1608054809	831040311	0	0	0	0
1608054809	841047870	0	0	0	0
1608054809	851026186	0	0	0	0
1608054809	861072072	0	0	0	0
1608054809	871175015	0	0	0	0
1608054809	881043318	0	0	0	0
1608054809	891151220	0	0	0	0
1608054809	901189255	0	0	0	0
1608054809	911254493	0	0	0	0
1608054809	921221159	0	0	0	0
1608054809	931193149	0	0	0	0
1608054809	941130419	0	0	0	0
1608054809	951346994	0	0	0	0
1608054809	961187668	0	0	0	0
1608054809	971333502	0	0	0	0
1608054809	981162210	0	0	0	0
1608054809	991114282	0	0	0	0
1608054810	1303717	0	0	0	0
1608054810	11176617	0	0	0	0
1608054810	21188009	0	0	0	0
1608054810	31170196	0	0	0	0
1608054810	41148872	0	0	0	0
1608054810	51191142	0	0	0	0
1608054810	61173135	0	0	0	0
1608054810	71192185	0	0	0	0
1608054810	81159534	0	0	0	0
1608054810	91102573	0	0	0	0
1608054810	101641782	0	0	0	0
1608054810	111118311	0	0	0	0
1608054810	121172282	0	0	0	0
1608054810	131165955	0	0	0	0
1608054810	141167113	0	0	0	0
1608054810	151243619	0	0	0	0
1608054810	161224267	0	0	0	0
1608054810	171187150	0	0	0	0
1608054810	181205076	0	0	0	0
1608054810	191119190	0	0	0	0
1608054810	201140959	0	0	0	0
1608054810	211175233	0	0	0	0
1608054810	221148208	0	0	0	0
1608054810	231168152	0	0	0	0
1608054810	241523044	0	0	0	0
1608054810	251192175	0	0	0	0
1608054810	261191228	0	0	0	0
1608054810	271161503	0	0	0	0
1608054810	281178077	0	0	0	0
1608054810	291147603	0	0	0	0
1608054810	301194035	0	0	0	0
1608054810	311158065	0	0	0	0
1608054810	321142498	0	0	0	0
1608054810	331186702	0	0	0	0
1608054810	341260739	0	0	0	0
1608054810	351244925	0	0	0	0
1608054810	361149998	0	0	0	0
1608054810	371233595	0	0	0	0
1608054810	381352597	0	0	0	0
1608054810	391182067	0	0	0	0
1608054810	401156051	0	0	0	0
1608054810	411098104	0	0	0	0
1608054810	421199881	0	0	0	0
1608054810	431145005	0	0	0	0
1608054810	441177358	0	0	0	0
1608054810	451291252	0	0	0	0
1608054810	461868055	0	0	0	0
1608054810	471164632	0	0	0	0
1608054810	481209970	0	0	0	0
1608054810	491200164	0	0	0	0
1608054810	501329808	0	0	0	0
1608054810	511270353	0	0	0	0
1608054810	521130540	0	0	0	0
1608054810	531202272	0	0	0	0
1608054810	541178332	0	0	0	0
1608054810	551171014	0	0	0	0
1608054810	561231729	0	0	0	0
1608054810	571170764	0	0	0	0
1608054810	581100621	0	0	0	0
1608054810	591196553	0	0	0	0
1608054810	601221231	0	0	0	0
1608054810	611331670	0	0	0	0
1608054810	621214431	0	0	0	0
1608054810	631146546	0	0	0	0
1608054810	641313977	0	0	0	0
1608054810	651080451	0	0	0	0
1608054810	661510318	0	0	0	0
1608054810	671706503	0	0	0	0
1608054810	681169394	0	0	0	0
1608054810	691182143	0	0	0	0
1608054810	701352959	0	0	0	0
1608054810	711173480	0	0	0	0
1608054810	720985300	0	0	0	0
1608054810	731106835	0	0	0	0
1608054810	741105764	0	0	0	0
1608054810	751107333	0	0	0	0
1608054810	761095388	0	0	0	0
1608054810	771223750	0	0	0	0
1608054810	781211937	0	0	0	0
1608054810	791036697	0	0	0	0
1608054810	801147543	0	0	0	0
1608054810	810974465	0	0	0	0
1608054810	821101876	0	0	0	0
1608054810	831143241	0	0	0	0
1608054810	841109797	0	0	0	0
1608054810	851123020	0	0	0	0
1608054810	861060943	0	0	0	0
1608054810	871109046	0	0	0	0
1608054810	881192763	0	0	0	0
1608054810	891102758	0	0	0	0
1608054810	901124077	0	0	0	0
1608054810	911102358	0	0	0	0
1608054810	921008820	0	0	0	0
1608054810	931064823	0	0	0	0
1608054810	941007244	0	0	0	0
1608054810	951105358	0	0	0	0
1608054810	961064396	0	0	0	0
1608054810	971079145	0	0	0	0
1608054810	981170796	0	0	0	0
1608054810	991168482	0	0	0	0
1608054811	1063701	0	0	0	0
1608054811	11016706	0	0	0	0
1608054811	21019753	0	0	0	0
1608054811	31007373	0	0	0	0
1608054811	41101604	0	0	0	0
1608054811	51055881	0	0	0	0
1608054811	61032847	0	0	0	0
1608054811	71221840	0	0	0	0
1608054811	81215362	0	0	0	0
1608054811	91261896	0	0	0	0
1608054811	101170998	0	0	0	0
1608054811	111089559	0	0	0	0
1608054811	121215138	0	0	0	0
1608054811	131084556	0	0	0	0
1608054811	141116294	0	0	0	0
1608054811	151262588	0	0	0	0
1608054811	161279807	0	0	0	0
1608054811	171199928	0	0	0	0
1608054811	181839928	0	0	0	0
1608054811	191291202	0	0	0	0
1608054811	201139128	0	0	0	0
1608054811	211184160	0	0	0	0
1608054811	221216726	0	0	0	0
1608054811	231133959	0	0	0	0
1608054811	241217554	0	0	0	0
1608054811	251345931	0	0	0	0
1608054811	261186317	0	0	0	0
1608054811	271202742	0	0	0	0
1608054811	281306322	0	0	0	0
1608054811	291168793	0	0	0	0
1608054811	301195491	0	0	0	0
1608054811	311140251	0	0	0	0
1608054811	321094341	0	0	0	0
1608054811	331215152	0	0	0	0
1608054811	341364638	0	0	0	0
1608054811	351091665	0	0	0	0
1608054811	361154797	0	0	0	0
1608054811	371109393	0	0	0	0
1608054811	381428635	0	0	0	0
1608054811	391075477	0	0	0	0
1608054811	401417793	0	0	0	0
1608054811	411071842	0	0	0	0
1608054811	421559518	0	0	0	0
1608054811	431087177	0	0	0	0
1608054811	441138116	0	0	0	0
1608054811	451120568	0	0	0	0
1608054811	461073528	0	0	0	0
1608054811	471047897	0	0	0	0
1608054811	481058057	0	0	0	0
1608054811	491091547	0	0	0	0
1608054811	501079645	0	0	0	0
1608054811	511192966	0	0	0	0
1608054811	521230167	0	0	0	0
1608054811	531166376	0	0	0	0
1608054811	541152253	0	0	0	0
1608054811	551226674	0	0	0	0
1608054811	561212238	0	0	0	0
1608054811	571179987	0	0	0	0
1608054811	581194865	0	0	0	0
1608054811	591136602	0	0	0	0
1608054811	601203562	0	0	0	0
1608054811	611125143	0	0	0	0
1608054811	621132094	0	0	0	0
1608054811	631208819	0	0	0	0
1608054811	641234182	0	0	0	0
1608054811	651181406	0	0	0	0
1608054811	661197025	0	0	0	0
1608054811	671249744	0	0	0	0
1608054811	681240567	0	0	0	0
1608054811	691706316	0	0	0	0
1608054811	701205429	0	0	0	0
1608054811	711327022	0	0	0	0
1608054811	721116043	0	0	0	0
1608054811	731200980	0	0	0	0
1608054811	741202972	0	0	0	0
1608054811	751231367	0	0	0	0
1608054811	761200518	0	0	0	0
1608054811	771172812	0	0	0	0
1608054811	781184788	0	0	0	0
1608054811	791151200	0	0	0	0
1608054811	801231062	0	0	0	0
1608054811	811426916	0	0	0	0
1608054811	821198150	0	0	0	0
1608054811	831133328	0	0	0	0
1608054811	841215511	0	0	0	0
1608054811	851210001	0	0	0	0
1608054811	861224849	0	0	0	0
1608054811	871269049	0	0	0	0
1608054811	881353451	0	0	0	0
1608054811	891153178	0	0	0	0
1608054811	901109295	0	0	0	0
1608054811	911130665	0	0	0	0
1608054811	921177216	0	0	0	0
1608054811	931142862	0	0	0	0
1608054811	941209866	0	0	0	0
1608054811	951220880	0	0	0	0
1608054811	961219278	0	0	0	0
1608054811	971215940	0	0	0	0
1608054811	981191403	0	0	0	0
1608054811	991222990	0	0	0	0
1608054812	1247124	0	0	0	0
1608054812	11216355	0	0	0	0
1608054812	21245469	0	0	0	0
1608054812	31212573	0	0	0	0
1608054812	41236043	0	0	0	0
1608054812	51214928	0	0	0	0
1608054812	61235976	0	0	0	0
1608054812	71179723	0	0	0	0
1608054812	81193189	0	0	0	0
1608054812	91208052	0	0	0	0
1608054812	101236290	0	0	0	0
1608054812	111218382	0	0	0	0
1608054812	121251026	0	0	0	0
1608054812	131219735	0	0	0	0
1608054812	141363596	0	0	0	0
1608054812	151170742	0	0	0	0
1608054812	161164426	0	0	0	0
1608054812	171300264	0	0	0	0
1608054812	181290450	0	0	0	0
1608054812	191157450	0	0	0	0
1608054812	201194174	0	0	0	0
1608054812	211326660	0	0	0	0
1608054812	221261896	0	0	0	0
1608054812	231234528	0	0	0	0
1608054812	241149745	0	0	0	0
1608054812	251211029	0	0	0	0
1608054812	261212915	0	0	0	0
1608054812	271184868	0	0	0	0
1608054812	281288725	0	0	0	0
1608054812	291208261	0	0	0	0
1608054812	301187085	0	0	0	0
1608054812	311307523	0	0	0	0
1608054812	321163923	0	0	0	0
1608054812	331244786	0	0	0	0
1608054812	341241711	0	0	0	0
1608054812	351349840	0	0	0	0
1608054812	361339100	0	0	0	0
1608054812	371308957	0	0	0	0
1608054812	381216040	0	0	0	0
1608054812	391581326	0	0	0	0
1608054812	401190475	0	0	0	0
1608054812	411263566	0	0	0	0
1608054812	421297460	0	0	0	0
1608054812	431216321	0	0	0	0
1608054812	441268130	0	0	0	0
1608054812	451224889	0	0	0	0
1608054812	461213700	0	0	0	0
1608054812	471166113	0	0	0	0
1608054812	481227723	0	0	0	0
1608054812	491174684	0	0	0	0
1608054812	501223075	0	0	0	0
1608054812	511210229	0	0	0	0
1608054812	521187092	0	0	0	0
1608054812	531229594	0	0	0	0
1608054812	541159362	0	0	0	0
1608054812	551229544	0	0	0	0
1608054812	561367371	0	0	0	0
1608054812	571344542	0	0	0	0
1608054812	581361746	0	0	0	0
1608054812	591156236	0	0	0	0
1608054812	601158064	0	0	0	0
1608054812	611136101	0	0	0	0
1608054812	621234901	0	0	0	0
1608054812	631208145	0	0	0	0
1608054812	641232352	0	0	0	0
1608054812	651184433	0	0	0	0
1608054812	661218822	0	0	0	0
1608054812	671157794	0	0	0	0
1608054812	681162315	0	0	0	0
1608054812	691454500	0	0	0	0
1608054812	701215480	0	0	0	0
1608054812	711145194	0	0	0	0
1608054812	721230943	0	0	0	0
1608054812	731212199	0	0	0	0
1608054812	741263107	0	0	0	0
1608054812	751259513	0	0	0	0
1608054812	761181050	0	0	0	0
1608054812	771303493	0	0	0	0
1608054812	781171108	0	0	0	0
1608054812	791236386	0	0	0	0
1608054812	801256642	0	0	0	0
1608054812	811165787	0	0	0	0
1608054812	821347657	0	0	0	0
1608054812	831226234	0	0	0	0
1608054812	841261611	0	0	0	0
1608054812	851222285	0	0	0	0
1608054812	861232157	0	0	0	0
1608054812	871241067	0	0	0	0
1608054812	881204900	0	0	0	0
1608054812	891215593	0	0	0	0
1608054812	901185608	0	0	0	0
1608054812	911211064	0	0	0	0
1608054812	921251134	0	0	0	0
1608054812	931336425	0	0	0	0
1608054812	941228036	0	0	0	0
1608054812	951275099	0	0	0	0
1608054812	961202326	0	0	0	0
1608054812	971270071	0	0	0	0
1608054812	981197692	0	0	0	0
1608054812	991179475	0	0	0	0
1608054813	1253109	0	0	0	0
1608054813	11111077	0	0	0	0
1608054813	21200962	0	0	0	0
1608054813	31228086	0	0	0	0
1608054813	41137457	0	0	0	0
1608054813	51278338	0	0	0	0
1608054813	61162125	0	0	0	0
1608054813	71177898	0	0	0	0
1608054813	81221268	0	0	0	0
1608054813	91250199	0	0	0	0
1608054813	101276843	0	0	0	0
1608054813	111125233	0	0	0	0
1608054813	121382437	0	0	0	0
1608054813	131118006	0	0	0	0
1608054813	141142292	0	0	0	0
1608054813	151292325	0	0	0	0
1608054813	161240262	0	0	0	0
1608054813	171216925	0	0	0	0
1608054813	181221931	0	0	0	0
1608054813	191260158	0	0	0	0
1608054813	201250688	0	0	0	0
1608054813	211135075	0	0	0	0
1608054813	221238070	0	0	0	0
1608054813	231299185	0	0	0	0
1608054813	241273398	0	0	0	0
1608054813	251218224	0	0	0	0
1608054813	261239160	0	0	0	0
1608054813	271220490	0	0	0	0
1608054813	281201155	0	0	0	0
1608054813	291229895	0	0	0	0
1608054813	301175463	0	0	0	0
1608054813	311209114	0	0	0	0
1608054813	321294867	0	0	0	0
1608054813	331213120	0	0	0	0
1608054813	341273179	0	0	0	0
1608054813	351207614	0	0	0	0
1608054813	361176316	0	0	0	0
1608054813	371147795	0	0	0	0
1608054813	381253554	0	0	0	0
1608054813	391338955	0	0	0	0
1608054813	401201615	0	0	0	0
1608054813	411718487	0	0	0	0
1608054813	421189712	0	0	0	0
1608054813	431213229	0	0	0	0
1608054813	441259612	0	0	0	0
1608054813	451216563	0	0	0	0
1608054813	461338509	0	0	0	0
1608054813	471253502	0	0	0	0
1608054813	481265601	0	0	0	0
1608054813	491343071	0	0	0	0
1608054813	501273259	0	0	0	0
1608054813	511262849	0	0	0	0
1608054813	521244130	0	0	0	0
1608054813	531116455	0	0	0	0
1608054813	541357163	0	0	0	0
1608054813	551303158	0	0	0	0
1608054813	561285110	0	0	0	0
1608054813	571295819	0	0	0	0
1608054813	581229689	0	0	0	0
1608054813	591311343	0	0	0	0
1608054813	601180808	0	0	0	0
1608054813	611274141	0	0	0	0
1608054813	621272052	0	0	0	0
1608054813	631199768	0	0	0	0
1608054813	641152653	0	0	0	0
1608054813	651225327	0	0	0	0
1608054813	661429358	0	0	0	0
1608054813	671287098	0	0	0	0
1608054813	681281843	0	0	0	0
1608054813	691155106	0	0	0	0
1608054813	701267018	0	0	0	0
1608054813	711230720	0	0	0	0
1608054813	721385427	0	0	0	0
1608054813	731244466	0	0	0	0
1608054813	741196326	0	0	0	0
1608054813	751241719	0	0	0	0
1608054813	761139870	0	0	0	0
1608054813	771242030	0	0	0	0
1608054813	781263926	0	0	0	0
1608054813	791265344	0	0	0	0
1608054813	801411867	0	0	0	0
1608054813	811128647	0	0	0	0
1608054813	821286599	0	0	0	0
1608054813	831235713	0	0	0	0
1608054813	841187912	0	0	0	0
1608054813	851150671	0	0	0	0
1608054813	861242239	0	0	0	0
1608054813	871209394	0	0	0	0
1608054813	881386950	0	0	0	0
1608054813	891175930	0	0	0	0
1608054813	901290889	0	0	0	0
1608054813	911219494	0	0	0	0
1608054813	921238895	0	0	0	0
1608054813	931231122	0	0	0	0
1608054813	941323877	0	0	0	0
1608054813	951109491	0	0	0	0
1608054813	961316203	0	0	0	0
1608054813	971290377	0	0	0	0
1608054813	981219689	0	0	0	0
1608054813	991248276	0	0	0	0
1608054814	1219532	0	0	0	0
1608054814	11171507	0	0	0	0
1608054814	21360041	0	0	0	0
1608054814	31227887	0	0	0	0
1608054814	41199941	0	0	0	0
1608054814	51136455	0	0	0	0
1608054814	61412602	0	0	0	0
1608054814	71271201	0	0	0	0
1608054814	81333950	0	0	0	0
1608054814	91292995	0	0	0	0
1608054814	101161966	0	0	0	0
1608054814	111341376	0	0	0	0
1608054814	121315646	0	0	0	0
1608054814	131731262	0	0	0	0
1608054814	141275589	0	0	0	0
1608054814	151156311	0	0	0	0
1608054814	161372981	0	0	0	0
1608054814	171251968	0	0	0	0
1608054814	181257082	0	0	0	0
1608054814	191308819	0	0	0	0
1608054814	201154273	0	0	0	0
1608054814	211388101	0	0	0	0
1608054814	221358879	0	0	0	0
1608054814	231350888	0	0	0	0
1608054814	241327684	0	0	0	0
1608054814	251148591	0	0	0	0
1608054814	261882269	0	0	0	0
1608054814	271266696	0	0	0	0
1608054814	281271327	0	0	0	0
1608054814	291235163	0	0	0	0
1608054814	301249656	0	0	0	0
1608054814	311181174	0	0	0	0
1608054814	321279556	0	0	0	0
1608054814	331349106	0	0	0	0
1608054814	341179922	0	0	0	0
1608054814	351233329	0	0	0	0
1608054814	361243816	0	0	0	0
1608054814	371329588	0	0	0	0
1608054814	381389149	0	0	0	0
1608054814	391126571	0	0	0	0
1608054814	401044936	0	0	0	0
1608054814	411052293	0	0	0	0
1608054814	421297837	0	0	0	0
1608054814	430978195	0	0	0	0
1608054814	441072122	0	0	0	0
1608054814	451113022	0	0	0	0
1608054814	461255317	0	0	0	0
1608054814	471129513	0	0	0	0
1608054814	481101899	0	0	0	0
1608054814	491194111	0	0	0	0
1608054814	501117101	0	0	0	0
1608054814	511169194	0	0	0	0
1608054814	521190020	0	0	0	0
1608054814	531134060	0	0	0	0
1608054814	541164727	0	0	0	0
1608054814	551101838	0	0	0	0
1608054814	561503174	0	0	0	0
1608054814	571177775	0	0	0	0
1608054814	581151748	0	0	0	0
1608054814	591158984	0	0	0	0
1608054814	601073987	0	0	0	0
1608054814	611188395	0	0	0	0
1608054814	621204150	0	0	0	0
