time_sec	time_nanosec	joint_velocity_0	joint_velocity_1	joint_velocity_2	joint_velocity_3
1612175700	50684566	0	0	0	0
1612175700	60517257	0	0	0	0
1612175700	71146469	0	0	0	0
1612175700	80841023	0	0	0	0
1612175700	90446153	0	0	0	0
1612175700	100494137	0	0	0	0
1612175700	110462108	0	0	0	0
1612175700	121034598	0	0	0	0
1612175700	130489878	0	0	0	0
1612175700	140462754	0	0	0	0
1612175700	150530507	0	0	0	0
1612175700	160460754	0	0	0	0
1612175700	170503436	0	0	0	0
1612175700	180482402	0	0	0	0
1612175700	190502035	0	0	0	0
1612175700	200476528	0	0	0	0
1612175700	210648470	0	0	0	0
1612175700	220535773	0	0	0	0
1612175700	230465868	0	0	0	0
1612175700	240518854	0	0	0	0
1612175700	250466766	0	0	0	0
1612175700	260455962	0	0	0	0
1612175700	270640044	0	0	0	0
1612175700	280628338	0	0	0	0
1612175700	290564470	0	0	0	0
1612175700	300487906	0	0	0	0
1612175700	310587963	0	0	0	0
1612175700	320490568	0	0	0	0
1612175700	330573415	0	0	0	0
1612175700	340532768	0	0	0	0
1612175700	350486735	0	0	0	0
1612175700	360507359	0	0	0	0
1612175700	370539436	0	0	0	0
1612175700	380485736	0	0	0	0
1612175700	390577451	0	0	0	0
1612175700	400566500	0	0	0	0
1612175700	410494978	0	0	0	0
1612175700	420506798	0	0	0	0
1612175700	430479874	0	0	0	0
1612175700	440496862	0	0	0	0
1612175700	450492534	0	0	0	0
1612175700	460428357	0	0	0	0
1612175700	470484699	0	0	0	0
1612175700	480494902	0	0	0	0
1612175700	490694464	0	0	0	0
1612175700	500513681	0	0	0	0
1612175700	510520360	0	0	0	0
1612175700	520539067	0	0	0	0
1612175700	530465343	0	0	0	0
1612175700	540473172	0	0	0	0
1612175700	550592208	0	0	0	0
1612175700	560512461	0	0	0	0
1612175700	570518410	0	0	0	0
1612175700	580488910	0	0	0	0
1612175700	590603856	0	0	0	0
1612175700	600471802	0	0	0	0
1612175700	610530088	0	0	0	0
1612175700	620518126	0	0	0	0
1612175700	630526127	0	0	0	0
1612175700	640503996	0	0	0	0
1612175700	650460649	0	0	0	0
1612175700	660460115	0	0	0	0
1612175700	670577982	0	0	0	0
1612175700	680469572	0	0	0	0
1612175700	690476861	0	0	0	0
1612175700	700543431	0	0	0	0
1612175700	710474889	0	0	0	0
1612175700	720782320	0	0	0	0
1612175700	730507447	0	0	0	0
1612175700	740711194	0	0	0	0
1612175700	750452072	0	0	0	0
1612175700	760508293	0	0	0	0
1612175700	770550993	0	0	0	0
1612175700	780531896	0	0	0	0
1612175700	790634735	0	0	0	0
1612175700	800696238	0	0	0	0
1612175700	810454433	0	0	0	0
1612175700	820520924	0	0	0	0
1612175700	830470658	0	0	0	0
1612175700	840583819	0	0	0	0
1612175700	850701121	0	0	0	0
1612175700	860466663	0	0	0	0
1612175700	870551901	0	0	0	0
1612175700	880548163	0	0	0	0
1612175700	890643064	0	0	0	0
1612175700	900476946	0	0	0	0
1612175700	910515185	0	0	0	0
1612175700	920568653	0	0	0	0
1612175700	930563658	0	0	0	0
1612175700	940484423	0	0	0	0
1612175700	950705254	0	0	0	0
1612175700	960539452	0	0	0	0
1612175700	970555274	0	0	0	0
1612175700	980478660	0	0	0	0
1612175700	990549691	0	0	0	0
1612175701	482918	0	0	0	0
1612175701	10503106	0	0	0	0
1612175701	20559080	0	0	0	0
1612175701	30632320	0	0	0	0
1612175701	40503063	0	0	0	0
1612175701	50485740	0	0	0	0
1612175701	60470016	0	0	0	0
1612175701	70753919	0	0	0	0
1612175701	80457754	0	0	0	0
1612175701	90484394	0	0	0	0
1612175701	100681913	0	0	0	0
1612175701	110478035	0	0	0	0
1612175701	120535738	0	0	0	0
1612175701	130507223	0	0	0	0
1612175701	140424325	0	0	0	0
1612175701	150504833	0	0	0	0
1612175701	160544271	0	0	0	0
1612175701	170683539	0	0	0	0
1612175701	180472688	0	0	0	0
1612175701	190550672	0	0	0	0
1612175701	200683438	0	0	0	0
1612175701	210425106	0	0	0	0
1612175701	220563142	0	0	0	0
1612175701	230456014	0	0	0	0
1612175701	240526471	0	0	0	0
1612175701	250620599	0	0	0	0
1612175701	260498735	0	0	0	0
1612175701	270489824	0	0	0	0
1612175701	280593813	0	0	0	0
1612175701	290582812	0	0	0	0
1612175701	300461823	0	0	0	0
1612175701	310519669	0	0	0	0
1612175701	320538529	0	0	0	0
1612175701	330471452	0	0	0	0
1612175701	340470052	0	0	0	0
1612175701	350616767	0	0	0	0
1612175701	360488765	0	0	0	0
1612175701	370499608	0	0	0	0
1612175701	380507795	0	0	0	0
1612175701	390499181	0	0	0	0
1612175701	400482061	0	0	0	0
1612175701	410538028	0	0	0	0
1612175701	420553912	0	0	0	0
1612175701	430491718	0	0	0	0
1612175701	440460930	0	0	0	0
1612175701	450544412	0	0	0	0
1612175701	460469462	0	0	0	0
1612175701	470567678	0	0	0	0
1612175701	480537709	0	0	0	0
1612175701	490480712	0	0	0	0
1612175701	500717329	0	0	0	0
1612175701	510549602	0	0	0	0
1612175701	520590592	0	0	0	0
1612175701	530718563	0	0	0	0
1612175701	540561138	0	0	0	0
1612175701	550469431	0	0	0	0
1612175701	560504174	0	0	0	0
1612175701	570743226	0	0	0	0
1612175701	580485275	0	0	0	0
1612175701	590553989	0	0	0	0
1612175701	600594313	0	0	0	0
1612175701	610476549	0	0	0	0
1612175701	620544189	0	0	0	0
1612175701	630483534	0	0	0	0
1612175701	640471290	0	0	0	0
1612175701	650706047	0	0	0	0
1612175701	660614516	0	0	0	0
1612175701	670482063	0	0	0	0
1612175701	680514013	0	0	0	0
1612175701	690561163	0	0	0	0
1612175701	700469834	0	0	0	0
1612175701	710515158	0	0	0	0
1612175701	720536823	0	0	0	0
1612175701	730477750	0	0	0	0
1612175701	740502941	0	0	0	0
1612175701	750515269	0	0	0	0
1612175701	760505529	0	0	0	0
1612175701	770485945	0	0	0	0
1612175701	780531767	0	0	0	0
1612175701	790476305	0	0	0	0
1612175701	800484094	0	0	0	0
1612175701	810512457	0	0	0	0
1612175701	820588514	0	0	0	0
1612175701	830485846	0	0	0	0
1612175701	840478222	0	0	0	0
1612175701	850709381	0	0	0	0
1612175701	860467826	0	0	0	0
1612175701	870550821	0	0	0	0
1612175701	880624814	0	0	0	0
1612175701	890490513	0	0	0	0
1612175701	900576837	0	0	0	0
1612175701	910495564	0	0	0	0
1612175701	920499988	0	0	0	0
1612175701	930570649	0	0	0	0
1612175701	940542385	0	0	0	0
1612175701	950503155	0	0	0	0
1612175701	960508318	0	0	0	0
1612175701	970588521	0	0	0	0
1612175701	980606005	0	0	0	0
1612175701	990541762	0	0	0	0
1612175702	502563	0	0	0	0
1612175702	10471059	0	0	0	0
1612175702	20750435	0	0	0	0
1612175702	30462478	0	0	0	0
1612175702	40520382	0	0	0	0
1612175702	50653594	0	0	0	0
1612175702	60542722	0	0	0	0
1612175702	70541156	0	0	0	0
1612175702	80543576	0	0	0	0
1612175702	90551199	0	0	0	0
1612175702	100516281	0	0	0	0
1612175702	110517669	0	0	0	0
1612175702	120550495	0	0	0	0
1612175702	130489422	0	0	0	0
1612175702	140455069	0	0	0	0
1612175702	150495640	0	0	0	0
1612175702	160498218	0	0	0	0
1612175702	170541264	0	0	0	0
1612175702	180524747	0	0	0	0
1612175702	190509005	0	0	0	0
1612175702	200505139	0	0	0	0
1612175702	210506674	0	0	0	0
1612175702	220540250	0	0	0	0
1612175702	230555991	0	0	0	0
1612175702	240496830	0	0	0	0
1612175702	250690874	0	0	0	0
1612175702	260570897	0	0	0	0
1612175702	270611008	0	0	0	0
1612175702	280500472	0	0	0	0
1612175702	290492193	0	0	0	0
1612175702	300550532	0	0	0	0
1612175702	310494646	0	0	0	0
1612175702	320497728	0	0	0	0
1612175702	330553966	0	0	0	0
1612175702	340567159	0	0	0	0
1612175702	350496502	0	0	0	0
1612175702	360575717	0	0	0	0
1612175702	370548268	0	0	0	0
1612175702	380491160	0	0	0	0
1612175702	390531027	0	0	0	0
1612175702	400827397	0	0	0	0
1612175702	410501425	0	0	0	0
1612175702	420562677	0	0	0	0
1612175702	430500618	0	0	0	0
1612175702	440528404	0	0	0	0
1612175702	450541737	0	0	0	0
1612175702	460607119	0	0	0	0
1612175702	470538428	0	0	0	0
1612175702	480525249	0	0	0	0
1612175702	490583291	0	0	0	0
1612175702	500480700	0	0	0	0
1612175702	510510641	0	0	0	0
1612175702	520534281	0	0	0	0
1612175702	530511615	0	0	0	0
1612175702	540492583	0	0	0	0
1612175702	550542257	0	0	0	0
1612175702	560489559	0	0	0	0
1612175702	570489332	0	0	0	0
1612175702	580528503	0	0	0	0
1612175702	590519735	0	0	0	0
1612175702	600474272	0	0	0	0
1612175702	610515469	0	0	0	0
1612175702	620575170	0	0	0	0
1612175702	630539303	0	0	0	0
1612175702	640449807	0	0	0	0
1612175702	650695123	0	0	0	0
1612175702	660521476	0	0	0	0
1612175702	670564890	0	0	0	0
1612175702	680521608	0	0	0	0
1612175702	690539716	0	0	0	0
1612175702	700599235	0	0	0	0
1612175702	710478868	0	0	0	0
1612175702	720475856	0	0	0	0
1612175702	730549249	0	0	0	0
1612175702	740485452	0	0	0	0
1612175702	750515299	0	0	0	0
1612175702	760512657	0	0	0	0
1612175702	770601099	0	0	0	0
1612175702	780512585	0	0	0	0
1612175702	790482346	0	0	0	0
1612175702	800630629	0	0	0	0
1612175702	810514896	0	0	0	0
1612175702	820551685	0	0	0	0
1612175702	830479319	0	0	0	0
1612175702	840512552	0	0	0	0
1612175702	850732442	0	0	0	0
1612175702	860483081	0	0	0	0
1612175702	870520137	0	0	0	0
1612175702	880546829	0	0	0	0
1612175702	890569639	0	0	0	0
1612175702	900517955	0	0	0	0
1612175702	910574168	0	0	0	0
1612175702	920561048	0	0	0	0
1612175702	930518487	0	0	0	0
1612175702	940578242	0	0	0	0
1612175702	950596445	0	0	0	0
1612175702	960528881	0	0	0	0
1612175702	970556374	0	0	0	0
1612175702	980587709	0	0	0	0
1612175702	990552673	0	0	0	0
1612175703	459958	0	0	0	0
1612175703	10520876	0	0	0	0
1612175703	20562595	0	0	0	0
1612175703	30651330	0	0	0	0
1612175703	40556522	0	0	0	0
1612175703	50506053	0	0	0	0
1612175703	60494618	0	0	0	0
1612175703	70559028	0	0	0	0
1612175703	80483564	0	0	0	0
1612175703	90534311	0	0	0	0
1612175703	100655673	0	0	0	0
1612175703	110574089	0	0	0	0
1612175703	120514056	0	0	0	0
1612175703	130557175	0	0	0	0
1612175703	140587321	0	0	0	0
1612175703	150587624	0	0	0	0
1612175703	160551377	0	0	0	0
1612175703	170664701	0	0	0	0
1612175703	180536652	0	0	0	0
1612175703	190549688	0	0	0	0
1612175703	200615931	0	0	0	0
1612175703	210515000	0	0	0	0
1612175703	220669018	0	0	0	0
1612175703	230499029	0	0	0	0
1612175703	240518716	0	0	0	0
1612175703	250610296	0	0	0	0
1612175703	260615645	0	0	0	0
1612175703	270511140	0	0	0	0
1612175703	280524848	0	0	0	0
1612175703	290570138	0	0	0	0
1612175703	300515047	0	0	0	0
1612175703	310602898	0	0	0	0
1612175703	320545636	0	0	0	0
1612175703	330687538	0	0	0	0
1612175703	340511273	0	0	0	0
1612175703	350657085	0	0	0	0
1612175703	360484307	0	0	0	0
1612175703	370542622	0	0	0	0
1612175703	380536652	0	0	0	0
1612175703	390545947	0	0	0	0
1612175703	400579251	0	0	0	0
1612175703	410503037	0	0	0	0
1612175703	420544240	0	0	0	0
1612175703	430554864	0	0	0	0
1612175703	440642372	0	0	0	0
1612175703	450524195	0	0	0	0
1612175703	460582771	0	0	0	0
1612175703	470692172	0	0	0	0
1612175703	480532597	0	0	0	0
1612175703	490589203	0	0	0	0
1612175703	500594482	0	0	0	0
1612175703	510504778	0	0	0	0
1612175703	520556852	0	0	0	0
1612175703	530664479	0	0	0	0
1612175703	540752345	0	0	0	0
1612175703	550532833	0	0	0	0
1612175703	560527935	0	0	0	0
1612175703	570567814	0	0	0	0
1612175703	580513191	0	0	0	0
1612175703	590604801	0	0	0	0
1612175703	600488062	0	0	0	0
1612175703	610515924	0	0	0	0
1612175703	620585691	0	0	0	0
1612175703	630599021	0	0	0	0
1612175703	640478450	0	0	0	0
1612175703	650677008	0	0	0	0
1612175703	660504373	0	0	0	0
1612175703	670508311	0	0	0	0
1612175703	680677448	0	0	0	0
1612175703	690677853	0	0	0	0
1612175703	700537197	0	0	0	0
1612175703	710626047	0	0	0	0
1612175703	720616890	0	0	0	0
1612175703	730533197	0	0	0	0
1612175703	740473026	0	0	0	0
1612175703	750549873	0	0	0	0
1612175703	760558193	0	0	0	0
1612175703	770547791	0	0	0	0
1612175703	780550329	0	0	0	0
1612175703	790561445	0	0	0	0
1612175703	800698875	0	0	0	0
1612175703	810518087	0	0	0	0
1612175703	820515615	0	0	0	0
1612175703	830670087	0	0	0	0
1612175703	840622570	0	0	0	0
1612175703	850495434	0	0	0	0
1612175703	860588516	0	0	0	0
1612175703	870582779	0	0	0	0
1612175703	880543045	0	0	0	0
1612175703	890542220	0	0	0	0
1612175703	900558011	0	0	0	0
1612175703	910540458	0	0	0	0
1612175703	920600844	0	0	0	0
1612175703	930561837	0	0	0	0
1612175703	940517581	0	0	0	0
1612175703	950526080	0	0	0	0
1612175703	960535422	0	0	0	0
1612175703	970761109	0	0	0	0
1612175703	980560473	0	0	0	0
1612175703	990583792	0	0	0	0
1612175704	553453	0	0	0	0
1612175704	10533549	0	0	0	0
1612175704	20593903	0	0	0	0
1612175704	30543893	0	0	0	0
1612175704	40490569	0	0	0	0
1612175704	50582980	0	0	0	0
1612175704	60651548	0	0	0	0
1612175704	70648538	0	0	0	0
1612175704	80538318	0	0	0	0
1612175704	90562800	0	0	0	0
1612175704	100512878	0	0	0	0
1612175704	110568886	0	0	0	0
1612175704	120594580	0	0	0	0
1612175704	130527581	0	0	0	0
1612175704	140538186	0	0	0	0
1612175704	150608217	0	0	0	0
1612175704	160527816	0	0	0	0
1612175704	170683774	0	0	0	0
1612175704	180539562	0	0	0	0
1612175704	190535018	0	0	0	0
1612175704	200641417	0	0	0	0
1612175704	210519500	0	0	0	0
1612175704	220533807	0	0	0	0
1612175704	230534048	0	0	0	0
1612175704	240480380	0	0	0	0
1612175704	250618387	0	0	0	0
1612175704	260590635	0	0	0	0
1612175704	270774139	0	0	0	0
1612175704	280565799	0	0	0	0
1612175704	290596465	0	0	0	0
1612175704	300617503	0	0	0	0
1612175704	310626723	0	0	0	0
1612175704	320606200	0	0	0	0
1612175704	330516589	0	0	0	0
1612175704	340561491	0	0	0	0
1612175704	350749090	0	0	0	0
1612175704	360609073	0	0	0	0
1612175704	370693249	0	0	0	0
1612175704	380581503	0	0	0	0
1612175704	390525282	0	0	0	0
1612175704	400564061	0	0	0	0
1612175704	410505586	0	0	0	0
1612175704	420675496	0	0	0	0
1612175704	430531710	0	0	0	0
1612175704	440542752	0	0	0	0
1612175704	450636278	0	0	0	0
1612175704	460545143	0	0	0	0
1612175704	470483874	0	0	0	0
1612175704	480575324	0	0	0	0
1612175704	490460265	0	0	0	0
1612175704	500543031	0	0	0	0
1612175704	510570003	0	0	0	0
1612175704	520559387	0	0	0	0
1612175704	530561470	0	0	0	0
1612175704	540509521	0	0	0	0
1612175704	550613503	0	0	0	0
1612175704	560518932	0	0	0	0
1612175704	570594541	0	0	0	0
1612175704	580533906	0	0	0	0
1612175704	590518026	0	0	0	0
1612175704	600638752	0	0	0	0
1612175704	610586443	0	0	0	0
1612175704	620592446	0	0	0	0
1612175704	630548055	0	0	0	0
1612175704	640558620	0	0	0	0
1612175704	650544772	0	0	0	0
1612175704	660581781	0	0	0	0
1612175704	670664796	0	0	0	0
1612175704	680613056	0	0	0	0
1612175704	690673460	0	0	0	0
1612175704	700675598	0	0	0	0
1612175704	710508049	0	0	0	0
1612175704	720623398	0	0	0	0
1612175704	730552212	0	0	0	0
1612175704	740538393	0	0	0	0
1612175704	750545665	0	0	0	0
1612175704	760544415	0	0	0	0
1612175704	770584099	0	0	0	0
1612175704	780510127	0	0	0	0
1612175704	790523801	0	0	0	0
1612175704	800624318	0	0	0	0
1612175704	810521658	0	0	0	0
1612175704	820579765	0	0	0	0
1612175704	830523498	0	0	0	0
1612175704	840456552	0	0	0	0
1612175704	850614591	0	0	0	0
1612175704	860575125	0	0	0	0
1612175704	870503150	0	0	0	0
1612175704	880677096	0	0	0	0
1612175704	890526466	0	0	0	0
1612175704	900556847	0	0	0	0
1612175704	910648299	0	0	0	0
1612175704	920583417	0	0	0	0
1612175704	930503707	0	0	0	0
1612175704	940581126	0	0	0	0
1612175704	950593266	0	0	0	0
1612175704	960531164	0	0	0	0
1612175704	970556252	0	0	0	0
1612175704	980536874	0	0	0	0
1612175704	990509979	0	0	0	0
1612175705	617462	0	0	0	0
1612175705	10550059	0	0	0	0
1612175705	20525031	0	0	0	0
1612175705	30686038	0	0	0	0
1612175705	40701483	0	0	0	0
1612175705	50623820	0	0	0	0
1612175705	60589654	0	0	0	0
1612175705	70595515	0	0	0	0
1612175705	80545029	0	0	0	0
1612175705	90504103	0	0	0	0
1612175705	100615685	0	0	0	0
1612175705	110537644	0	0	0	0
1612175705	120584259	0	0	0	0
1612175705	130531137	0	0	0	0
1612175705	140567613	0	0	0	0
1612175705	150550009	0	0	0	0
1612175705	160528065	0	0	0	0
1612175705	170588793	0	0	0	0
1612175705	180568028	0	0	0	0
1612175705	190542106	0	0	0	0
1612175705	200630191	0	0	0	0
1612175705	210534259	0	0	0	0
1612175705	220581154	0	0	0	0
1612175705	230631702	0	0	0	0
1612175705	240561272	0	0	0	0
1612175705	250643030	0	0	0	0
1612175705	260547782	0	0	0	0
1612175705	270627516	0	0	0	0
1612175705	280613408	0	0	0	0
1612175705	290531560	0	0	0	0
1612175705	300526821	0	0	0	0
1612175705	310672187	0	0	0	0
1612175705	320633471	0	0	0	0
1612175705	330550895	0	0	0	0
1612175705	340542895	0	0	0	0
1612175705	350655942	0	0	0	0
1612175705	360533823	0	0	0	0
1612175705	370693426	0	0	0	0
1612175705	380572883	0	0	0	0
1612175705	390712519	0	0	0	0
1612175705	400557265	0	0	0	0
1612175705	410527273	0	0	0	0
1612175705	420587451	0	0	0	0
1612175705	430569700	0	0	0	0
1612175705	440501825	0	0	0	0
1612175705	450562337	0	0	0	0
1612175705	460630727	0	0	0	0
1612175705	470588852	0	0	0	0
1612175705	480618234	0	0	0	0
1612175705	490566096	0	0	0	0
1612175705	500594910	0	0	0	0
1612175705	510545905	0	0	0	0
1612175705	520540134	0	0	0	0
1612175705	530568456	0	0	0	0
1612175705	540626254	0	0	0	0
1612175705	550545938	0	0	0	0
1612175705	560570152	0	0	0	0
1612175705	570604346	0	0	0	0
1612175705	580576928	0	0	0	0
1612175705	590552026	0	0	0	0
1612175705	600644385	0	0	0	0
1612175705	610511182	0	0	0	0
1612175705	620622435	0	0	0	0
1612175705	630556133	0	0	0	0
1612175705	640603134	0	0	0	0
1612175705	650655750	0	0	0	0
1612175705	660656577	0	0	0	0
1612175705	670536696	0	0	0	0
1612175705	680582094	0	0	0	0
1612175705	690544387	0	0	0	0
1612175705	700532837	0	0	0	0
1612175705	710565466	0	0	0	0
1612175705	720721889	0	0	0	0
1612175705	730526738	0	0	0	0
1612175705	740648039	0	0	0	0
1612175705	750622899	0	0	0	0
1612175705	760541228	0	0	0	0
1612175705	770681756	0	0	0	0
1612175705	780539325	0	0	0	0
1612175705	790572769	0	0	0	0
1612175705	800540411	0	0	0	0
1612175705	810619281	0	0	0	0
1612175705	820604740	0	0	0	0
1612175705	830598476	0	0	0	0
1612175705	840549851	0	0	0	0
1612175705	850535610	0	0	0	0
1612175705	860605194	0	0	0	0
1612175705	870604986	0	0	0	0
1612175705	880550978	0	0	0	0
1612175705	890581620	0	0	0	0
1612175705	900580228	0	0	0	0
1612175705	910567606	0	0	0	0
1612175705	920557206	0	0	0	0
1612175705	930609123	0	0	0	0
1612175705	940539992	0	0	0	0
1612175705	950571944	0	0	0	0
1612175705	960551000	0	0	0	0
1612175705	970581788	0	0	0	0
1612175705	980570262	0	0	0	0
1612175705	990572270	0	0	0	0
1612175706	598841	0	0	0	0
1612175706	10521118	0	0	0	0
1612175706	20624241	0	0	0	0
1612175706	30572387	0	0	0	0
1612175706	40580608	0	0	0	0
1612175706	50601375	0	0	0	0
1612175706	60567188	0	0	0	0
1612175706	70547053	0	0	0	0
1612175706	80588931	0	0	0	0
1612175706	90533722	0	0	0	0
1612175706	100576938	0	0	0	0
1612175706	110576970	0	0	0	0
1612175706	120584073	0	0	0	0
1612175706	130542677	0	0	0	0
1612175706	140540992	0	0	0	0
1612175706	150651903	0	0	0	0
1612175706	160556934	0	0	0	0
1612175706	170559702	0	0	0	0
1612175706	180564139	0	0	0	0
1612175706	190503482	0	0	0	0
1612175706	200631774	0	0	0	0
1612175706	210538192	0	0	0	0
1612175706	220548732	0	0	0	0
1612175706	230619002	0	0	0	0
1612175706	240559453	0	0	0	0
1612175706	250558022	0	0	0	0
1612175706	260642777	0	0	0	0
1612175706	270556741	0	0	0	0
1612175706	280576397	0	0	0	0
1612175706	290497764	0	0	0	0
1612175706	300728834	0	0	0	0
1612175706	310576600	0	0	0	0
1612175706	320657167	0	0	0	0
1612175706	330566633	0	0	0	0
1612175706	340594140	0	0	0	0
1612175706	350616498	0	0	0	0
1612175706	360552865	0	0	0	0
1612175706	370584380	0	0	0	0
1612175706	380533363	0	0	0	0
1612175706	390541404	0	0	0	0
1612175706	400610274	0	0	0	0
1612175706	410532707	0	0	0	0
1612175706	420562891	0	0	0	0
1612175706	430580713	0	0	0	0
1612175706	440646955	0	0	0	0
1612175706	450853384	0	0	0	0
1612175706	460554133	0	0	0	0
1612175706	470569457	0	0	0	0
1612175706	480604437	0	0	0	0
1612175706	490540540	0	0	0	0
1612175706	500591301	0	0	0	0
1612175706	510584452	0	0	0	0
1612175706	520605431	0	0	0	0
1612175706	530568264	0	0	0	0
1612175706	540607717	0	0	0	0
1612175706	550843917	0	0	0	0
1612175706	560663388	0	0	0	0
1612175706	570764635	0	0	0	0
1612175706	580572447	0	0	0	0
1612175706	590644260	0	0	0	0
1612175706	600592087	0	0	0	0
1612175706	610532534	0	0	0	0
1612175706	620747358	0	0	0	0
1612175706	630607603	0	0	0	0
1612175706	640600578	0	0	0	0
1612175706	650599265	0	0	0	0
1612175706	660605295	0	0	0	0
1612175706	670701022	0	0	0	0
1612175706	680576655	0	0	0	0
1612175706	690576151	0	0	0	0
1612175706	700618839	0	0	0	0
1612175706	710571706	0	0	0	0
1612175706	720678217	0	0	0	0
1612175706	730571488	0	0	0	0
1612175706	740648029	0	0	0	0
1612175706	750569007	0	0	0	0
1612175706	760601072	0	0	0	0
1612175706	770755381	0	0	0	0
1612175706	780585645	0	0	0	0
1612175706	790537957	0	0	0	0
1612175706	800749795	0	0	0	0
1612175706	810645501	0	0	0	0
1612175706	820684584	0	0	0	0
1612175706	830623317	0	0	0	0
1612175706	840562442	0	0	0	0
1612175706	850642577	0	0	0	0
1612175706	860565419	0	0	0	0
1612175706	870619162	0	0	0	0
1612175706	880596425	0	0	0	0
1612175706	890532849	0	0	0	0
1612175706	900669787	0	0	0	0
1612175706	910563639	0	0	0	0
1612175706	920599345	0	0	0	0
1612175706	930595578	0	0	0	0
1612175706	940583533	0	0	0	0
1612175706	950811689	0	0	0	0
1612175706	960571686	0	0	0	0
1612175706	970615744	0	0	0	0
1612175706	980668670	0	0	0	0
1612175706	990537283	0	0	0	0
1612175707	656302	0	0	0	0
1612175707	10548503	0	0	0	0
1612175707	20606163	0	0	0	0
1612175707	30604312	0	0	0	0
1612175707	40604502	0	0	0	0
1612175707	50650027	0	0	0	0
1612175707	60651912	0	0	0	0
1612175707	70674112	0	0	0	0
1612175707	80560714	0	0	0	0
1612175707	90716731	0	0	0	0
1612175707	100632362	0	0	0	0
1612175707	110572108	0	0	0	0
1612175707	120634862	0	0	0	0
1612175707	130597842	0	0	0	0
1612175707	140654381	0	0	0	0
1612175707	150616234	0	0	0	0
1612175707	160571359	0	0	0	0
1612175707	170634637	0	0	0	0
1612175707	180603481	0	0	0	0
1612175707	190536851	0	0	0	0
1612175707	200625403	0	0	0	0
1612175707	211195464	0	0	0	0
1612175707	220582583	0	0	0	0
1612175707	230558689	0	0	0	0
1612175707	240547922	0	0	0	0
1612175707	250662818	0	0	0	0
1612175707	260678627	0	0	0	0
1612175707	270594459	0	0	0	0
1612175707	280566000	0	0	0	0
1612175707	290581094	0	0	0	0
1612175707	300609850	0	0	0	0
1612175707	310621866	0	0	0	0
1612175707	320770506	0	0	0	0
1612175707	330583723	0	0	0	0
1612175707	340670069	0	0	0	0
1612175707	350628913	0	0	0	0
1612175707	360602247	0	0	0	0
1612175707	370620018	0	0	0	0
1612175707	380574632	0	0	0	0
1612175707	390630778	0	0	0	0
1612175707	400650218	0	0	0	0
1612175707	410552109	0	0	0	0
1612175707	420585436	0	0	0	0
1612175707	430623184	0	0	0	0
1612175707	440564109	0	0	0	0
1612175707	450540898	0	0	0	0
1612175707	460615801	0	0	0	0
1612175707	470553123	0	0	0	0
1612175707	480569860	0	0	0	0
1612175707	490550532	0	0	0	0
1612175707	500623167	0	0	0	0
1612175707	510570550	0	0	0	0
1612175707	520611049	0	0	0	0
1612175707	530539025	0	0	0	0
1612175707	540567293	0	0	0	0
1612175707	550657822	0	0	0	0
1612175707	560554573	0	0	0	0
1612175707	570608425	0	0	0	0
1612175707	580554061	0	0	0	0
1612175707	590650293	0	0	0	0
1612175707	600625051	0	0	0	0
1612175707	610597664	0	0	0	0
1612175707	620711103	0	0	0	0
1612175707	630586961	0	0	0	0
1612175707	640591040	0	0	0	0
1612175707	650664389	0	0	0	0
1612175707	660552085	0	0	0	0
1612175707	670584147	0	0	0	0
1612175707	680586665	0	0	0	0
1612175707	690562320	0	0	0	0
1612175707	700684660	0	0	0	0
1612175707	710676039	0	0	0	0
1612175707	720622594	0	0	0	0
1612175707	730667686	0	0	0	0
1612175707	740607522	0	0	0	0
1612175707	750745683	0	0	0	0
1612175707	760660747	0	0	0	0
1612175707	770637953	0	0	0	0
1612175707	780641435	0	0	0	0
1612175707	790604292	0	0	0	0
1612175707	800600697	0	0	0	0
1612175707	810621537	0	0	0	0
1612175707	820697757	0	0	0	0
1612175707	830598265	0	0	0	0
1612175707	840618973	0	0	0	0
1612175707	850669643	0	0	0	0
1612175707	860703393	0	0	0	0
1612175707	870556310	0	0	0	0
1612175707	880587937	0	0	0	0
1612175707	890576712	0	0	0	0
1612175707	900582567	0	0	0	0
1612175707	910576557	0	0	0	0
1612175707	920614516	0	0	0	0
1612175707	930603433	0	0	0	0
1612175707	940562808	0	0	0	0
1612175707	950581338	0	0	0	0
1612175707	960587557	0	0	0	0
1612175707	970615388	0	0	0	0
1612175707	980593010	0	0	0	0
1612175707	990636076	0	0	0	0
1612175708	606801	0	0	0	0
1612175708	10558195	0	0	0	0
1612175708	20611487	0	0	0	0
1612175708	30582170	0	0	0	0
1612175708	40576311	0	0	0	0
1612175708	50584088	0	0	0	0
1612175708	60638872	0	0	0	0
1612175708	70613605	0	0	0	0
1612175708	80712078	0	0	0	0
1612175708	90638248	0	0	0	0
1612175708	100599249	0	0	0	0
1612175708	110617831	0	0	0	0
1612175708	120633590	0	0	0	0
1612175708	130573999	0	0	0	0
1612175708	140620070	0	0	0	0
1612175708	150637764	0	0	0	0
1612175708	160574712	0	0	0	0
1612175708	170588872	0	0	0	0
1612175708	180607294	0	0	0	0
1612175708	190602837	0	0	0	0
1612175708	200590861	0	0	0	0
1612175708	210594827	0	0	0	0
1612175708	220647048	0	0	0	0
1612175708	230611412	0	0	0	0
1612175708	240549928	0	0	0	0
1612175708	250628469	0	0	0	0
1612175708	260591554	0	0	0	0
1612175708	270735147	0	0	0	0
1612175708	280544380	0	0	0	0
1612175708	290553706	0	0	0	0
1612175708	300774600	0	0	0	0
1612175708	310576380	0	0	0	0
1612175708	320638520	0	0	0	0
1612175708	330609593	0	0	0	0
1612175708	340773112	0	0	0	0
1612175708	350568895	0	0	0	0
1612175708	360587947	0	0	0	0
1612175708	370603801	0	0	0	0
1612175708	380567090	0	0	0	0
1612175708	390762719	0	0	0	0
1612175708	400671254	0	0	0	0
1612175708	410575504	0	0	0	0
1612175708	420609763	0	0	0	0
1612175708	430714493	0	0	0	0
1612175708	440557515	0	0	0	0
1612175708	450653736	0	0	0	0
1612175708	460599561	0	0	0	0
1612175708	470568606	0	0	0	0
1612175708	480599153	0	0	0	0
1612175708	490564631	0	0	0	0
1612175708	500685295	0	0	0	0
1612175708	510594305	0	0	0	0
1612175708	520646057	0	0	0	0
1612175708	530599690	0	0	0	0
1612175708	540638479	0	0	0	0
1612175708	550629450	0	0	0	0
1612175708	560554041	0	0	0	0
1612175708	570657028	0	0	0	0
1612175708	580616334	0	0	0	0
1612175708	590649963	0	0	0	0
1612175708	600631166	0	0	0	0
1612175708	610612447	0	0	0	0
1612175708	620645861	0	0	0	0
1612175708	630601039	0	0	0	0
1612175708	640577031	0	0	0	0
1612175708	650547217	0	0	0	0
1612175708	660612996	0	0	0	0
1612175708	670571766	0	0	0	0
1612175708	680579006	0	0	0	0
1612175708	690639928	0	0	0	0
1612175708	700597710	0	0	0	0
1612175708	710623103	0	0	0	0
1612175708	720657294	0	0	0	0
1612175708	730606509	0	0	0	0
1612175708	740597467	0	0	0	0
1612175708	750612559	0	0	0	0
1612175708	760587327	0	0	0	0
1612175708	770607985	0	0	0	0
1612175708	780665214	0	0	0	0
1612175708	790561728	0	0	0	0
1612175708	800755994	0	0	0	0
1612175708	810655418	0	0	0	0
1612175708	820613749	0	0	0	0
1612175708	830619209	0	0	0	0
1612175708	840605058	0	0	0	0
1612175708	850583977	0	0	0	0
1612175708	860613707	0	0	0	0
1612175708	870575029	0	0	0	0
1612175708	880597302	0	0	0	0
1612175708	890506801	0	0	0	0
1612175708	900646173	0	0	0	0
1612175708	910585317	0	0	0	0
1612175708	920628457	0	0	0	0
1612175708	930589528	0	0	0	0
1612175708	940559147	0	0	0	0
1612175708	950592300	0	0	0	0
1612175708	960589479	0	0	0	0
1612175708	970614462	0	0	0	0
1612175708	980616095	0	0	0	0
1612175708	990584337	0	0	0	0
1612175709	746665	0	0	0	0
1612175709	10583403	0	0	0	0
1612175709	20556208	0	0	0	0
1612175709	30575125	0	0	0	0
1612175709	40645592	0	0	0	0
1612175709	50594063	0	0	0	0
1612175709	60602642	0	0	0	0
1612175709	70606163	0	0	0	0
1612175709	80636089	0	0	0	0
1612175709	90735859	0	0	0	0
1612175709	100685189	0	0	0	0
1612175709	110566426	0	0	0	0
1612175709	120570420	0	0	0	0
1612175709	130771401	0	0	0	0
1612175709	140572728	0	0	0	0
1612175709	150619911	0	0	0	0
1612175709	160749150	0	0	0	0
1612175709	170609554	0	0	0	0
1612175709	180576234	0	0	0	0
1612175709	190600239	0	0	0	0
1612175709	200624985	0	0	0	0
1612175709	210622594	0	0	0	0
1612175709	220546235	0	0	0	0
1612175709	230612719	0	0	0	0
1612175709	240633566	0	0	0	0
1612175709	250657680	0	0	0	0
1612175709	260619353	0	0	0	0
1612175709	270581866	0	0	0	0
1612175709	280637982	0	0	0	0
1612175709	290568413	0	0	0	0
1612175709	300578102	0	0	0	0
1612175709	310613627	0	0	0	0
1612175709	320669271	0	0	0	0
1612175709	330664428	0	0	0	0
1612175709	340616890	0	0	0	0
1612175709	350749793	0	0	0	0
1612175709	360588511	0	0	0	0
1612175709	370627416	0	0	0	0
1612175709	380634361	0	0	0	0
1612175709	390543964	0	0	0	0
1612175709	400724404	0	0	0	0
1612175709	410575761	0	0	0	0
1612175709	420619936	0	0	0	0
1612175709	430620074	0	0	0	0
1612175709	440627223	0	0	0	0
1612175709	450621969	0	0	0	0
1612175709	460592446	0	0	0	0
1612175709	470744764	0	0	0	0
1612175709	480581386	0	0	0	0
1612175709	490602279	0	0	0	0
1612175709	500613736	0	0	0	0
1612175709	510664506	0	0	0	0
1612175709	520680798	0	0	0	0
1612175709	530567228	0	0	0	0
1612175709	540593463	0	0	0	0
1612175709	550612215	0	0	0	0
1612175709	560780178	0	0	0	0
1612175709	570628064	0	0	0	0
1612175709	580656489	0	0	0	0
1612175709	590709854	0	0	0	0
1612175709	600609565	0	0	0	0
1612175709	610592162	0	0	0	0
1612175709	620612111	0	0	0	0
1612175709	630614408	0	0	0	0
1612175709	640715940	0	0	0	0
1612175709	650586017	0	0	0	0
1612175709	660599304	0	0	0	0
1612175709	670637844	0	0	0	0
1612175709	680638361	0	0	0	0
1612175709	690601787	0	0	0	0
1612175709	700592166	0	0	0	0
1612175709	710605654	0	0	0	0
1612175709	720752127	0	0	0	0
1612175709	730670221	0	0	0	0
1612175709	740653958	0	0	0	0
1612175709	750663175	0	0	0	0
1612175709	760759920	0	0	0	0
1612175709	770712762	0	0	0	0
1612175709	780597683	0	0	0	0
1612175709	790589661	0	0	0	0
1612175709	800636895	0	0	0	0
1612175709	810572421	0	0	0	0
1612175709	820769572	0	0	0	0
1612175709	830638162	0	0	0	0
1612175709	840787948	0	0	0	0
1612175709	850610899	0	0	0	0
1612175709	860672676	0	0	0	0
1612175709	870591154	0	0	0	0
1612175709	880623759	0	0	0	0
1612175709	890587568	0	0	0	0
1612175709	900634411	0	0	0	0
1612175709	910598043	0	0	0	0
1612175709	920616376	0	0	0	0
1612175709	930614144	0	0	0	0
1612175709	940588483	0	0	0	0
1612175709	950599891	0	0	0	0
1612175709	960581604	0	0	0	0
1612175709	970658336	0	0	0	0
1612175709	980610420	0	0	0	0
1612175709	990600101	0	0	0	0
1612175710	637530	0	0	0	0
1612175710	10606863	0	0	0	0
1612175710	20599221	0	0	0	0
1612175710	30591471	0	0	0	0
1612175710	40629196	0	0	0	0
1612175710	50601240	0	0	0	0
1612175710	60654549	0	0	0	0
1612175710	70592139	0	0	0	0
1612175710	80827751	0	0	0	0
1612175710	90598727	0	0	0	0
1612175710	100714450	0	0	0	0
1612175710	110607945	0	0	0	0
1612175710	120592324	0	0	0	0
1612175710	130654866	0	0	0	0
1612175710	140616807	0	0	0	0
1612175710	150637001	0	0	0	0
1612175710	160581645	0	0	0	0
1612175710	170629088	0	0	0	0
1612175710	180610644	0	0	0	0
1612175710	190575563	0	0	0	0
1612175710	200785859	0	0	0	0
1612175710	210577461	0	0	0	0
1612175710	220661632	0	0	0	0
1612175710	230648426	0	0	0	0
1612175710	240636303	0	0	0	0
1612175710	250679018	0	0	0	0
1612175710	260842742	0	0	0	0
1612175710	270634845	0	0	0	0
1612175710	280574774	0	0	0	0
1612175710	290630112	0	0	0	0
1612175710	300645263	0	0	0	0
1612175710	310572969	0	0	0	0
1612175710	320631406	0	0	0	0
1612175710	330592223	0	0	0	0
1612175710	340623347	0	0	0	0
1612175710	350601937	0	0	0	0
1612175710	360604840	0	0	0	0
1612175710	370585263	0	0	0	0
1612175710	380643636	0	0	0	0
1612175710	390620089	0	0	0	0
1612175710	400663680	0	0	0	0
1612175710	410587282	0	0	0	0
1612175710	420625734	0	0	0	0
1612175710	430646650	0	0	0	0
1612175710	440749772	0	0	0	0
1612175710	450645132	0	0	0	0
1612175710	460586589	0	0	0	0
1612175710	470597026	0	0	0	0
1612175710	480754250	0	0	0	0
1612175710	490582573	0	0	0	0
1612175710	500648990	0	0	0	0
1612175710	510591703	0	0	0	0
1612175710	520657103	0	0	0	0
1612175710	530702960	0	0	0	0
1612175710	540671942	0	0	0	0
1612175710	550628194	0	0	0	0
1612175710	560706486	0	0	0	0
1612175710	570676542	0	0	0	0
1612175710	580622912	0	0	0	0
1612175710	590659408	0	0	0	0
1612175710	600671209	0	0	0	0
1612175710	610601181	0	0	0	0
1612175710	620647104	0	0	0	0
1612175710	630689722	0	0	0	0
1612175710	640588418	0	0	0	0
1612175710	650614399	0	0	0	0
1612175710	660776543	0	0	0	0
1612175710	670602790	0	0	0	0
1612175710	680638650	0	0	0	0
1612175710	690670764	0	0	0	0
1612175710	700590738	0	0	0	0
1612175710	710601252	0	0	0	0
1612175710	720611940	0	0	0	0
1612175710	730602871	0	0	0	0
1612175710	740580911	0	0	0	0
1612175710	750613625	0	0	0	0
1612175710	760612778	0	0	0	0
1612175710	770594658	0	0	0	0
1612175710	780653276	0	0	0	0
1612175710	790646355	0	0	0	0
1612175710	800615962	0	0	0	0
1612175710	810596167	0	0	0	0
1612175710	820614390	0	0	0	0
1612175710	830706483	0	0	0	0
1612175710	840588287	0	0	0	0
1612175710	850678670	0	0	0	0
1612175710	860619703	0	0	0	0
1612175710	870592002	0	0	0	0
1612175710	880618338	0	0	0	0
1612175710	890607454	0	0	0	0
1612175710	900703044	0	0	0	0
1612175710	910588544	0	0	0	0
1612175710	920621990	0	0	0	0
1612175710	930685750	0	0	0	0
1612175710	940604746	0	0	0	0
1612175710	950621987	0	0	0	0
1612175710	960664993	0	0	0	0
1612175710	970691860	0	0	0	0
1612175710	980592312	0	0	0	0
1612175710	990670916	0	0	0	0
1612175711	607089	0	0	0	0
1612175711	10607187	0	0	0	0
1612175711	20579286	0	0	0	0
1612175711	30662753	0	0	0	0
1612175711	40606460	0	0	0	0
1612175711	50601541	0	0	0	0
1612175711	60641933	0	0	0	0
1612175711	70789025	0	0	0	0
1612175711	80682685	0	0	0	0
1612175711	90639476	0	0	0	0
1612175711	100787719	0	0	0	0
1612175711	110586665	0	0	0	0
1612175711	120686303	0	0	0	0
1612175711	130709824	0	0	0	0
1612175711	140631826	0	0	0	0
1612175711	150645713	0	0	0	0
1612175711	160660326	0	0	0	0
1612175711	170658172	0	0	0	0
1612175711	180599971	0	0	0	0
1612175711	190622176	0	0	0	0
1612175711	200639928	0	0	0	0
1612175711	210616581	0	0	0	0
1612175711	220690204	0	0	0	0
1612175711	230591085	0	0	0	0
1612175711	240598938	0	0	0	0
1612175711	250672575	0	0	0	0
1612175711	260719437	0	0	0	0
1612175711	270690481	0	0	0	0
1612175711	280628771	0	0	0	0
1612175711	290575516	0	0	0	0
1612175711	300751944	0	0	0	0
1612175711	310614769	0	0	0	0
1612175711	320633732	0	0	0	0
1612175711	330635215	0	0	0	0
1612175711	340612942	0	0	0	0
1612175711	350642219	0	0	0	0
1612175711	360605906	0	0	0	0
1612175711	370801779	0	0	0	0
1612175711	380650246	0	0	0	0
1612175711	390660542	0	0	0	0
1612175711	400731683	0	0	0	0
1612175711	410699902	0	0	0	0
1612175711	420618732	0	0	0	0
1612175711	430719801	0	0	0	0
1612175711	440599558	0	0	0	0
1612175711	450631460	0	0	0	0
1612175711	460637123	0	0	0	0
1612175711	470632218	0	0	0	0
1612175711	480607303	0	0	0	0
1612175711	490658296	0	0	0	0
1612175711	500699785	0	0	0	0
1612175711	510689109	0	0	0	0
1612175711	520657198	0	0	0	0
1612175711	530676899	0	0	0	0
1612175711	540628764	0	0	0	0
1612175711	550672248	0	0	0	0
1612175711	560633888	0	0	0	0
1612175711	570621846	0	0	0	0
1612175711	580725496	0	0	0	0
1612175711	590583937	0	0	0	0
1612175711	600648285	0	0	0	0
1612175711	610644703	0	0	0	0
1612175711	620632486	0	0	0	0
1612175711	630649474	0	0	0	0
1612175711	640616360	0	0	0	0
1612175711	650734134	0	0	0	0
1612175711	660653670	0	0	0	0
1612175711	670699568	0	0	0	0
1612175711	680631252	0	0	0	0
1612175711	690630868	0	0	0	0
1612175711	700639149	0	0	0	0
1612175711	710619349	0	0	0	0
1612175711	720614507	0	0	0	0
1612175711	730611442	0	0	0	0
1612175711	740601033	0	0	0	0
1612175711	750648841	0	0	0	0
1612175711	760643435	0	0	0	0
1612175711	770654168	0	0	0	0
1612175711	780603756	0	0	0	0
1612175711	790672489	0	0	0	0
1612175711	800642078	0	0	0	0
1612175711	810609644	0	0	0	0
1612175711	820736589	0	0	0	0
1612175711	830874340	0	0	0	0
1612175711	840609844	0	0	0	0
1612175711	850611452	0	0	0	0
1612175711	860747672	0	0	0	0
1612175711	870620012	0	0	0	0
1612175711	880685033	0	0	0	0
1612175711	890756212	0	0	0	0
1612175711	900641354	0	0	0	0
1612175711	910655322	0	0	0	0
1612175711	920687206	0	0	0	0
1612175711	930713960	0	0	0	0
1612175711	940713774	0	0	0	0
1612175711	950607996	0	0	0	0
1612175711	960611262	0	0	0	0
1612175711	970612048	0	0	0	0
1612175711	980965812	0	0	0	0
1612175711	990635791	0	0	0	0
1612175712	599099	0	0	0	0
1612175712	10640585	0	0	0	0
1612175712	20644136	0	0	0	0
1612175712	30650578	0	0	0	0
1612175712	40672723	0	0	0	0
1612175712	50604950	0	0	0	0
1612175712	60640772	0	0	0	0
1612175712	70636561	0	0	0	0
1612175712	80692790	0	0	0	0
1612175712	90687703	0	0	0	0
1612175712	100617603	0	0	0	0
1612175712	110704305	0	0	0	0
1612175712	120610149	0	0	0	0
1612175712	130672875	0	0	0	0
1612175712	140556484	0	0	0	0
1612175712	150815113	0	0	0	0
1612175712	160637902	0	0	0	0
1612175712	170638108	0	0	0	0
1612175712	180599930	0	0	0	0
1612175712	190693317	0	0	0	0
1612175712	200649414	0	0	0	0
1612175712	210623451	0	0	0	0
1612175712	220581836	0	0	0	0
1612175712	230678262	0	0	0	0
1612175712	240608067	0	0	0	0
1612175712	250618245	0	0	0	0
1612175712	260630102	0	0	0	0
1612175712	270642285	0	0	0	0
1612175712	280708669	0	0	0	0
1612175712	290621978	0	0	0	0
1612175712	300726467	0	0	0	0
1612175712	310647847	0	0	0	0
1612175712	320641318	0	0	0	0
1612175712	330845932	0	0	0	0
1612175712	340618884	0	0	0	0
1612175712	350667504	0	0	0	0
1612175712	360682017	0	0	0	0
1612175712	370691408	0	0	0	0
1612175712	380971893	0	0	0	0
1612175712	390648661	0	0	0	0
1612175712	400621377	0	0	0	0
1612175712	410883310	0	0	0	0
1612175712	420632859	0	0	0	0
1612175712	430678382	0	0	0	0
1612175712	440670874	0	0	0	0
1612175712	450677978	0	0	0	0
1612175712	460661780	0	0	0	0
1612175712	470806280	0	0	0	0
1612175712	480677734	0	0	0	0
1612175712	490629738	0	0	0	0
1612175712	500664481	0	0	0	0
1612175712	510742422	0	0	0	0
1612175712	520661559	0	0	0	0
1612175712	530621804	0	0	0	0
1612175712	540607913	0	0	0	0
1612175712	550676037	0	0	0	0
1612175712	560734978	0	0	0	0
1612175712	570664193	0	0	0	0
1612175712	580593897	0	0	0	0
1612175712	590622993	0	0	0	0
1612175712	600654853	0	0	0	0
1612175712	610636159	0	0	0	0
1612175712	620750140	0	0	0	0
1612175712	630818814	0	0	0	0
1612175712	640609724	0	0	0	0
1612175712	650647195	0	0	0	0
1612175712	660706275	0	0	0	0
1612175712	670644989	0	0	0	0
1612175712	680660783	0	0	0	0
1612175712	690723467	0	0	0	0
1612175712	700694597	0	0	0	0
1612175712	710747061	0	0	0	0
1612175712	720627211	0	0	0	0
1612175712	730799514	0	0	0	0
1612175712	740695870	0	0	0	0
1612175712	750645317	0	0	0	0
1612175712	760638483	0	0	0	0
1612175712	770625147	0	0	0	0
1612175712	780703866	0	0	0	0
1612175712	790608187	0	0	0	0
1612175712	800747675	0	0	0	0
1612175712	810706342	0	0	0	0
1612175712	820620880	0	0	0	0
1612175712	830637843	0	0	0	0
1612175712	840665057	0	0	0	0
1612175712	850628244	0	0	0	0
1612175712	860637848	0	0	0	0
1612175712	870742449	0	0	0	0
1612175712	880695764	0	0	0	0
1612175712	890682663	0	0	0	0
1612175712	900658748	0	0	0	0
1612175712	910667885	0	0	0	0
1612175712	920657386	0	0	0	0
1612175712	930633214	0	0	0	0
1612175712	940695362	0	0	0	0
1612175712	950663808	0	0	0	0
1612175712	960762030	0	0	0	0
1612175712	970682822	0	0	0	0
1612175712	980788733	0	0	0	0
1612175712	990641097	0	0	0	0
1612175713	666517	0	0	0	0
1612175713	10710347	0	0	0	0
1612175713	20695271	0	0	0	0
1612175713	30953716	0	0	0	0
1612175713	40637252	0	0	0	0
1612175713	50720702	0	0	0	0
1612175713	60671094	0	0	0	0
1612175713	70667822	0	0	0	0
1612175713	80664207	0	0	0	0
1612175713	90730761	0	0	0	0
1612175713	100672284	0	0	0	0
1612175713	110636769	0	0	0	0
1612175713	120838117	0	0	0	0
1612175713	130732614	0	0	0	0
1612175713	140642093	0	0	0	0
1612175713	150780092	0	0	0	0
1612175713	160645337	0	0	0	0
1612175713	170658042	0	0	0	0
1612175713	180723948	0	0	0	0
1612175713	190641880	0	0	0	0
1612175713	200676577	0	0	0	0
1612175713	210686651	0	0	0	0
1612175713	220648041	0	0	0	0
1612175713	230686453	0	0	0	0
1612175713	240643947	0	0	0	0
1612175713	250755142	0	0	0	0
1612175713	260681460	0	0	0	0
1612175713	270686526	0	0	0	0
1612175713	280883409	0	0	0	0
1612175713	290644939	0	0	0	0
1612175713	300677149	0	0	0	0
1612175713	310708226	0	0	0	0
1612175713	320756415	0	0	0	0
1612175713	330694415	0	0	0	0
1612175713	340710394	0	0	0	0
1612175713	350695315	0	0	0	0
1612175713	360707168	0	0	0	0
1612175713	370658291	0	0	0	0
1612175713	380707871	0	0	0	0
1612175713	390644021	0	0	0	0
1612175713	400686098	0	0	0	0
1612175713	410643412	0	0	0	0
1612175713	420678088	0	0	0	0
1612175713	430715001	0	0	0	0
1612175713	440623741	0	0	0	0
1612175713	450629669	0	0	0	0
1612175713	460646907	0	0	0	0
1612175713	470823707	0	0	0	0
1612175713	480688986	0	0	0	0
1612175713	490629802	0	0	0	0
1612175713	500684529	0	0	0	0
1612175713	510709559	0	0	0	0
1612175713	520720546	0	0	0	0
1612175713	530730497	0	0	0	0
1612175713	540664337	0	0	0	0
1612175713	550638741	0	0	0	0
1612175713	560628122	0	0	0	0
1612175713	570672329	0	0	0	0
1612175713	580908137	0	0	0	0
1612175713	590623802	0	0	0	0
1612175713	600691220	0	0	0	0
1612175713	610680416	0	0	0	0
1612175713	620685530	0	0	0	0
1612175713	630673082	0	0	0	0
1612175713	640637310	0	0	0	0
1612175713	650647398	0	0	0	0
1612175713	660674071	0	0	0	0
1612175713	670709956	0	0	0	0
1612175713	680733763	0	0	0	0
1612175713	690652548	0	0	0	0
1612175713	700713601	0	0	0	0
1612175713	710693121	0	0	0	0
1612175713	720690826	0	0	0	0
1612175713	730712275	0	0	0	0
1612175713	740654711	0	0	0	0
1612175713	750645326	0	0	0	0
1612175713	760700439	0	0	0	0
1612175713	770759996	0	0	0	0
1612175713	780747405	0	0	0	0
1612175713	790636394	0	0	0	0
1612175713	800669348	0	0	0	0
1612175713	810693203	0	0	0	0
1612175713	820669431	0	0	0	0
1612175713	830778818	0	0	0	0
1612175713	840631450	0	0	0	0
1612175713	850672077	0	0	0	0
1612175713	860670408	0	0	0	0
1612175713	870686045	0	0	0	0
1612175713	880832152	0	0	0	0
1612175713	890651347	0	0	0	0
1612175713	900792268	0	0	0	0
1612175713	910644762	0	0	0	0
1612175713	920684233	0	0	0	0
1612175713	930812483	0	0	0	0
1612175713	940779062	0	0	0	0
1612175713	950651131	0	0	0	0
1612175713	960643073	0	0	0	0
1612175713	970708237	0	0	0	0
1612175713	980730441	0	0	0	0
1612175713	990625816	0	0	0	0
1612175714	637951	0	0	0	0
1612175714	10644206	0	0	0	0
1612175714	20638406	0	0	0	0
1612175714	30732991	0	0	0	0
1612175714	40798499	0	0	0	0
1612175714	50688689	0	0	0	0
1612175714	60627239	0	0	0	0
1612175714	70705723	0	0	0	0
1612175714	80724895	0	0	0	0
1612175714	90719022	0	0	0	0
1612175714	100688163	0	0	0	0
1612175714	110646826	0	0	0	0
1612175714	120770318	0	0	0	0
1612175714	130760685	0	0	0	0
1612175714	140707715	0	0	0	0
1612175714	150720945	0	0	0	0
1612175714	160703875	0	0	0	0
1612175714	170641811	0	0	0	0
1612175714	180676104	0	0	0	0
1612175714	190637685	0	0	0	0
1612175714	200640947	0	0	0	0
1612175714	210620267	0	0	0	0
1612175714	220636279	0	0	0	0
1612175714	230775021	0	0	0	0
1612175714	240628811	0	0	0	0
1612175714	250714681	0	0	0	0
1612175714	260702264	0	0	0	0
1612175714	270679074	0	0	0	0
1612175714	280684895	0	0	0	0
1612175714	290818028	0	0	0	0
1612175714	300667230	0	0	0	0
1612175714	310653698	0	0	0	0
1612175714	320734085	0	0	0	0
1612175714	330707825	0	0	0	0
1612175714	340730509	0	0	0	0
1612175714	350809106	0	0	0	0
1612175714	360647060	0	0	0	0
1612175714	370716403	0	0	0	0
1612175714	380730394	0	0	0	0
1612175714	390632409	0	0	0	0
1612175714	400668586	0	0	0	0
1612175714	410666850	0	0	0	0
1612175714	420681740	0	0	0	0
1612175714	430738490	0	0	0	0
1612175714	440651730	0	0	0	0
1612175714	450718312	0	0	0	0
1612175714	460812835	0	0	0	0
1612175714	470667765	0	0	0	0
1612175714	480897653	0	0	0	0
1612175714	490647148	0	0	0	0
1612175714	500805338	0	0	0	0
1612175714	510651028	0	0	0	0
1612175714	520682628	0	0	0	0
1612175714	530734532	0	0	0	0
1612175714	540688850	0	0	0	0
1612175714	550735125	0	0	0	0
1612175714	560706013	0	0	0	0
1612175714	570639887	0	0	0	0
1612175714	580718438	0	0	0	0
1612175714	590656144	0	0	0	0
1612175714	600637497	0	0	0	0
1612175714	610728422	0	0	0	0
1612175714	620713800	0	0	0	0
1612175714	630729579	0	0	0	0
1612175714	640655298	0	0	0	0
1612175714	650662487	0	0	0	0
1612175714	660668981	0	0	0	0
1612175714	670686740	0	0	0	0
1612175714	680671650	0	0	0	0
1612175714	690662939	0	0	0	0
1612175714	700659564	0	0	0	0
1612175714	710640285	0	0	0	0
1612175714	720739648	0	0	0	0
1612175714	730744124	0	0	0	0
1612175714	740655343	0	0	0	0
1612175714	750658890	0	0	0	0
1612175714	760701786	0	0	0	0
1612175714	770698643	0	0	0	0
1612175714	780703585	0	0	0	0
1612175714	790617400	0	0	0	0
1612175714	800628445	0	0	0	0
1612175714	810663324	0	0	0	0
1612175714	820677252	0	0	0	0
1612175714	830678224	0	0	0	0
1612175714	840675107	0	0	0	0
1612175714	850691359	0	0	0	0
1612175714	860672581	0	0	0	0
1612175714	870872548	0	0	0	0
1612175714	880734057	0	0	0	0
1612175714	890666308	0	0	0	0
1612175714	900696602	0	0	0	0
1612175714	910821600	0	0	0	0
1612175714	920665437	0	0	0	0
1612175714	930705472	0	0	0	0
1612175714	940624163	0	0	0	0
1612175714	950711071	0	0	0	0
1612175714	960742407	0	0	0	0
1612175714	970679684	0	0	0	0
1612175714	980673569	0	0	0	0
1612175714	990661349	0	0	0	0
1612175715	668987	0	0	0	0
1612175715	10743103	0	0	0	0
1612175715	20793500	0	0	0	0
1612175715	30729545	0	0	0	0
1612175715	40644384	0	0	0	0
1612175715	51137195	0	0	0	0
1612175715	60647915	0	0	0	0
1612175715	70664431	0	0	0	0
1612175715	80707364	0	0	0	0
1612175715	90642382	0	0	0	0
1612175715	100705464	0	0	0	0
1612175715	110669528	0	0	0	0
1612175715	120676560	0	0	0	0
1612175715	130736469	0	0	0	0
1612175715	140667652	0	0	0	0
1612175715	150676358	0	0	0	0
1612175715	160641387	0	0	0	0
1612175715	170878994	0	0	0	0
1612175715	180749633	0	0	0	0
1612175715	190656010	0	0	0	0
1612175715	200650560	0	0	0	0
1612175715	210664340	0	0	0	0
1612175715	220695425	0	0	0	0
1612175715	230640498	0	0	0	0
1612175715	240707216	0	0	0	0
1612175715	250814869	0	0	0	0
1612175715	260740903	0	0	0	0
1612175715	270703017	0	0	0	0
1612175715	280773762	0	0	0	0
1612175715	290740625	0	0	0	0
1612175715	300681079	0	0	0	0
1612175715	310694142	0	0	0	0
1612175715	320642883	0	0	0	0
1612175715	330700044	0	0	0	0
1612175715	340633470	0	0	0	0
1612175715	350684889	0	0	0	0
1612175715	360675172	0	0	0	0
1612175715	370662049	0	0	0	0
1612175715	380761692	0	0	0	0
1612175715	390676763	0	0	0	0
1612175715	400723288	0	0	0	0
1612175715	410688569	0	0	0	0
1612175715	420672789	0	0	0	0
1612175715	430723104	0	0	0	0
1612175715	440652903	0	0	0	0
1612175715	450754709	0	0	0	0
1612175715	460680242	0	0	0	0
1612175715	470696584	0	0	0	0
1612175715	480658745	0	0	0	0
1612175715	490853402	0	0	0	0
1612175715	500644552	0	0	0	0
1612175715	510745261	0	0	0	0
1612175715	520688204	0	0	0	0
1612175715	530724823	0	0	0	0
1612175715	540657010	0	0	0	0
1612175715	550724013	0	0	0	0
1612175715	560663134	0	0	0	0
1612175715	570682738	0	0	0	0
1612175715	580724477	0	0	0	0
1612175715	590708280	0	0	0	0
1612175715	600722154	0	0	0	0
1612175715	610744465	0	0	0	0
1612175715	620672625	0	0	0	0
1612175715	630739290	0	0	0	0
1612175715	640684186	0	0	0	0
1612175715	650696975	0	0	0	0
1612175715	660748008	0	0	0	0
1612175715	670699565	0	0	0	0
1612175715	680728523	0	0	0	0
1612175715	690653490	0	0	0	0
1612175715	700700074	0	0	0	0
1612175715	710693158	0	0	0	0
1612175715	720660130	0	0	0	0
1612175715	730672018	0	0	0	0
1612175715	740706178	0	0	0	0
1612175715	750668182	0	0	0	0
1612175715	760679219	0	0	0	0
1612175715	770686503	0	0	0	0
1612175715	780749715	0	0	0	0
1612175715	790661454	0	0	0	0
1612175715	800673206	0	0	0	0
1612175715	810693761	0	0	0	0
1612175715	820788396	0	0	0	0
1612175715	830755444	0	0	0	0
1612175715	840670481	0	0	0	0
1612175715	850753681	0	0	0	0
1612175715	860721403	0	0	0	0
1612175715	870719680	0	0	0	0
1612175715	880672824	0	0	0	0
1612175715	890735309	0	0	0	0
1612175715	900710693	0	0	0	0
1612175715	910656587	0	0	0	0
1612175715	920666291	0	0	0	0
1612175715	930763090	0	0	0	0
1612175715	940669661	0	0	0	0
1612175715	950712592	0	0	0	0
1612175715	960691487	0	0	0	0
1612175715	970687627	0	0	0	0
1612175715	980684828	0	0	0	0
1612175715	990662128	0	0	0	0
1612175716	695948	0	0	0	0
1612175716	10776638	0	0	0	0
1612175716	20707828	0	0	0	0
1612175716	30748761	0	0	0	0
1612175716	40722035	0	0	0	0
1612175716	50832091	0	0	0	0
1612175716	60664548	0	0	0	0
1612175716	70648464	0	0	0	0
1612175716	80786928	0	0	0	0
1612175716	90666693	0	0	0	0
1612175716	100820067	0	0	0	0
1612175716	110763928	0	0	0	0
1612175716	120675852	0	0	0	0
1612175716	130706189	0	0	0	0
1612175716	140706404	0	0	0	0
1612175716	150765098	0	0	0	0
1612175716	160756226	0	0	0	0
1612175716	170827001	0	0	0	0
1612175716	180919088	0	0	0	0
1612175716	190763090	0	0	0	0
1612175716	200666080	0	0	0	0
1612175716	210664889	0	0	0	0
1612175716	220693851	0	0	0	0
1612175716	230856201	0	0	0	0
1612175716	240785601	0	0	0	0
1612175716	250828189	0	0	0	0
1612175716	260764288	0	0	0	0
1612175716	270697771	0	0	0	0
1612175716	280683982	0	0	0	0
1612175716	290693698	0	0	0	0
1612175716	300730552	0	0	0	0
1612175716	310672668	0	0	0	0
1612175716	320700751	0	0	0	0
1612175716	330776915	0	0	0	0
1612175716	340647788	0	0	0	0
1612175716	350706406	0	0	0	0
1612175716	360683884	0	0	0	0
1612175716	370788866	0	0	0	0
1612175716	380681231	0	0	0	0
1612175716	390703832	0	0	0	0
1612175716	400695337	0	0	0	0
1612175716	410722935	0	0	0	0
1612175716	420699108	0	0	0	0
1612175716	430729439	0	0	0	0
1612175716	440703876	0	0	0	0
1612175716	450689182	0	0	0	0
1612175716	460709268	0	0	0	0
1612175716	470649132	0	0	0	0
1612175716	480826879	0	0	0	0
1612175716	490655451	0	0	0	0
1612175716	500732203	0	0	0	0
1612175716	510720608	0	0	0	0
1612175716	520700039	0	0	0	0
1612175716	530689276	0	0	0	0
1612175716	540696160	0	0	0	0
1612175716	550674903	0	0	0	0
1612175716	560679508	0	0	0	0
1612175716	570715164	0	0	0	0
1612175716	580947288	0	0	0	0
1612175716	590666673	0	0	0	0
1612175716	600718052	0	0	0	0
1612175716	610662050	0	0	0	0
1612175716	620744515	0	0	0	0
1612175716	630738844	0	0	0	0
1612175716	640845498	0	0	0	0
1612175716	650800335	0	0	0	0
1612175716	660678500	0	0	0	0
1612175716	670810991	0	0	0	0
1612175716	680894311	0	0	0	0
1612175716	690665621	0	0	0	0
1612175716	700720971	0	0	0	0
1612175716	710744610	0	0	0	0
1612175716	720658606	0	0	0	0
1612175716	730796919	0	0	0	0
1612175716	740666911	0	0	0	0
1612175716	750681303	0	0	0	0
1612175716	760732986	0	0	0	0
1612175716	770720405	0	0	0	0
1612175716	780726047	0	0	0	0
1612175716	790666141	0	0	0	0
1612175716	800714478	0	0	0	0
1612175716	810730502	0	0	0	0
1612175716	820735335	0	0	0	0
1612175716	830738340	0	0	0	0
1612175716	840655010	0	0	0	0
1612175716	850747561	0	0	0	0
1612175716	860672601	0	0	0	0
1612175716	870679321	0	0	0	0
1612175716	880823976	0	0	0	0
1612175716	890666468	0	0	0	0
1612175716	900719680	0	0	0	0
1612175716	910790273	0	0	0	0
1612175716	920662597	0	0	0	0
1612175716	930737237	0	0	0	0
1612175716	940699749	0	0	0	0
1612175716	950748793	0	0	0	0
1612175716	960658933	0	0	0	0
1612175716	970677331	0	0	0	0
1612175716	980941775	0	0	0	0
1612175716	990715043	0	0	0	0
1612175717	666676	0	0	0	0
1612175717	10765729	0	0	0	0
1612175717	20676860	0	0	0	0
1612175717	30695989	0	0	0	0
1612175717	40706783	0	0	0	0
1612175717	50681200	0	0	0	0
1612175717	60617256	0	0	0	0
1612175717	70789685	0	0	0	0
1612175717	80767410	0	0	0	0
1612175717	90695150	0	0	0	0
1612175717	100711715	0	0	0	0
1612175717	110658995	0	0	0	0
1612175717	120789743	0	0	0	0
1612175717	130737709	0	0	0	0
1612175717	140742954	0	0	0	0
1612175717	150680499	0	0	0	0
1612175717	160742861	0	0	0	0
1612175717	170806241	0	0	0	0
1612175717	180783062	0	0	0	0
1612175717	190692906	0	0	0	0
1612175717	200858066	0	0	0	0
1612175717	210726214	0	0	0	0
1612175717	220749424	0	0	0	0
1612175717	230779665	0	0	0	0
1612175717	240688984	0	0	0	0
1612175717	250698280	0	0	0	0
1612175717	260669715	0	0	0	0
1612175717	270808412	0	0	0	0
1612175717	280720723	0	0	0	0
1612175717	290762586	0	0	0	0
1612175717	300809587	0	0	0	0
1612175717	310676224	0	0	0	0
1612175717	320692466	0	0	0	0
1612175717	330810897	0	0	0	0
1612175717	340686843	0	0	0	0
1612175717	350678676	0	0	0	0
1612175717	360687658	0	0	0	0
1612175717	370686892	0	0	0	0
1612175717	380832829	0	0	0	0
1612175717	390682444	0	0	0	0
1612175717	400680306	0	0	0	0
1612175717	410847785	0	0	0	0
1612175717	420725660	0	0	0	0
1612175717	430692928	0	0	0	0
1612175717	440734110	0	0	0	0
1612175717	450909642	0	0	0	0
1612175717	460733430	0	0	0	0
1612175717	470758167	0	0	0	0
1612175717	480761302	0	0	0	0
1612175717	490724664	0	0	0	0
1612175717	500809404	0	0	0	0
1612175717	510813301	0	0	0	0
1612175717	520863298	0	0	0	0
1612175717	530898275	0	0	0	0
1612175717	540706893	0	0	0	0
1612175717	550727217	0	0	0	0
1612175717	560716913	0	0	0	0
1612175717	570698311	0	0	0	0
1612175717	580683408	0	0	0	0
1612175717	590730546	0	0	0	0
1612175717	600866297	0	0	0	0
1612175717	610709363	0	0	0	0
1612175717	620706202	0	0	0	0
1612175717	630813685	0	0	0	0
1612175717	640637602	0	0	0	0
1612175717	650762609	0	0	0	0
1612175717	660830413	0	0	0	0
1612175717	670741586	0	0	0	0
1612175717	680699359	0	0	0	0
1612175717	690684800	0	0	0	0
1612175717	700695585	0	0	0	0
1612175717	710765238	0	0	0	0
1612175717	720749476	0	0	0	0
1612175717	730774718	0	0	0	0
1612175717	740677551	0	0	0	0
1612175717	750681255	0	0	0	0
1612175717	760820706	0	0	0	0
1612175717	770797011	0	0	0	0
1612175717	780751564	0	0	0	0
1612175717	790743299	0	0	0	0
1612175717	800701824	0	0	0	0
1612175717	810751288	0	0	0	0
1612175717	820680989	0	0	0	0
1612175717	830755712	0	0	0	0
1612175717	840869385	0	0	0	0
1612175717	850688087	0	0	0	0
1612175717	860671269	0	0	0	0
1612175717	870786868	0	0	0	0
1612175717	880773677	0	0	0	0
1612175717	890715660	0	0	0	0
1612175717	900771737	0	0	0	0
1612175717	910734636	0	0	0	0
1612175717	920837772	0	0	0	0
1612175717	930732081	0	0	0	0
1612175717	940695361	0	0	0	0
1612175717	950759595	0	0	0	0
1612175717	960668748	0	0	0	0
1612175717	970699023	0	0	0	0
1612175717	980892673	0	0	0	0
1612175717	990704078	0	0	0	0
1612175718	704262	0	0	0	0
1612175718	10679506	0	0	0	0
1612175718	20841439	0	0	0	0
1612175718	30772594	0	0	0	0
1612175718	40697243	0	0	0	0
1612175718	50758773	0	0	0	0
1612175718	60667567	0	0	0	0
1612175718	70681901	0	0	0	0
1612175718	80693378	0	0	0	0
1612175718	90691622	0	0	0	0
1612175718	100746060	0	0	0	0
1612175718	110736685	0	0	0	0
1612175718	120740732	0	0	0	0
1612175718	130726946	0	0	0	0
1612175718	140712044	0	0	0	0
1612175718	150703019	0	0	0	0
1612175718	160763552	0	0	0	0
1612175718	170698381	0	0	0	0
1612175718	180784592	0	0	0	0
1612175718	190739655	0	0	0	0
1612175718	200693981	0	0	0	0
1612175718	210767423	0	0	0	0
1612175718	220866824	0	0	0	0
1612175718	230756569	0	0	0	0
1612175718	240693215	0	0	0	0
1612175718	250742877	0	0	0	0
1612175718	260721314	0	0	0	0
1612175718	270714510	0	0	0	0
1612175718	280766581	0	0	0	0
1612175718	290777122	0	0	0	0
1612175718	300814683	0	0	0	0
1612175718	310705121	0	0	0	0
1612175718	320753920	0	0	0	0
1612175718	330723032	0	0	0	0
1612175718	340703354	0	0	0	0
1612175718	350696854	0	0	0	0
1612175718	360687592	0	0	0	0
1612175718	370737900	0	0	0	0
1612175718	380752497	0	0	0	0
1612175718	390702232	0	0	0	0
1612175718	400751517	0	0	0	0
1612175718	410746062	0	0	0	0
1612175718	420701453	0	0	0	0
1612175718	430798250	0	0	0	0
1612175718	440696539	0	0	0	0
1612175718	450697106	0	0	0	0
1612175718	460869153	0	0	0	0
1612175718	470683609	0	0	0	0
1612175718	480791795	0	0	0	0
1612175718	490698117	0	0	0	0
1612175718	500748674	0	0	0	0
1612175718	510767446	0	0	0	0
1612175718	520718632	0	0	0	0
1612175718	530769586	0	0	0	0
1612175718	540692160	0	0	0	0
1612175718	550734181	0	0	0	0
1612175718	560693716	0	0	0	0
1612175718	570715208	0	0	0	0
1612175718	580718310	0	0	0	0
1612175718	590725192	0	0	0	0
1612175718	600837605	0	0	0	0
1612175718	610708275	0	0	0	0
1612175718	620870140	0	0	0	0
1612175718	630772275	0	0	0	0
1612175718	640752982	0	0	0	0
1612175718	650712120	0	0	0	0
1612175718	660722640	0	0	0	0
1612175718	670740738	0	0	0	0
1612175718	680826274	0	0	0	0
1612175718	690760759	0	0	0	0
1612175718	700686812	0	0	0	0
1612175718	710763186	0	0	0	0
1612175718	720719535	0	0	0	0
1612175718	730729130	0	0	0	0
1612175718	740771026	0	0	0	0
1612175718	750724220	0	0	0	0
1612175718	760700837	0	0	0	0
1612175718	770726964	0	0	0	0
1612175718	780820318	0	0	0	0
1612175718	790680854	0	0	0	0
1612175718	800754017	0	0	0	0
1612175718	810717087	0	0	0	0
1612175718	820684794	0	0	0	0
1612175718	830727066	0	0	0	0
1612175718	840788803	0	0	0	0
1612175718	850738690	0	0	0	0
1612175718	860722234	0	0	0	0
1612175718	870729932	0	0	0	0
1612175718	880817045	0	0	0	0
1612175718	890731494	0	0	0	0
1612175718	900848228	0	0	0	0
1612175718	910734705	0	0	0	0
1612175718	920700685	0	0	0	0
1612175718	930856508	0	0	0	0
1612175718	940781955	0	0	0	0
1612175718	950714677	0	0	0	0
1612175718	960705756	0	0	0	0
1612175718	970706485	0	0	0	0
1612175718	980813845	0	0	0	0
1612175718	990702670	0	0	0	0
1612175719	736988	0	0	0	0
1612175719	10687877	0	0	0	0
1612175719	20770005	0	0	0	0
1612175719	30795638	0	0	0	0
1612175719	40729994	0	0	0	0
1612175719	50689318	0	0	0	0
1612175719	60718417	0	0	0	0
1612175719	70734025	0	0	0	0
1612175719	80779756	0	0	0	0
1612175719	90693387	0	0	0	0
1612175719	100721954	0	0	0	0
1612175719	110733545	0	0	0	0
1612175719	120689009	0	0	0	0
1612175719	130738363	0	0	0	0
1612175719	140925061	0	0	0	0
1612175719	150727210	0	0	0	0
1612175719	160744212	0	0	0	0
1612175719	170880294	0	0	0	0
1612175719	180852352	0	0	0	0
1612175719	190704430	0	0	0	0
1612175719	200750688	0	0	0	0
1612175719	210812710	0	0	0	0
1612175719	220721341	0	0	0	0
1612175719	230737737	0	0	0	0
1612175719	240782301	0	0	0	0
1612175719	250795857	0	0	0	0
1612175719	260701000	0	0	0	0
1612175719	270706480	0	0	0	0
1612175719	280802888	0	0	0	0
1612175719	290849294	0	0	0	0
1612175719	300733230	0	0	0	0
1612175719	310731617	0	0	0	0
1612175719	320824584	0	0	0	0
1612175719	330779566	0	0	0	0
1612175719	340724832	0	0	0	0
1612175719	350761532	0	0	0	0
1612175719	360777399	0	0	0	0
1612175719	370808552	0	0	0	0
1612175719	380704891	0	0	0	0
1612175719	390841567	0	0	0	0
1612175719	400691689	0	0	0	0
1612175719	410752446	0	0	0	0
1612175719	420798753	0	0	0	0
1612175719	430772418	0	0	0	0
1612175719	440712296	0	0	0	0
1612175719	450906220	0	0	0	0
1612175719	460723059	0	0	0	0
1612175719	470750324	0	0	0	0
1612175719	480729761	0	0	0	0
1612175719	490693323	0	0	0	0
1612175719	500922172	0	0	0	0
1612175719	510711387	0	0	0	0
1612175719	520756150	0	0	0	0
1612175719	530907901	0	0	0	0
1612175719	540696686	0	0	0	0
1612175719	550766586	0	0	0	0
1612175719	560719268	0	0	0	0
1612175719	570682726	0	0	0	0
1612175719	580837008	0	0	0	0
1612175719	590800269	0	0	0	0
1612175719	600820735	0	0	0	0
1612175719	610796460	0	0	0	0
1612175719	620714598	0	0	0	0
1612175719	630830487	0	0	0	0
1612175719	640810133	0	0	0	0
1612175719	650843615	0	0	0	0
1612175719	660758693	0	0	0	0
1612175719	670765550	0	0	0	0
1612175719	680744885	0	0	0	0
1612175719	690852658	0	0	0	0
1612175719	700741124	0	0	0	0
1612175719	710747726	0	0	0	0
1612175719	720726888	0	0	0	0
1612175719	730801961	0	0	0	0
1612175719	740719619	0	0	0	0
1612175719	750867122	0	0	0	0
1612175719	761017387	0	0	0	0
1612175719	770729130	0	0	0	0
1612175719	780700287	0	0	0	0
1612175719	790796954	0	0	0	0
1612175719	800771843	0	0	0	0
1612175719	810708813	0	0	0	0
1612175719	820760189	0	0	0	0
1612175719	830783178	0	0	0	0
1612175719	840725774	0	0	0	0
1612175719	850751541	0	0	0	0
1612175719	860727739	0	0	0	0
1612175719	870699048	0	0	0	0
1612175719	880748341	0	0	0	0
1612175719	890732200	0	0	0	0
1612175719	900754687	0	0	0	0
1612175719	910721105	0	0	0	0
1612175719	920924701	0	0	0	0
1612175719	930817959	0	0	0	0
1612175719	940743951	0	0	0	0
1612175719	950844844	0	0	0	0
1612175719	960724453	0	0	0	0
1612175719	970706537	0	0	0	0
1612175719	980801972	0	0	0	0
1612175719	990760441	0	0	0	0
1612175720	759065	0	0	0	0
1612175720	10725903	0	0	0	0
1612175720	20727922	0	0	0	0
1612175720	30705122	0	0	0	0
1612175720	40739909	0	0	0	0
1612175720	50744642	0	0	0	0
1612175720	60742036	0	0	0	0
1612175720	70784350	0	0	0	0
1612175720	80832768	0	0	0	0
1612175720	90734781	0	0	0	0
1612175720	100761217	0	0	0	0
1612175720	110750930	0	0	0	0
1612175720	120838078	0	0	0	0
1612175720	130738301	0	0	0	0
1612175720	140760984	0	0	0	0
1612175720	150746179	0	0	0	0
1612175720	160794305	0	0	0	0
1612175720	170862922	0	0	0	0
1612175720	180793939	0	0	0	0
1612175720	190736395	0	0	0	0
1612175720	200738228	0	0	0	0
1612175720	210723115	0	0	0	0
1612175720	220724527	0	0	0	0
1612175720	230817593	0	0	0	0
1612175720	240706063	0	0	0	0
1612175720	250759726	0	0	0	0
1612175720	260804219	0	0	0	0
1612175720	270703216	0	0	0	0
1612175720	280800760	0	0	0	0
1612175720	290734868	0	0	0	0
1612175720	300798749	0	0	0	0
1612175720	310736216	0	0	0	0
1612175720	320800121	0	0	0	0
1612175720	330812117	0	0	0	0
1612175720	340714134	0	0	0	0
1612175720	350755630	0	0	0	0
1612175720	360758718	0	0	0	0
1612175720	370844133	0	0	0	0
1612175720	380750617	0	0	0	0
1612175720	390731816	0	0	0	0
1612175720	400731900	0	0	0	0
1612175720	411071021	0	0	0	0
1612175720	420741644	0	0	0	0
1612175720	430701224	0	0	0	0
1612175720	440743507	0	0	0	0
1612175720	450864314	0	0	0	0
1612175720	460833769	0	0	0	0
1612175720	470800574	0	0	0	0
1612175720	480930124	0	0	0	0
1612175720	490752965	0	0	0	0
1612175720	500832007	0	0	0	0
1612175720	510720292	0	0	0	0
1612175720	520716864	0	0	0	0
1612175720	530754946	0	0	0	0
1612175720	540863858	0	0	0	0
1612175720	550776007	0	0	0	0
1612175720	560752933	0	0	0	0
1612175720	570726718	0	0	0	0
1612175720	580812998	0	0	0	0
1612175720	590735448	0	0	0	0
1612175720	600837108	0	0	0	0
1612175720	610851438	0	0	0	0
1612175720	620809697	0	0	0	0
1612175720	630823210	0	0	0	0
1612175720	640728624	0	0	0	0
1612175720	650814297	0	0	0	0
1612175720	660751604	0	0	0	0
1612175720	670754124	0	0	0	0
1612175720	680768030	0	0	0	0
1612175720	690743037	0	0	0	0
1612175720	700765205	0	0	0	0
1612175720	710735859	0	0	0	0
1612175720	720826269	0	0	0	0
1612175720	730812373	0	0	0	0
1612175720	740728194	0	0	0	0
1612175720	750771325	0	0	0	0
1612175720	760706844	0	0	0	0
1612175720	770729534	0	0	0	0
1612175720	780896041	0	0	0	0
1612175720	790741659	0	0	0	0
1612175720	800915075	0	0	0	0
1612175720	810784380	0	0	0	0
1612175720	820774515	0	0	0	0
1612175720	830813008	0	0	0	0
1612175720	840783761	0	0	0	0
1612175720	850800033	0	0	0	0
1612175720	860727867	0	0	0	0
1612175720	870765047	0	0	0	0
1612175720	880780592	0	0	0	0
1612175720	890724138	0	0	0	0
1612175720	900717264	0	0	0	0
1612175720	910946156	0	0	0	0
1612175720	920756501	0	0	0	0
1612175720	930717020	0	0	0	0
1612175720	940831842	0	0	0	0
1612175720	950705851	0	0	0	0
1612175720	960710246	0	0	0	0
1612175720	970771315	0	0	0	0
1612175720	980808930	0	0	0	0
1612175720	990739205	0	0	0	0
1612175721	756767	0	0	0	0
1612175721	11076833	0	0	0	0
1612175721	20752684	0	0	0	0
1612175721	30810369	0	0	0	0
1612175721	40730992	0	0	0	0
1612175721	50870308	0	0	0	0
1612175721	61047759	0	0	0	0
1612175721	70726833	0	0	0	0
1612175721	80840557	0	0	0	0
1612175721	90735360	0	0	0	0
1612175721	100853208	0	0	0	0
1612175721	110727386	0	0	0	0
1612175721	120767124	0	0	0	0
1612175721	130777442	0	0	0	0
1612175721	140731011	0	0	0	0
1612175721	150735722	0	0	0	0
1612175721	160831157	0	0	0	0
1612175721	170742390	0	0	0	0
1612175721	180765916	0	0	0	0
1612175721	190740993	0	0	0	0
1612175721	200833016	0	0	0	0
1612175721	210778005	0	0	0	0
1612175721	220900012	0	0	0	0
1612175721	230792879	0	0	0	0
1612175721	240702671	0	0	0	0
1612175721	250724101	0	0	0	0
1612175721	260860968	0	0	0	0
1612175721	270755098	0	0	0	0
1612175721	280773418	0	0	0	0
1612175721	290714098	0	0	0	0
1612175721	300741551	0	0	0	0
1612175721	310992038	0	0	0	0
1612175721	320732708	0	0	0	0
1612175721	330741193	0	0	0	0
1612175721	340854495	0	0	0	0
1612175721	350748361	0	0	0	0
1612175721	360864612	0	0	0	0
1612175721	371018271	0	0	0	0
1612175721	380830328	0	0	0	0
1612175721	390739982	0	0	0	0
1612175721	400776597	0	0	0	0
1612175721	410747522	0	0	0	0
1612175721	420718297	0	0	0	0
1612175721	430763632	0	0	0	0
1612175721	440750395	0	0	0	0
1612175721	450740549	0	0	0	0
1612175721	460770076	0	0	0	0
1612175721	470854245	0	0	0	0
1612175721	480859519	0	0	0	0
1612175721	490737775	0	0	0	0
1612175721	500755274	0	0	0	0
1612175721	510750171	0	0	0	0
1612175721	520736109	0	0	0	0
1612175721	530794325	0	0	0	0
1612175721	540822435	0	0	0	0
1612175721	550732715	0	0	0	0
1612175721	560876512	0	0	0	0
1612175721	570761590	0	0	0	0
1612175721	580768706	0	0	0	0
1612175721	590784597	0	0	0	0
1612175721	600729600	0	0	0	0
1612175721	610740598	0	0	0	0
1612175721	620818723	0	0	0	0
1612175721	630869415	0	0	0	0
1612175721	640735695	0	0	0	0
1612175721	650904186	0	0	0	0
1612175721	660927413	0	0	0	0
1612175721	670705491	0	0	0	0
1612175721	680849165	0	0	0	0
1612175721	691073995	0	0	0	0
1612175721	700825616	0	0	0	0
1612175721	710989908	0	0	0	0
1612175721	720800373	0	0	0	0
1612175721	730730720	0	0	0	0
1612175721	740863000	0	0	0	0
1612175721	750862678	0	0	0	0
1612175721	760743309	0	0	0	0
1612175721	770969302	0	0	0	0
1612175721	780800001	0	0	0	0
1612175721	790822262	0	0	0	0
1612175721	800772614	0	0	0	0
1612175721	810820990	0	0	0	0
1612175721	820762108	0	0	0	0
1612175721	830761594	0	0	0	0
1612175721	840768981	0	0	0	0
1612175721	850816055	0	0	0	0
1612175721	860882778	0	0	0	0
1612175721	870732918	0	0	0	0
1612175721	880855323	0	0	0	0
1612175721	890731605	0	0	0	0
1612175721	900788252	0	0	0	0
1612175721	910804799	0	0	0	0
1612175721	920723761	0	0	0	0
1612175721	930887791	0	0	0	0
1612175721	940742592	0	0	0	0
1612175721	950752224	0	0	0	0
1612175721	960867177	0	0	0	0
1612175721	970772302	0	0	0	0
1612175721	980768762	0	0	0	0
1612175721	990791555	0	0	0	0
1612175722	783411	0	0	0	0
1612175722	10740587	0	0	0	0
1612175722	20798133	0	0	0	0
1612175722	30852405	0	0	0	0
1612175722	40746623	0	0	0	0
1612175722	50868079	0	0	0	0
1612175722	60898469	0	0	0	0
1612175722	70736686	0	0	0	0
1612175722	80968021	0	0	0	0
1612175722	90749245	0	0	0	0
1612175722	100768515	0	0	0	0
1612175722	110961056	0	0	0	0
1612175722	120733968	0	0	0	0
1612175722	130763010	0	0	0	0
1612175722	140964932	0	0	0	0
1612175722	150855492	0	0	0	0
1612175722	160757523	0	0	0	0
1612175722	170809195	0	0	0	0
1612175722	180771468	0	0	0	0
1612175722	190837540	0	0	0	0
1612175722	200762437	0	0	0	0
1612175722	210771885	0	0	0	0
1612175722	220856218	0	0	0	0
1612175722	230774695	0	0	0	0
1612175722	240889530	0	0	0	0
1612175722	250926652	0	0	0	0
1612175722	260899289	0	0	0	0
1612175722	270880738	0	0	0	0
1612175722	280803126	0	0	0	0
1612175722	290747208	0	0	0	0
1612175722	300840509	0	0	0	0
1612175722	310899836	0	0	0	0
1612175722	320740091	0	0	0	0
1612175722	330804451	0	0	0	0
1612175722	340888131	0	0	0	0
1612175722	350759690	0	0	0	0
1612175722	360982089	0	0	0	0
1612175722	370744533	0	0	0	0
1612175722	380828720	0	0	0	0
1612175722	390771071	0	0	0	0
1612175722	400758162	0	0	0	0
1612175722	410926825	0	0	0	0
1612175722	420807494	0	0	0	0
1612175722	430807802	0	0	0	0
1612175722	440774399	0	0	0	0
1612175722	450779691	0	0	0	0
1612175722	460826894	0	0	0	0
1612175722	470702032	0	0	0	0
1612175722	480834120	0	0	0	0
1612175722	490742127	0	0	0	0
1612175722	500720015	0	0	0	0
1612175722	510828825	0	0	0	0
1612175722	520761507	0	0	0	0
1612175722	530854404	0	0	0	0
1612175722	540770969	0	0	0	0
1612175722	550741733	0	0	0	0
1612175722	560855434	0	0	0	0
1612175722	570736290	0	0	0	0
1612175722	580826445	0	0	0	0
1612175722	590759890	0	0	0	0
1612175722	600755446	0	0	0	0
1612175722	610898105	0	0	0	0
1612175722	620740773	0	0	0	0
1612175722	630818592	0	0	0	0
1612175722	640742554	0	0	0	0
1612175722	650815347	0	0	0	0
1612175722	660756156	0	0	0	0
1612175722	670949615	0	0	0	0
1612175722	680792254	0	0	0	0
1612175722	690841722	0	0	0	0
1612175722	700765336	0	0	0	0
1612175722	710986916	0	0	0	0
1612175722	720737793	0	0	0	0
1612175722	730795081	0	0	0	0
1612175722	740826285	0	0	0	0
1612175722	750864953	0	0	0	0
1612175722	761082927	0	0	0	0
1612175722	770712978	0	0	0	0
1612175722	780742697	0	0	0	0
1612175722	790772711	0	0	0	0
1612175722	800822618	0	0	0	0
1612175722	810771816	0	0	0	0
1612175722	820829334	0	0	0	0
1612175722	830778840	0	0	0	0
1612175722	840830354	0	0	0	0
1612175722	850800298	0	0	0	0
1612175722	860849637	0	0	0	0
1612175722	870844075	0	0	0	0
1612175722	880770753	0	0	0	0
1612175722	890793452	0	0	0	0
1612175722	900785401	0	0	0	0
1612175722	910760201	0	0	0	0
1612175722	920772220	0	0	0	0
1612175722	930848541	0	0	0	0
1612175722	940757398	0	0	0	0
1612175722	950762043	0	0	0	0
1612175722	960857569	0	0	0	0
1612175722	970731193	0	0	0	0
1612175722	980843278	0	0	0	0
1612175722	990768614	0	0	0	0
1612175723	815609	0	0	0	0
1612175723	11057459	0	0	0	0
1612175723	20735618	0	0	0	0
1612175723	30814742	0	0	0	0
1612175723	40857777	0	0	0	0
1612175723	50780634	0	0	0	0
1612175723	60799906	0	0	0	0
1612175723	70825626	0	0	0	0
1612175723	80845137	0	0	0	0
1612175723	90761423	0	0	0	0
1612175723	100791800	0	0	0	0
1612175723	110878076	0	0	0	0
1612175723	120740128	0	0	0	0
1612175723	130836330	0	0	0	0
1612175723	140796375	0	0	0	0
1612175723	150757060	0	0	0	0
1612175723	160844864	0	0	0	0
1612175723	170736995	0	0	0	0
1612175723	180843404	0	0	0	0
1612175723	190751805	0	0	0	0
1612175723	200864332	0	0	0	0
1612175723	210773363	0	0	0	0
1612175723	220804446	0	0	0	0
1612175723	230747424	0	0	0	0
1612175723	240877461	0	0	0	0
1612175723	250794960	0	0	0	0
1612175723	261016644	0	0	0	0
1612175723	270746428	0	0	0	0
1612175723	280773427	0	0	0	0
1612175723	290808119	0	0	0	0
1612175723	300754677	0	0	0	0
1612175723	310790717	0	0	0	0
1612175723	320804570	0	0	0	0
1612175723	330798507	0	0	0	0
1612175723	340769421	0	0	0	0
1612175723	350821001	0	0	0	0
1612175723	360865315	0	0	0	0
1612175723	370761598	0	0	0	0
1612175723	380865607	0	0	0	0
1612175723	390786630	0	0	0	0
1612175723	400771843	0	0	0	0
1612175723	410798872	0	0	0	0
1612175723	420791627	0	0	0	0
1612175723	430791236	0	0	0	0
1612175723	440821640	0	0	0	0
1612175723	450821275	0	0	0	0
1612175723	460760021	0	0	0	0
1612175723	470771136	0	0	0	0
1612175723	480948463	0	0	0	0
1612175723	490762322	0	0	0	0
1612175723	500741712	0	0	0	0
1612175723	510862912	0	0	0	0
1612175723	520846779	0	0	0	0
1612175723	530800425	0	0	0	0
1612175723	540823651	0	0	0	0
1612175723	550768995	0	0	0	0
1612175723	560792188	0	0	0	0
1612175723	570864206	0	0	0	0
1612175723	580789444	0	0	0	0
1612175723	590921340	0	0	0	0
1612175723	600819089	0	0	0	0
1612175723	611015436	0	0	0	0
1612175723	620767282	0	0	0	0
1612175723	630837400	0	0	0	0
1612175723	640792179	0	0	0	0
1612175723	650819416	0	0	0	0
1612175723	660853875	0	0	0	0
1612175723	670768333	0	0	0	0
1612175723	680723359	0	0	0	0
1612175723	690803004	0	0	0	0
1612175723	700791299	0	0	0	0
1612175723	710810211	0	0	0	0
1612175723	720870151	0	0	0	0
1612175723	730839150	0	0	0	0
1612175723	740767128	0	0	0	0
1612175723	750856285	0	0	0	0
1612175723	761062343	0	0	0	0
1612175723	770775479	0	0	0	0
1612175723	780764692	0	0	0	0
1612175723	790749397	0	0	0	0
1612175723	800767424	0	0	0	0
1612175723	810777517	0	0	0	0
1612175723	820763852	0	0	0	0
1612175723	830819634	0	0	0	0
1612175723	840767033	0	0	0	0
1612175723	850763736	0	0	0	0
1612175723	860870770	0	0	0	0
1612175723	870774597	0	0	0	0
1612175723	880830968	0	0	0	0
1612175723	890766995	0	0	0	0
1612175723	900801078	0	0	0	0
1612175723	910861623	0	0	0	0
1612175723	920824686	0	0	0	0
1612175723	930694066	0	0	0	0
1612175723	940873574	0	0	0	0
1612175723	950779543	0	0	0	0
1612175723	960793549	0	0	0	0
1612175723	970843410	0	0	0	0
1612175723	980704655	0	0	0	0
1612175723	990801589	0	0	0	0
1612175724	882697	0	0	0	0
1612175724	10846110	0	0	0	0
1612175724	20755221	0	0	0	0
1612175724	30815288	0	0	0	0
1612175724	40795621	0	0	0	0
1612175724	50811288	0	0	0	0
1612175724	61006718	0	0	0	0
1612175724	70786006	0	0	0	0
1612175724	80798365	0	0	0	0
1612175724	90837332	0	0	0	0
1612175724	100830861	0	0	0	0
1612175724	110750547	0	0	0	0
1612175724	120779078	0	0	0	0
1612175724	130802967	0	0	0	0
1612175724	140774414	0	0	0	0
1612175724	150792181	0	0	0	0
1612175724	160974061	0	0	0	0
1612175724	170768597	0	0	0	0
1612175724	180722271	0	0	0	0
1612175724	190774202	0	0	0	0
1612175724	200770839	0	0	0	0
1612175724	210779618	0	0	0	0
1612175724	220811050	0	0	0	0
1612175724	230819758	0	0	0	0
1612175724	240755004	0	0	0	0
1612175724	250790241	0	0	0	0
1612175724	260896220	0	0	0	0
1612175724	270751507	0	0	0	0
1612175724	280812251	0	0	0	0
1612175724	290753320	0	0	0	0
1612175724	300991728	0	0	0	0
1612175724	310886998	0	0	0	0
1612175724	320770441	0	0	0	0
1612175724	330716112	0	0	0	0
1612175724	340828481	0	0	0	0
1612175724	350763174	0	0	0	0
1612175724	360771998	0	0	0	0
1612175724	370858651	0	0	0	0
1612175724	380847336	0	0	0	0
1612175724	390749808	0	0	0	0
1612175724	400761757	0	0	0	0
1612175724	410861357	0	0	0	0
1612175724	420895503	0	0	0	0
1612175724	430800490	0	0	0	0
1612175724	440799890	0	0	0	0
1612175724	450766526	0	0	0	0
1612175724	460797868	0	0	0	0
1612175724	470825321	0	0	0	0
1612175724	480803631	0	0	0	0
1612175724	490794734	0	0	0	0
1612175724	500852686	0	0	0	0
1612175724	510858808	0	0	0	0
1612175724	520904588	0	0	0	0
1612175724	530859916	0	0	0	0
1612175724	540780511	0	0	0	0
1612175724	550808057	0	0	0	0
1612175724	560872777	0	0	0	0
1612175724	570799414	0	0	0	0
1612175724	580717869	0	0	0	0
1612175724	590798628	0	0	0	0
1612175724	600929451	0	0	0	0
1612175724	610940764	0	0	0	0
1612175724	620850924	0	0	0	0
1612175724	630905032	0	0	0	0
1612175724	640765890	0	0	0	0
1612175724	650799653	0	0	0	0
1612175724	660835879	0	0	0	0
1612175724	670775457	0	0	0	0
1612175724	680818745	0	0	0	0
1612175724	690877367	0	0	0	0
1612175724	700981782	0	0	0	0
1612175724	710827114	0	0	0	0
1612175724	720805899	0	0	0	0
1612175724	730745440	0	0	0	0
1612175724	740850598	0	0	0	0
1612175724	750806683	0	0	0	0
1612175724	760807152	0	0	0	0
1612175724	770791774	0	0	0	0
1612175724	780854788	0	0	0	0
1612175724	790867040	0	0	0	0
1612175724	800768704	0	0	0	0
1612175724	810902169	0	0	0	0
1612175724	820793327	0	0	0	0
1612175724	830810925	0	0	0	0
1612175724	840822670	0	0	0	0
1612175724	850753871	0	0	0	0
1612175724	860790731	0	0	0	0
1612175724	870836809	0	0	0	0
1612175724	880769503	0	0	0	0
1612175724	890784349	0	0	0	0
1612175724	900799094	0	0	0	0
1612175724	910881229	0	0	0	0
1612175724	920825474	0	0	0	0
1612175724	930867232	0	0	0	0
1612175724	940836993	0	0	0	0
1612175724	950800244	0	0	0	0
1612175724	960849432	0	0	0	0
1612175724	970836119	0	0	0	0
1612175724	980784737	0	0	0	0
1612175724	990991206	0	0	0	0
1612175725	784895	0	0	0	0
1612175725	10856487	0	0	0	0
1612175725	20827310	0	0	0	0
1612175725	30852732	0	0	0	0
1612175725	40759202	0	0	0	0
1612175725	50823583	0	0	0	0
1612175725	60863399	0	0	0	0
1612175725	70793365	0	0	0	0
1612175725	80822217	0	0	0	0
1612175725	90856545	0	0	0	0
1612175725	100806277	0	0	0	0
1612175725	110905790	0	0	0	0
1612175725	120883204	0	0	0	0
1612175725	130880467	0	0	0	0
1612175725	140948573	0	0	0	0
1612175725	150951617	0	0	0	0
1612175725	160900950	0	0	0	0
1612175725	170784513	0	0	0	0
1612175725	180865868	0	0	0	0
1612175725	190789214	0	0	0	0
1612175725	200840240	0	0	0	0
1612175725	210826883	0	0	0	0
1612175725	220805422	0	0	0	0
1612175725	230794919	0	0	0	0
1612175725	240846964	0	0	0	0
1612175725	250822299	0	0	0	0
1612175725	260804227	0	0	0	0
1612175725	270837821	0	0	0	0
1612175725	280908386	0	0	0	0
1612175725	290801057	0	0	0	0
1612175725	300844034	0	0	0	0
1612175725	310914879	0	0	0	0
1612175725	320785622	0	0	0	0
1612175725	331007939	0	0	0	0
1612175725	340785204	0	0	0	0
1612175725	350761661	0	0	0	0
1612175725	360793944	0	0	0	0
1612175725	370791256	0	0	0	0
1612175725	380926121	0	0	0	0
1612175725	390786139	0	0	0	0
1612175725	400955981	0	0	0	0
1612175725	410888886	0	0	0	0
1612175725	420787479	0	0	0	0
1612175725	430837980	0	0	0	0
1612175725	440778363	0	0	0	0
1612175725	450792104	0	0	0	0
1612175725	460877773	0	0	0	0
1612175725	470802580	0	0	0	0
1612175725	480797184	0	0	0	0
1612175725	490803627	0	0	0	0
1612175725	500791209	0	0	0	0
1612175725	510778445	0	0	0	0
1612175725	520962533	0	0	0	0
1612175725	530895231	0	0	0	0
1612175725	540822141	0	0	0	0
1612175725	550814058	0	0	0	0
1612175725	560872827	0	0	0	0
1612175725	570843015	0	0	0	0
1612175725	580864812	0	0	0	0
1612175725	590879913	0	0	0	0
1612175725	600823053	0	0	0	0
1612175725	610831009	0	0	0	0
1612175725	620803475	0	0	0	0
1612175725	630849226	0	0	0	0
1612175725	640836128	0	0	0	0
1612175725	650781155	0	0	0	0
1612175725	660798894	0	0	0	0
1612175725	670808837	0	0	0	0
1612175725	680894460	0	0	0	0
1612175725	690802580	0	0	0	0
1612175725	700792022	0	0	0	0
1612175725	710874583	0	0	0	0
1612175725	720947379	0	0	0	0
1612175725	730828288	0	0	0	0
1612175725	740789490	0	0	0	0
1612175725	750809810	0	0	0	0
1612175725	760828943	0	0	0	0
1612175725	770854548	0	0	0	0
1612175725	780867701	0	0	0	0
1612175725	790790943	0	0	0	0
1612175725	800810795	0	0	0	0
1612175725	810854436	0	0	0	0
1612175725	820743190	0	0	0	0
1612175725	830855547	0	0	0	0
1612175725	840866038	0	0	0	0
1612175725	850815136	0	0	0	0
1612175725	860825330	0	0	0	0
1612175725	870888672	0	0	0	0
1612175725	880869318	0	0	0	0
1612175725	890838978	0	0	0	0
1612175725	900820807	0	0	0	0
1612175725	910782600	0	0	0	0
1612175725	920848111	0	0	0	0
1612175725	930779174	0	0	0	0
1612175725	940790877	0	0	0	0
1612175725	950803653	0	0	0	0
1612175725	961001909	0	0	0	0
1612175725	970874448	0	0	0	0
1612175725	980798708	0	0	0	0
1612175725	990780813	0	0	0	0
1612175726	786545	0	0	0	0
1612175726	10800164	0	0	0	0
1612175726	20967341	0	0	0	0
1612175726	31015063	0	0	0	0
1612175726	40809247	0	0	0	0
1612175726	50798641	0	0	0	0
1612175726	60867917	0	0	0	0
1612175726	70755758	0	0	0	0
1612175726	80845320	0	0	0	0
1612175726	90854191	0	0	0	0
1612175726	100805367	0	0	0	0
1612175726	110879591	0	0	0	0
1612175726	120852892	0	0	0	0
1612175726	130813751	0	0	0	0
1612175726	140801809	0	0	0	0
1612175726	150884208	0	0	0	0
1612175726	160794619	0	0	0	0
1612175726	170869421	0	0	0	0
1612175726	180815923	0	0	0	0
1612175726	190776063	0	0	0	0
1612175726	200924263	0	0	0	0
1612175726	210835339	0	0	0	0
1612175726	220853486	0	0	0	0
1612175726	230788275	0	0	0	0
1612175726	240840022	0	0	0	0
1612175726	250826330	0	0	0	0
1612175726	260837095	0	0	0	0
1612175726	270823264	0	0	0	0
1612175726	280796345	0	0	0	0
1612175726	290818783	0	0	0	0
1612175726	300812856	0	0	0	0
1612175726	310907901	0	0	0	0
1612175726	320821660	0	0	0	0
1612175726	330873568	0	0	0	0
1612175726	340836144	0	0	0	0
1612175726	350824383	0	0	0	0
1612175726	360821344	0	0	0	0
1612175726	370827293	0	0	0	0
1612175726	380764846	0	0	0	0
1612175726	390957616	0	0	0	0
1612175726	400810238	0	0	0	0
1612175726	410813654	0	0	0	0
1612175726	420974414	0	0	0	0
1612175726	430722600	0	0	0	0
1612175726	440779990	0	0	0	0
1612175726	450822651	0	0	0	0
1612175726	460865329	0	0	0	0
1612175726	470934125	0	0	0	0
1612175726	480850915	0	0	0	0
1612175726	490829261	0	0	0	0
1612175726	500784506	0	0	0	0
1612175726	510852087	0	0	0	0
1612175726	520930691	0	0	0	0
1612175726	530841317	0	0	0	0
1612175726	540847243	0	0	0	0
1612175726	550817017	0	0	0	0
1612175726	560805822	0	0	0	0
1612175726	570839318	0	0	0	0
1612175726	580879080	0	0	0	0
1612175726	590808007	0	0	0	0
1612175726	600852712	0	0	0	0
1612175726	610870660	0	0	0	0
1612175726	620947595	0	0	0	0
1612175726	630858087	0	0	0	0
1612175726	640980070	0	0	0	0
1612175726	650948777	0	0	0	0
1612175726	660810253	0	0	0	0
1612175726	670814855	0	0	0	0
1612175726	680808377	0	0	0	0
1612175726	690805350	0	0	0	0
1612175726	700859856	0	0	0	0
1612175726	710957031	0	0	0	0
1612175726	720826136	0	0	0	0
1612175726	730879037	0	0	0	0
1612175726	740828906	0	0	0	0
1612175726	750816394	0	0	0	0
1612175726	760947395	0	0	0	0
1612175726	770792765	0	0	0	0
1612175726	780895416	0	0	0	0
1612175726	790829551	0	0	0	0
1612175726	800858870	0	0	0	0
1612175726	810811649	0	0	0	0
1612175726	821026775	0	0	0	0
1612175726	830838798	0	0	0	0
1612175726	840801955	0	0	0	0
1612175726	850890591	0	0	0	0
1612175726	860912907	0	0	0	0
1612175726	870965382	0	0	0	0
1612175726	880874449	0	0	0	0
1612175726	890820112	0	0	0	0
1612175726	900820425	0	0	0	0
1612175726	910799863	0	0	0	0
1612175726	920808366	0	0	0	0
1612175726	930860442	0	0	0	0
1612175726	940797222	0	0	0	0
1612175726	950932930	0	0	0	0
1612175726	960868178	0	0	0	0
1612175726	970902900	0	0	0	0
1612175726	980877647	0	0	0	0
1612175726	990809055	0	0	0	0
1612175727	892879	0	0	0	0
1612175727	10880158	0	0	0	0
1612175727	20806246	0	0	0	0
1612175727	30831104	0	0	0	0
1612175727	40976167	0	0	0	0
1612175727	50831153	0	0	0	0
1612175727	60838276	0	0	0	0
1612175727	70835749	0	0	0	0
1612175727	80848175	0	0	0	0
1612175727	90971351	0	0	0	0
1612175727	100897255	0	0	0	0
1612175727	110883618	0	0	0	0
1612175727	120885822	0	0	0	0
1612175727	130926081	0	0	0	0
1612175727	140887520	0	0	0	0
1612175727	150932761	0	0	0	0
1612175727	160860028	0	0	0	0
1612175727	170825635	0	0	0	0
1612175727	180952975	0	0	0	0
1612175727	190797013	0	0	0	0
1612175727	200815973	0	0	0	0
1612175727	210907181	0	0	0	0
1612175727	220814141	0	0	0	0
1612175727	230858643	0	0	0	0
1612175727	240907178	0	0	0	0
1612175727	250905478	0	0	0	0
1612175727	260890361	0	0	0	0
1612175727	270828459	0	0	0	0
1612175727	280824420	0	0	0	0
1612175727	290787214	0	0	0	0
1612175727	300806455	0	0	0	0
1612175727	310792155	0	0	0	0
1612175727	320848828	0	0	0	0
1612175727	330836050	0	0	0	0
1612175727	340823301	0	0	0	0
1612175727	350853094	0	0	0	0
1612175727	360906815	0	0	0	0
1612175727	370829217	0	0	0	0
1612175727	380994108	0	0	0	0
1612175727	390814848	0	0	0	0
1612175727	400883941	0	0	0	0
1612175727	410956709	0	0	0	0
1612175727	420930606	0	0	0	0
1612175727	430795323	0	0	0	0
1612175727	440878725	0	0	0	0
1612175727	450825080	0	0	0	0
1612175727	460815239	0	0	0	0
1612175727	470885614	0	0	0	0
1612175727	480850646	0	0	0	0
1612175727	490821911	0	0	0	0
1612175727	500862391	0	0	0	0
1612175727	510848473	0	0	0	0
1612175727	520879097	0	0	0	0
1612175727	530848678	0	0	0	0
1612175727	540795243	0	0	0	0
1612175727	550877554	0	0	0	0
1612175727	560842597	0	0	0	0
1612175727	570989104	0	0	0	0
1612175727	580904757	0	0	0	0
1612175727	590812294	0	0	0	0
1612175727	600826002	0	0	0	0
1612175727	610915711	0	0	0	0
1612175727	620793769	0	0	0	0
1612175727	630865172	0	0	0	0
1612175727	640961734	0	0	0	0
1612175727	650820295	0	0	0	0
1612175727	660920834	0	0	0	0
1612175727	670802552	0	0	0	0
1612175727	680831707	0	0	0	0
1612175727	690873001	0	0	0	0
1612175727	700804839	0	0	0	0
1612175727	710920335	0	0	0	0
1612175727	720978004	0	0	0	0
1612175727	730837009	0	0	0	0
1612175727	740844708	0	0	0	0
1612175727	750914742	0	0	0	0
1612175727	761057676	0	0	0	0
1612175727	770849224	0	0	0	0
1612175727	780832923	0	0	0	0
1612175727	790838859	0	0	0	0
1612175727	800816306	0	0	0	0
1612175727	810839640	0	0	0	0
1612175727	820869561	0	0	0	0
1612175727	830894149	0	0	0	0
1612175727	840820872	0	0	0	0
1612175727	850848058	0	0	0	0
1612175727	860915410	0	0	0	0
1612175727	870931590	0	0	0	0
1612175727	880851873	0	0	0	0
1612175727	890820531	0	0	0	0
1612175727	900946769	0	0	0	0
1612175727	910810989	0	0	0	0
1612175727	920997642	0	0	0	0
1612175727	930800814	0	0	0	0
1612175727	940823200	0	0	0	0
1612175727	950854298	0	0	0	0
1612175727	960814606	0	0	0	0
1612175727	970844973	0	0	0	0
1612175727	980817988	0	0	0	0
1612175727	990964423	0	0	0	0
1612175728	1001711	0	0	0	0
1612175728	10904269	0	0	0	0
1612175728	20818754	0	0	0	0
1612175728	30882524	0	0	0	0
1612175728	40817421	0	0	0	0
1612175728	50834716	0	0	0	0
1612175728	60876448	0	0	0	0
1612175728	70926923	0	0	0	0
1612175728	81021490	0	0	0	0
1612175728	90863141	0	0	0	0
1612175728	100858589	0	0	0	0
1612175728	110881822	0	0	0	0
1612175728	120864644	0	0	0	0
1612175728	130945565	0	0	0	0
1612175728	140848693	0	0	0	0
1612175728	150848136	0	0	0	0
1612175728	160887667	0	0	0	0
1612175728	170860828	0	0	0	0
1612175728	180765324	0	0	0	0
1612175728	190826815	0	0	0	0
1612175728	200832435	0	0	0	0
1612175728	210850536	0	0	0	0
1612175728	220949899	0	0	0	0
1612175728	230815611	0	0	0	0
1612175728	240810361	0	0	0	0
1612175728	250847540	0	0	0	0
1612175728	260906116	0	0	0	0
1612175728	270939994	0	0	0	0
1612175728	280830579	0	0	0	0
1612175728	290820932	0	0	0	0
1612175728	300826606	0	0	0	0
1612175728	311076391	0	0	0	0
1612175728	320802601	0	0	0	0
1612175728	330768043	0	0	0	0
1612175728	340864669	0	0	0	0
1612175728	350832876	0	0	0	0
1612175728	360858860	0	0	0	0
1612175728	370877484	0	0	0	0
1612175728	380925120	0	0	0	0
1612175728	390958512	0	0	0	0
1612175728	400926613	0	0	0	0
1612175728	411012913	0	0	0	0
1612175728	420815831	0	0	0	0
1612175728	430880286	0	0	0	0
1612175728	440811828	0	0	0	0
1612175728	450867491	0	0	0	0
1612175728	460865972	0	0	0	0
1612175728	470821322	0	0	0	0
1612175728	480793924	0	0	0	0
1612175728	490858071	0	0	0	0
1612175728	500867062	0	0	0	0
1612175728	510829786	0	0	0	0
1612175728	520852841	0	0	0	0
1612175728	530787618	0	0	0	0
1612175728	540820987	0	0	0	0
1612175728	550903940	0	0	0	0
1612175728	561055084	0	0	0	0
1612175728	570796019	0	0	0	0
1612175728	581013480	0	0	0	0
1612175728	590814780	0	0	0	0
1612175728	601032932	0	0	0	0
1612175728	610837671	0	0	0	0
1612175728	620866151	0	0	0	0
1612175728	630873482	0	0	0	0
1612175728	641037850	0	0	0	0
1612175728	650836991	0	0	0	0
1612175728	660878229	0	0	0	0
1612175728	670833068	0	0	0	0
1612175728	680836380	0	0	0	0
1612175728	690870199	0	0	0	0
1612175728	700846211	0	0	0	0
1612175728	710894707	0	0	0	0
1612175728	720854419	0	0	0	0
1612175728	730843812	0	0	0	0
1612175728	740843356	0	0	0	0
1612175728	750830536	0	0	0	0
1612175728	760877788	0	0	0	0
1612175728	770990283	0	0	0	0
1612175728	780914125	0	0	0	0
1612175728	790847821	0	0	0	0
1612175728	800911749	0	0	0	0
1612175728	810877511	0	0	0	0
1612175728	820868788	0	0	0	0
1612175728	830860182	0	0	0	0
1612175728	840863840	0	0	0	0
1612175728	850826801	0	0	0	0
1612175728	860899805	0	0	0	0
1612175728	870885187	0	0	0	0
1612175728	880827988	0	0	0	0
1612175728	890999389	0	0	0	0
1612175728	900820973	0	0	0	0
1612175728	910913120	0	0	0	0
1612175728	920980501	0	0	0	0
1612175728	930998736	0	0	0	0
1612175728	940815750	0	0	0	0
1612175728	950784027	0	0	0	0
1612175728	961016380	0	0	0	0
1612175728	970845593	0	0	0	0
1612175728	980832982	0	0	0	0
1612175728	990868630	0	0	0	0
1612175729	813950	0	0	0	0
1612175729	10810137	0	0	0	0
1612175729	20872232	0	0	0	0
1612175729	30849817	0	0	0	0
1612175729	41021332	0	0	0	0
1612175729	50845700	0	0	0	0
1612175729	60903059	0	0	0	0
1612175729	70807448	0	0	0	0
1612175729	80916394	0	0	0	0
1612175729	90925195	0	0	0	0
1612175729	100793979	0	0	0	0
1612175729	110887535	0	0	0	0
1612175729	120863723	0	0	0	0
1612175729	130810526	0	0	0	0
1612175729	140838567	0	0	0	0
1612175729	150821181	0	0	0	0
1612175729	160856393	0	0	0	0
1612175729	170837140	0	0	0	0
1612175729	180930632	0	0	0	0
1612175729	190845210	0	0	0	0
1612175729	200929834	0	0	0	0
1612175729	210873482	0	0	0	0
1612175729	220867122	0	0	0	0
1612175729	230999915	0	0	0	0
1612175729	240827203	0	0	0	0
1612175729	250926154	0	0	0	0
