time_sec	time_nanosec	joint_velocity_0	joint_velocity_1	joint_velocity_2	joint_velocity_3
1614772900	32402040	0	0	0	0
1614772900	42537808	0	0	0	0
1614772900	52369132	0	0	0	0
1614772900	62397756	0	0	0	0
1614772900	72521424	0	0	0	0
1614772900	82530919	0	0	0	0
1614772900	92433939	0	0	0	0
1614772900	102385697	0	0	0	0
1614772900	112360507	0	0	0	0
1614772900	122396940	0	0	0	0
1614772900	132430331	0	0	0	0
1614772900	142462784	0	0	0	0
1614772900	152384563	0	0	0	0
1614772900	162374121	0	0	0	0
1614772900	172398279	0	0	0	0
1614772900	182410199	0	0	0	0
1614772900	192423218	0	0	0	0
1614772900	202418304	0	0	0	0
1614772900	212437665	0	0	0	0
1614772900	222395510	0	0	0	0
1614772900	232411191	0	0	0	0
1614772900	242431653	0	0	0	0
1614772900	252453204	0	0	0	0
1614772900	262412777	0	0	0	0
1614772900	272382517	0	0	0	0
1614772900	282472344	0	0	0	0
1614772900	292348442	0	0	0	0
1614772900	302396568	0	0	0	0
1614772900	312456059	0	0	0	0
1614772900	322413268	0	0	0	0
1614772900	332394210	0	0	0	0
1614772900	342527059	0	0	0	0
1614772900	352446576	0	0	0	0
1614772900	362407223	0	0	0	0
1614772900	372370728	0	0	0	0
1614772900	382485256	0	0	0	0
1614772900	392405489	0	0	0	0
1614772900	402380210	0	0	0	0
1614772900	412376305	0	0	0	0
1614772900	422397128	0	0	0	0
1614772900	432346812	0	0	0	0
1614772900	442477433	0	0	0	0
1614772900	452465524	0	0	0	0
1614772900	462354879	0	0	0	0
1614772900	472340171	0	0	0	0
1614772900	482483002	0	0	0	0
1614772900	492391374	0	0	0	0
1614772900	502447852	0	0	0	0
1614772900	512346956	0	0	0	0
1614772900	522357613	0	0	0	0
1614772900	532474940	0	0	0	0
1614772900	542310336	0	0	0	0
1614772900	552388009	0	0	0	0
1614772900	562479576	0	0	0	0
1614772900	572358893	0	0	0	0
1614772900	582436240	0	0	0	0
1614772900	592488491	0	0	0	0
1614772900	602407312	0	0	0	0
1614772900	612350906	0	0	0	0
1614772900	622394444	0	0	0	0
1614772900	632369467	0	0	0	0
1614772900	642402405	0	0	0	0
1614772900	652388928	0	0	0	0
1614772900	662417966	0	0	0	0
1614772900	672415044	0	0	0	0
1614772900	682510821	0	0	0	0
1614772900	692466825	0	0	0	0
1614772900	702380057	0	0	0	0
1614772900	712522416	0	0	0	0
1614772900	722351892	0	0	0	0
1614772900	732420927	0	0	0	0
1614772900	742413415	0	0	0	0
1614772900	752528363	0	0	0	0
1614772900	762455086	0	0	0	0
1614772900	772403200	0	0	0	0
1614772900	782492044	0	0	0	0
1614772900	792403058	0	0	0	0
1614772900	802459844	0	0	0	0
1614772900	812475831	0	0	0	0
1614772900	822357398	0	0	0	0
1614772900	832381717	0	0	0	0
1614772900	842421525	0	0	0	0
1614772900	852460388	0	0	0	0
1614772900	862399546	0	0	0	0
1614772900	872382391	0	0	0	0
1614772900	882422211	0	0	0	0
1614772900	892369415	0	0	0	0
1614772900	902408018	0	0	0	0
1614772900	912358736	0	0	0	0
1614772900	922350470	0	0	0	0
1614772900	932438432	0	0	0	0
1614772900	942371695	0	0	0	0
1614772900	952520039	0	0	0	0
1614772900	962480106	0	0	0	0
1614772900	972440696	0	0	0	0
1614772900	982439329	0	0	0	0
1614772900	992389259	0	0	0	0
1614772901	2414901	0	0	0	0
1614772901	12529575	0	0	0	0
1614772901	22371085	0	0	0	0
1614772901	32416873	0	0	0	0
1614772901	42523330	0	0	0	0
1614772901	52462451	0	0	0	0
1614772901	62454182	0	0	0	0
1614772901	72347199	0	0	0	0
1614772901	82433911	0	0	0	0
1614772901	92493898	0	0	0	0
1614772901	102480894	0	0	0	0
1614772901	112440431	0	0	0	0
1614772901	122408612	0	0	0	0
1614772901	132431102	0	0	0	0
1614772901	142499337	0	0	0	0
1614772901	152424031	0	0	0	0
1614772901	162389461	0	0	0	0
1614772901	172474673	0	0	0	0
1614772901	182467338	0	0	0	0
1614772901	192487176	0	0	0	0
1614772901	202459862	0	0	0	0
1614772901	212471118	0	0	0	0
1614772901	222412040	0	0	0	0
1614772901	232413743	0	0	0	0
1614772901	242364019	0	0	0	0
1614772901	252446212	0	0	0	0
1614772901	262392836	0	0	0	0
1614772901	272459222	0	0	0	0
1614772901	282452056	0	0	0	0
1614772901	292358184	0	0	0	0
1614772901	302426719	0	0	0	0
1614772901	312429332	0	0	0	0
1614772901	322386788	0	0	0	0
1614772901	332393483	0	0	0	0
1614772901	342437800	0	0	0	0
1614772901	352337782	0	0	0	0
1614772901	362389213	0	0	0	0
1614772901	372464906	0	0	0	0
1614772901	382569161	0	0	0	0
1614772901	392382112	0	0	0	0
1614772901	402589427	0	0	0	0
1614772901	412381681	0	0	0	0
1614772901	422448445	0	0	0	0
1614772901	432470168	0	0	0	0
1614772901	442364645	0	0	0	0
1614772901	452492366	0	0	0	0
1614772901	462479360	0	0	0	0
1614772901	472480945	0	0	0	0
1614772901	482418254	0	0	0	0
1614772901	492432538	0	0	0	0
1614772901	502439306	0	0	0	0
1614772901	512444844	0	0	0	0
1614772901	522358180	0	0	0	0
1614772901	532371208	0	0	0	0
1614772901	542455522	0	0	0	0
1614772901	552447552	0	0	0	0
1614772901	562406534	0	0	0	0
1614772901	572423528	0	0	0	0
1614772901	582463978	0	0	0	0
1614772901	592499086	0	0	0	0
1614772901	602467589	0	0	0	0
1614772901	612416447	0	0	0	0
1614772901	622419219	0	0	0	0
1614772901	632540751	0	0	0	0
1614772901	642515529	0	0	0	0
1614772901	652492680	0	0	0	0
1614772901	662475912	0	0	0	0
1614772901	672415671	0	0	0	0
1614772901	682445146	0	0	0	0
1614772901	692515491	0	0	0	0
1614772901	702589543	0	0	0	0
1614772901	712651431	0	0	0	0
1614772901	722419773	0	0	0	0
1614772901	732483791	0	0	0	0
1614772901	742563860	0	0	0	0
1614772901	752426026	0	0	0	0
1614772901	762463379	0	0	0	0
1614772901	772424091	0	0	0	0
1614772901	782460009	0	0	0	0
1614772901	792460023	0	0	0	0
1614772901	802483782	0	0	0	0
1614772901	812424474	0	0	0	0
1614772901	822413951	0	0	0	0
1614772901	832422780	0	0	0	0
1614772901	842381447	0	0	0	0
1614772901	852520764	0	0	0	0
1614772901	862425184	0	0	0	0
1614772901	872387371	0	0	0	0
1614772901	882477397	0	0	0	0
1614772901	892453112	0	0	0	0
1614772901	902459201	0	0	0	0
1614772901	912477867	0	0	0	0
1614772901	922479627	0	0	0	0
1614772901	932508398	0	0	0	0
1614772901	942508044	0	0	0	0
1614772901	952427929	0	0	0	0
1614772901	962407689	0	0	0	0
1614772901	972405717	0	0	0	0
1614772901	982452111	0	0	0	0
1614772901	992373861	0	0	0	0
1614772902	2373388	0	0	0	0
1614772902	12419522	0	0	0	0
1614772902	22436949	0	0	0	0
1614772902	32762920	0	0	0	0
1614772902	42412455	0	0	0	0
1614772902	52509696	0	0	0	0
1614772902	62445324	0	0	0	0
1614772902	72465375	0	0	0	0
1614772902	82477476	0	0	0	0
1614772902	92459599	0	0	0	0
1614772902	102566096	0	0	0	0
1614772902	112338425	0	0	0	0
1614772902	122455805	0	0	0	0
1614772902	132424683	0	0	0	0
1614772902	142369529	0	0	0	0
1614772902	152340969	0	0	0	0
1614772902	162445557	0	0	0	0
1614772902	172463043	0	0	0	0
1614772902	182435829	0	0	0	0
1614772902	192420325	0	0	0	0
1614772902	202481520	0	0	0	0
1614772902	212440735	0	0	0	0
1614772902	222441221	0	0	0	0
1614772902	232443748	0	0	0	0
1614772902	242461608	0	0	0	0
1614772902	252426730	0	0	0	0
1614772902	262460835	0	0	0	0
1614772902	272408509	0	0	0	0
1614772902	282498290	0	0	0	0
1614772902	292485839	0	0	0	0
1614772902	302430811	0	0	0	0
1614772902	312478165	0	0	0	0
1614772902	322394882	0	0	0	0
1614772902	332471060	0	0	0	0
1614772902	342445669	0	0	0	0
1614772902	352445810	0	0	0	0
1614772902	362446201	0	0	0	0
1614772902	372572184	0	0	0	0
1614772902	382773497	0	0	0	0
1614772902	392406291	0	0	0	0
1614772902	402463136	0	0	0	0
1614772902	412469857	0	0	0	0
1614772902	422439132	0	0	0	0
1614772902	432511898	0	0	0	0
1614772902	442417929	0	0	0	0
1614772902	452463965	0	0	0	0
1614772902	462561076	0	0	0	0
1614772902	472416447	0	0	0	0
1614772902	482439818	0	0	0	0
1614772902	492407287	0	0	0	0
1614772902	502433586	0	0	0	0
1614772902	512376875	0	0	0	0
1614772902	522410781	0	0	0	0
1614772902	532477702	0	0	0	0
1614772902	542363298	0	0	0	0
1614772902	552376139	0	0	0	0
1614772902	562369893	0	0	0	0
1614772902	572477887	0	0	0	0
1614772902	582397996	0	0	0	0
1614772902	592442844	0	0	0	0
1614772902	602422370	0	0	0	0
1614772902	612424041	0	0	0	0
1614772902	622422225	0	0	0	0
1614772902	632419179	0	0	0	0
1614772902	642377099	0	0	0	0
1614772902	652452185	0	0	0	0
1614772902	662418904	0	0	0	0
1614772902	672362144	0	0	0	0
1614772902	682439878	0	0	0	0
1614772902	692371229	0	0	0	0
1614772902	702441620	0	0	0	0
1614772902	712458665	0	0	0	0
1614772902	722430055	0	0	0	0
1614772902	732415317	0	0	0	0
1614772902	742458136	0	0	0	0
1614772902	752461394	0	0	0	0
1614772902	762355770	0	0	0	0
1614772902	772381035	0	0	0	0
1614772902	782417245	0	0	0	0
1614772902	792358456	0	0	0	0
1614772902	802467371	0	0	0	0
1614772902	812356491	0	0	0	0
1614772902	822430804	0	0	0	0
1614772902	832427217	0	0	0	0
1614772902	842441292	0	0	0	0
1614772902	852459359	0	0	0	0
1614772902	862494260	0	0	0	0
1614772902	872389682	0	0	0	0
1614772902	882460778	0	0	0	0
1614772902	892433143	0	0	0	0
1614772902	902344965	0	0	0	0
1614772902	912378391	0	0	0	0
1614772902	922481987	0	0	0	0
1614772902	932390291	0	0	0	0
1614772902	942380461	0	0	0	0
1614772902	952400190	0	0	0	0
1614772902	962357200	0	0	0	0
1614772902	972391837	0	0	0	0
1614772902	982420978	0	0	0	0
1614772902	992389307	0	0	0	0
1614772903	2408794	0	0	0	0
1614772903	12424546	0	0	0	0
1614772903	22381760	0	0	0	0
1614772903	32338596	0	0	0	0
1614772903	42421596	0	0	0	0
1614772903	52397382	0	0	0	0
1614772903	62380403	0	0	0	0
1614772903	72500366	0	0	0	0
1614772903	82393114	0	0	0	0
1614772903	92467965	0	0	0	0
1614772903	102448886	0	0	0	0
1614772903	112454308	0	0	0	0
1614772903	122402113	0	0	0	0
1614772903	132344221	0	0	0	0
1614772903	142440479	0	0	0	0
1614772903	152471040	0	0	0	0
1614772903	162444919	0	0	0	0
1614772903	172409361	0	0	0	0
1614772903	182458195	0	0	0	0
1614772903	192431034	0	0	0	0
1614772903	202439932	0	0	0	0
1614772903	212467256	0	0	0	0
1614772903	222386030	0	0	0	0
1614772903	232445162	0	0	0	0
1614772903	242347414	0	0	0	0
1614772903	252441220	0	0	0	0
1614772903	262427442	0	0	0	0
1614772903	272455545	0	0	0	0
1614772903	282572606	0	0	0	0
1614772903	292377925	0	0	0	0
1614772903	302411732	0	0	0	0
1614772903	312481274	0	0	0	0
1614772903	322458085	0	0	0	0
1614772903	332408563	0	0	0	0
1614772903	342387447	0	0	0	0
1614772903	352458393	0	0	0	0
1614772903	362432251	0	0	0	0
1614772903	372440467	0	0	0	0
1614772903	382401525	0	0	0	0
1614772903	392413854	0	0	0	0
1614772903	402437729	0	0	0	0
1614772903	412444782	0	0	0	0
1614772903	422539555	0	0	0	0
1614772903	432383006	0	0	0	0
1614772903	442552866	0	0	0	0
1614772903	452477959	0	0	0	0
1614772903	462481633	0	0	0	0
1614772903	472454397	0	0	0	0
1614772903	482393248	0	0	0	0
1614772903	492423890	0	0	0	0
1614772903	502468695	0	0	0	0
1614772903	512412651	0	0	0	0
1614772903	522450360	0	0	0	0
1614772903	532383356	0	0	0	0
1614772903	542375471	0	0	0	0
1614772903	552467577	0	0	0	0
1614772903	562448188	0	0	0	0
1614772903	572416434	0	0	0	0
1614772903	582448683	0	0	0	0
1614772903	592438205	0	0	0	0
1614772903	602493089	0	0	0	0
1614772903	612473124	0	0	0	0
1614772903	622416131	0	0	0	0
1614772903	632481643	0	0	0	0
1614772903	642359589	0	0	0	0
1614772903	652351446	0	0	0	0
1614772903	662396649	0	0	0	0
1614772903	672492690	0	0	0	0
1614772903	682461883	0	0	0	0
1614772903	692361531	0	0	0	0
1614772903	702494464	0	0	0	0
1614772903	712360067	0	0	0	0
1614772903	722388475	0	0	0	0
1614772903	732397583	0	0	0	0
1614772903	742390981	0	0	0	0
1614772903	752475995	0	0	0	0
1614772903	762350699	0	0	0	0
1614772903	772460269	0	0	0	0
1614772903	782398740	0	0	0	0
1614772903	792553092	0	0	0	0
1614772903	802443626	0	0	0	0
1614772903	812511898	0	0	0	0
1614772903	822462959	0	0	0	0
1614772903	832438498	0	0	0	0
1614772903	842517664	0	0	0	0
1614772903	852452140	0	0	0	0
1614772903	862445147	0	0	0	0
1614772903	872473087	0	0	0	0
1614772903	882487387	0	0	0	0
1614772903	892490944	0	0	0	0
1614772903	902416656	0	0	0	0
1614772903	912433750	0	0	0	0
1614772903	922458431	0	0	0	0
1614772903	932442653	0	0	0	0
1614772903	942384209	0	0	0	0
1614772903	952478020	0	0	0	0
1614772903	962408779	0	0	0	0
1614772903	972389126	0	0	0	0
1614772903	982457994	0	0	0	0
1614772903	992398784	0	0	0	0
1614772904	2468421	0	0	0	0
1614772904	12385581	0	0	0	0
1614772904	22519611	0	0	0	0
1614772904	32461966	0	0	0	0
1614772904	42456157	0	0	0	0
1614772904	52374762	0	0	0	0
1614772904	62474614	0	0	0	0
1614772904	72454280	0	0	0	0
1614772904	82383627	0	0	0	0
1614772904	92494183	0	0	0	0
1614772904	102441080	0	0	0	0
1614772904	112473067	0	0	0	0
1614772904	122461721	0	0	0	0
1614772904	132363775	0	0	0	0
1614772904	142401212	0	0	0	0
1614772904	152507034	0	0	0	0
1614772904	162444868	0	0	0	0
1614772904	172418906	0	0	0	0
1614772904	182442279	0	0	0	0
1614772904	192375085	0	0	0	0
1614772904	202478963	0	0	0	0
1614772904	212499624	0	0	0	0
1614772904	222457300	0	0	0	0
1614772904	232418284	0	0	0	0
1614772904	242476532	0	0	0	0
1614772904	252413238	0	0	0	0
1614772904	262437512	0	0	0	0
1614772904	272474627	0	0	0	0
1614772904	282461458	0	0	0	0
1614772904	292465516	0	0	0	0
1614772904	302607338	0	0	0	0
1614772904	312554978	0	0	0	0
1614772904	322412144	0	0	0	0
1614772904	332427232	0	0	0	0
1614772904	342442260	0	0	0	0
1614772904	352462722	0	0	0	0
1614772904	362407378	0	0	0	0
1614772904	372460454	0	0	0	0
1614772904	382394612	0	0	0	0
1614772904	392435955	0	0	0	0
1614772904	402481822	0	0	0	0
1614772904	412396073	0	0	0	0
1614772904	422365030	0	0	0	0
1614772904	432494526	0	0	0	0
1614772904	442521847	0	0	0	0
1614772904	452417249	0	0	0	0
1614772904	462464867	0	0	0	0
1614772904	472518044	0	0	0	0
1614772904	482487589	0	0	0	0
1614772904	492463646	0	0	0	0
1614772904	502606712	0	0	0	0
1614772904	512451690	0	0	0	0
1614772904	522449651	0	0	0	0
1614772904	532430866	0	0	0	0
1614772904	542440064	0	0	0	0
1614772904	552479272	0	0	0	0
1614772904	562436235	0	0	0	0
1614772904	572369968	0	0	0	0
1614772904	582416241	0	0	0	0
1614772904	592393734	0	0	0	0
1614772904	602458163	0	0	0	0
1614772904	612444920	0	0	0	0
1614772904	622437375	0	0	0	0
1614772904	632448951	0	0	0	0
1614772904	642455958	0	0	0	0
1614772904	652457457	0	0	0	0
1614772904	662464320	0	0	0	0
1614772904	672519554	0	0	0	0
1614772904	682466504	0	0	0	0
1614772904	692444853	0	0	0	0
1614772904	702455523	0	0	0	0
1614772904	712431800	0	0	0	0
1614772904	722436497	0	0	0	0
1614772904	732406605	0	0	0	0
1614772904	742392327	0	0	0	0
1614772904	752466973	0	0	0	0
1614772904	762467657	0	0	0	0
1614772904	772420391	0	0	0	0
1614772904	782393902	0	0	0	0
1614772904	792398171	0	0	0	0
1614772904	802433765	0	0	0	0
1614772904	812462550	0	0	0	0
1614772904	822396275	0	0	0	0
1614772904	832440208	0	0	0	0
1614772904	842402668	0	0	0	0
1614772904	852433924	0	0	0	0
1614772904	862558811	0	0	0	0
1614772904	872417260	0	0	0	0
1614772904	882416736	0	0	0	0
1614772904	892513351	0	0	0	0
1614772904	902490719	0	0	0	0
1614772904	912425933	0	0	0	0
1614772904	922430918	0	0	0	0
1614772904	932400095	0	0	0	0
1614772904	942454313	0	0	0	0
1614772904	952422262	0	0	0	0
1614772904	962393484	0	0	0	0
1614772904	972450190	0	0	0	0
1614772904	982556061	0	0	0	0
1614772904	992439215	0	0	0	0
1614772905	2445757	0	0	0	0
1614772905	12496723	0	0	0	0
1614772905	22478129	0	0	0	0
1614772905	32480334	0	0	0	0
1614772905	42597806	0	0	0	0
1614772905	52425296	0	0	0	0
1614772905	62365666	0	0	0	0
1614772905	72418138	0	0	0	0
1614772905	82475257	0	0	0	0
1614772905	92407713	0	0	0	0
1614772905	102431702	0	0	0	0
1614772905	112417318	0	0	0	0
1614772905	122441568	0	0	0	0
1614772905	132428564	0	0	0	0
1614772905	142432677	0	0	0	0
1614772905	152422082	0	0	0	0
1614772905	162491581	0	0	0	0
1614772905	172419411	0	0	0	0
1614772905	182439731	0	0	0	0
1614772905	192422694	0	0	0	0
1614772905	202552384	0	0	0	0
1614772905	212466696	0	0	0	0
1614772905	222417229	0	0	0	0
1614772905	232434437	0	0	0	0
1614772905	242448829	0	0	0	0
1614772905	252391685	0	0	0	0
1614772905	262527080	0	0	0	0
1614772905	272365478	0	0	0	0
1614772905	282408693	0	0	0	0
1614772905	292450811	0	0	0	0
1614772905	302504762	0	0	0	0
1614772905	312448910	0	0	0	0
1614772905	322476596	0	0	0	0
1614772905	332504383	0	0	0	0
1614772905	342635089	0	0	0	0
1614772905	352560730	0	0	0	0
1614772905	362465717	0	0	0	0
1614772905	372421446	0	0	0	0
1614772905	382488814	0	0	0	0
1614772905	392500358	0	0	0	0
1614772905	402459248	0	0	0	0
1614772905	412489608	0	0	0	0
1614772905	422423206	0	0	0	0
1614772905	432471482	0	0	0	0
1614772905	442508408	0	0	0	0
1614772905	452579347	0	0	0	0
1614772905	462552548	0	0	0	0
1614772905	472397452	0	0	0	0
1614772905	482512971	0	0	0	0
1614772905	492534896	0	0	0	0
1614772905	502524907	0	0	0	0
1614772905	512545863	0	0	0	0
1614772905	522439254	0	0	0	0
1614772905	532461270	0	0	0	0
1614772905	542419671	0	0	0	0
1614772905	552544053	0	0	0	0
1614772905	562376821	0	0	0	0
1614772905	572455936	0	0	0	0
1614772905	582446146	0	0	0	0
1614772905	592472070	0	0	0	0
1614772905	602499464	0	0	0	0
1614772905	612439013	0	0	0	0
1614772905	622440430	0	0	0	0
1614772905	632547849	0	0	0	0
1614772905	642395624	0	0	0	0
1614772905	652509345	0	0	0	0
1614772905	662429508	0	0	0	0
1614772905	672402755	0	0	0	0
1614772905	682450259	0	0	0	0
1614772905	692513805	0	0	0	0
1614772905	702460992	0	0	0	0
1614772905	712452070	0	0	0	0
1614772905	722392816	0	0	0	0
1614772905	732490364	0	0	0	0
1614772905	742416753	0	0	0	0
1614772905	752488046	0	0	0	0
1614772905	762443878	0	0	0	0
1614772905	772416010	0	0	0	0
1614772905	782464295	0	0	0	0
1614772905	792511519	0	0	0	0
1614772905	802554404	0	0	0	0
1614772905	812462419	0	0	0	0
1614772905	822486139	0	0	0	0
1614772905	832572555	0	0	0	0
1614772905	842489467	0	0	0	0
1614772905	852510712	0	0	0	0
1614772905	862398191	0	0	0	0
1614772905	872426378	0	0	0	0
1614772905	882553917	0	0	0	0
1614772905	892420122	0	0	0	0
1614772905	902421627	0	0	0	0
1614772905	912561754	0	0	0	0
1614772905	922518420	0	0	0	0
1614772905	932454632	0	0	0	0
1614772905	942483605	0	0	0	0
1614772905	952484881	0	0	0	0
1614772905	962561307	0	0	0	0
1614772905	972515481	0	0	0	0
1614772905	982477828	0	0	0	0
1614772905	992400049	0	0	0	0
1614772906	2445986	0	0	0	0
1614772906	12483772	0	0	0	0
1614772906	22512873	0	0	0	0
1614772906	32522068	0	0	0	0
1614772906	42437025	0	0	0	0
1614772906	52439051	0	0	0	0
1614772906	62454353	0	0	0	0
1614772906	72449637	0	0	0	0
1614772906	82552847	0	0	0	0
1614772906	92500767	0	0	0	0
1614772906	102475216	0	0	0	0
1614772906	112471782	0	0	0	0
1614772906	122537511	0	0	0	0
1614772906	132424114	0	0	0	0
1614772906	142468385	0	0	0	0
1614772906	152588728	0	0	0	0
1614772906	162454424	0	0	0	0
1614772906	172471119	0	0	0	0
1614772906	182549358	0	0	0	0
1614772906	192391842	0	0	0	0
1614772906	202504733	0	0	0	0
1614772906	212492896	0	0	0	0
1614772906	222420679	0	0	0	0
1614772906	232470000	0	0	0	0
1614772906	242439952	0	0	0	0
1614772906	252442858	0	0	0	0
1614772906	262382758	0	0	0	0
1614772906	272399349	0	0	0	0
1614772906	282512413	0	0	0	0
1614772906	292432041	0	0	0	0
1614772906	302470507	0	0	0	0
1614772906	312466666	0	0	0	0
1614772906	322526782	0	0	0	0
1614772906	332448996	0	0	0	0
1614772906	342521752	0	0	0	0
1614772906	352563022	0	0	0	0
1614772906	362415771	0	0	0	0
1614772906	372486251	0	0	0	0
1614772906	382457705	0	0	0	0
1614772906	392445664	0	0	0	0
1614772906	402477716	0	0	0	0
1614772906	412446525	0	0	0	0
1614772906	422568900	0	0	0	0
1614772906	432527093	0	0	0	0
1614772906	442532771	0	0	0	0
1614772906	452442413	0	0	0	0
1614772906	462678809	0	0	0	0
1614772906	472556600	0	0	0	0
1614772906	482442819	0	0	0	0
1614772906	492584649	0	0	0	0
1614772906	502467654	0	0	0	0
1614772906	512388720	0	0	0	0
1614772906	522443232	0	0	0	0
1614772906	532472079	0	0	0	0
1614772906	542413726	0	0	0	0
1614772906	552449331	0	0	0	0
1614772906	562408472	0	0	0	0
1614772906	572438003	0	0	0	0
1614772906	582517658	0	0	0	0
1614772906	592478516	0	0	0	0
1614772906	602419139	0	0	0	0
1614772906	612463465	0	0	0	0
1614772906	622436740	0	0	0	0
1614772906	632518082	0	0	0	0
1614772906	642396542	0	0	0	0
1614772906	652478894	0	0	0	0
1614772906	662404258	0	0	0	0
1614772906	672515844	0	0	0	0
1614772906	682447584	0	0	0	0
1614772906	692461967	0	0	0	0
1614772906	702505870	0	0	0	0
1614772906	712621323	0	0	0	0
1614772906	722385582	0	0	0	0
1614772906	732438940	0	0	0	0
1614772906	742436828	0	0	0	0
1614772906	752442864	0	0	0	0
1614772906	762467576	0	0	0	0
1614772906	772543897	0	0	0	0
1614772906	782503641	0	0	0	0
1614772906	792387641	0	0	0	0
1614772906	802486542	0	0	0	0
1614772906	812448866	0	0	0	0
1614772906	822434899	0	0	0	0
1614772906	832442433	0	0	0	0
1614772906	842421841	0	0	0	0
1614772906	852432649	0	0	0	0
1614772906	862486372	0	0	0	0
1614772906	872518671	0	0	0	0
1614772906	882398558	0	0	0	0
1614772906	892485801	0	0	0	0
1614772906	902462091	0	0	0	0
1614772906	912513262	0	0	0	0
1614772906	922472170	0	0	0	0
1614772906	932500300	0	0	0	0
1614772906	942471756	0	0	0	0
1614772906	952511484	0	0	0	0
1614772906	962396723	0	0	0	0
1614772906	972513558	0	0	0	0
1614772906	982482184	0	0	0	0
1614772906	992408832	0	0	0	0
1614772907	2417786	0	0	0	0
1614772907	12424654	0	0	0	0
1614772907	22431405	0	0	0	0
1614772907	32438915	0	0	0	0
1614772907	42477224	0	0	0	0
1614772907	52451250	0	0	0	0
1614772907	62407290	0	0	0	0
1614772907	72440084	0	0	0	0
1614772907	82530645	0	0	0	0
1614772907	92468631	0	0	0	0
1614772907	102417869	0	0	0	0
1614772907	112502966	0	0	0	0
1614772907	122430988	0	0	0	0
1614772907	132484021	0	0	0	0
1614772907	142490337	0	0	0	0
1614772907	152444218	0	0	0	0
1614772907	162531057	0	0	0	0
1614772907	172473467	0	0	0	0
1614772907	182518383	0	0	0	0
1614772907	192516339	0	0	0	0
1614772907	202496212	0	0	0	0
1614772907	212723858	0	0	0	0
1614772907	222427577	0	0	0	0
1614772907	232517812	0	0	0	0
1614772907	242559812	0	0	0	0
1614772907	252491022	0	0	0	0
1614772907	262614100	0	0	0	0
1614772907	272525359	0	0	0	0
1614772907	282434461	0	0	0	0
1614772907	292463931	0	0	0	0
1614772907	302423842	0	0	0	0
1614772907	312484185	0	0	0	0
1614772907	322479452	0	0	0	0
1614772907	332546420	0	0	0	0
1614772907	342414149	0	0	0	0
1614772907	352476866	0	0	0	0
1614772907	362513623	0	0	0	0
1614772907	372517007	0	0	0	0
1614772907	382505503	0	0	0	0
1614772907	392402506	0	0	0	0
1614772907	402517858	0	0	0	0
1614772907	412475933	0	0	0	0
1614772907	422564075	0	0	0	0
1614772907	432440640	0	0	0	0
1614772907	442484417	0	0	0	0
1614772907	452461845	0	0	0	0
1614772907	462548745	0	0	0	0
1614772907	472458764	0	0	0	0
1614772907	482560434	0	0	0	0
1614772907	492518792	0	0	0	0
1614772907	502467278	0	0	0	0
1614772907	512511394	0	0	0	0
1614772907	522446335	0	0	0	0
1614772907	532519909	0	0	0	0
1614772907	542437499	0	0	0	0
1614772907	552578846	0	0	0	0
1614772907	562556682	0	0	0	0
1614772907	572470845	0	0	0	0
1614772907	582550278	0	0	0	0
1614772907	592513495	0	0	0	0
1614772907	602536088	0	0	0	0
1614772907	612466366	0	0	0	0
1614772907	622434169	0	0	0	0
1614772907	632444101	0	0	0	0
1614772907	642508136	0	0	0	0
1614772907	652510058	0	0	0	0
1614772907	662501019	0	0	0	0
1614772907	672439931	0	0	0	0
1614772907	682444888	0	0	0	0
1614772907	692556293	0	0	0	0
1614772907	702503602	0	0	0	0
1614772907	712477609	0	0	0	0
1614772907	722528867	0	0	0	0
1614772907	732490148	0	0	0	0
1614772907	742516584	0	0	0	0
1614772907	752486646	0	0	0	0
1614772907	762597225	0	0	0	0
1614772907	772504935	0	0	0	0
1614772907	782521268	0	0	0	0
1614772907	792508171	0	0	0	0
1614772907	802546164	0	0	0	0
1614772907	812524108	0	0	0	0
1614772907	822502469	0	0	0	0
1614772907	832523939	0	0	0	0
1614772907	842463715	0	0	0	0
1614772907	852552043	0	0	0	0
1614772907	862528280	0	0	0	0
1614772907	872478682	0	0	0	0
1614772907	882558348	0	0	0	0
1614772907	892524017	0	0	0	0
1614772907	902550705	0	0	0	0
1614772907	912498920	0	0	0	0
1614772907	922487621	0	0	0	0
1614772907	932460713	0	0	0	0
1614772907	942434865	0	0	0	0
1614772907	952499102	0	0	0	0
1614772907	962437960	0	0	0	0
1614772907	972501714	0	0	0	0
1614772907	982469063	0	0	0	0
1614772907	992459429	0	0	0	0
1614772908	2571270	0	0	0	0
1614772908	12537661	0	0	0	0
1614772908	22515911	0	0	0	0
1614772908	32611264	0	0	0	0
1614772908	42409149	0	0	0	0
1614772908	52494663	0	0	0	0
1614772908	62504448	0	0	0	0
1614772908	72463461	0	0	0	0
1614772908	82439379	0	0	0	0
1614772908	92504900	0	0	0	0
1614772908	102477800	0	0	0	0
1614772908	112441689	0	0	0	0
1614772908	122462333	0	0	0	0
1614772908	132503997	0	0	0	0
1614772908	142432957	0	0	0	0
1614772908	152479581	0	0	0	0
1614772908	162422112	0	0	0	0
1614772908	172516920	0	0	0	0
1614772908	182461637	0	0	0	0
1614772908	192445245	0	0	0	0
1614772908	202469465	0	0	0	0
1614772908	212527500	0	0	0	0
1614772908	222416671	0	0	0	0
1614772908	232483771	0	0	0	0
1614772908	242478131	0	0	0	0
1614772908	252524825	0	0	0	0
1614772908	262391042	0	0	0	0
1614772908	272417946	0	0	0	0
1614772908	282554029	0	0	0	0
1614772908	292502676	0	0	0	0
1614772908	302464559	0	0	0	0
1614772908	312500485	0	0	0	0
1614772908	322477035	0	0	0	0
1614772908	332427646	0	0	0	0
1614772908	342478319	0	0	0	0
1614772908	352484810	0	0	0	0
1614772908	362466575	0	0	0	0
1614772908	372506944	0	0	0	0
1614772908	382500135	0	0	0	0
1614772908	392494063	0	0	0	0
1614772908	402475043	0	0	0	0
1614772908	412570871	0	0	0	0
1614772908	422408905	0	0	0	0
1614772908	432510926	0	0	0	0
1614772908	442443829	0	0	0	0
1614772908	452531763	0	0	0	0
1614772908	462584030	0	0	0	0
1614772908	472497194	0	0	0	0
1614772908	482535258	0	0	0	0
1614772908	492514830	0	0	0	0
1614772908	502584204	0	0	0	0
1614772908	512556824	0	0	0	0
1614772908	522448747	0	0	0	0
1614772908	532497322	0	0	0	0
1614772908	542430854	0	0	0	0
1614772908	552496628	0	0	0	0
1614772908	562563810	0	0	0	0
1614772908	572509956	0	0	0	0
1614772908	582441949	0	0	0	0
1614772908	592537695	0	0	0	0
1614772908	602468385	0	0	0	0
1614772908	612470926	0	0	0	0
1614772908	622419847	0	0	0	0
1614772908	632472551	0	0	0	0
1614772908	642427722	0	0	0	0
1614772908	652496792	0	0	0	0
1614772908	662484616	0	0	0	0
1614772908	672403177	0	0	0	0
1614772908	682453192	0	0	0	0
1614772908	692487341	0	0	0	0
1614772908	702410566	0	0	0	0
1614772908	712515642	0	0	0	0
1614772908	722425118	0	0	0	0
1614772908	732454574	0	0	0	0
1614772908	742424345	0	0	0	0
1614772908	752428464	0	0	0	0
1614772908	762494406	0	0	0	0
1614772908	772449041	0	0	0	0
1614772908	782509090	0	0	0	0
1614772908	792423705	0	0	0	0
1614772908	802560842	0	0	0	0
1614772908	812453105	0	0	0	0
1614772908	822476651	0	0	0	0
1614772908	832424090	0	0	0	0
1614772908	842519557	0	0	0	0
1614772908	852431392	0	0	0	0
1614772908	862537758	0	0	0	0
1614772908	872537481	0	0	0	0
1614772908	882515366	0	0	0	0
1614772908	892568363	0	0	0	0
1614772908	902487390	0	0	0	0
1614772908	912442131	0	0	0	0
1614772908	922501198	0	0	0	0
1614772908	932500592	0	0	0	0
1614772908	942510460	0	0	0	0
1614772908	952576877	0	0	0	0
1614772908	962586002	0	0	0	0
1614772908	972482209	0	0	0	0
1614772908	982475396	0	0	0	0
1614772908	992525491	0	0	0	0
1614772909	2551179	0	0	0	0
1614772909	12577218	0	0	0	0
1614772909	22436854	0	0	0	0
1614772909	32557541	0	0	0	0
1614772909	42460572	0	0	0	0
1614772909	52663319	0	0	0	0
1614772909	62416197	0	0	0	0
1614772909	72463455	0	0	0	0
1614772909	82517034	0	0	0	0
1614772909	92464271	0	0	0	0
1614772909	102509112	0	0	0	0
1614772909	112507009	0	0	0	0
1614772909	122421844	0	0	0	0
1614772909	132498875	0	0	0	0
1614772909	142526366	0	0	0	0
1614772909	152492986	0	0	0	0
1614772909	162470375	0	0	0	0
1614772909	172455240	0	0	0	0
1614772909	182521275	0	0	0	0
1614772909	192503124	0	0	0	0
1614772909	202547803	0	0	0	0
1614772909	212551932	0	0	0	0
1614772909	222504617	0	0	0	0
1614772909	232595329	0	0	0	0
1614772909	242505270	0	0	0	0
1614772909	252506151	0	0	0	0
1614772909	262518439	0	0	0	0
1614772909	272487717	0	0	0	0
1614772909	282464162	0	0	0	0
1614772909	292653797	0	0	0	0
1614772909	302506546	0	0	0	0
1614772909	312516023	0	0	0	0
1614772909	322530109	0	0	0	0
1614772909	332459690	0	0	0	0
1614772909	342518126	0	0	0	0
1614772909	352654999	0	0	0	0
1614772909	362486802	0	0	0	0
1614772909	372477664	0	0	0	0
1614772909	382649884	0	0	0	0
1614772909	392458766	0	0	0	0
1614772909	402671840	0	0	0	0
1614772909	412664460	0	0	0	0
1614772909	422448171	0	0	0	0
1614772909	432482395	0	0	0	0
1614772909	442506210	0	0	0	0
1614772909	452506248	0	0	0	0
1614772909	462519351	0	0	0	0
1614772909	472462045	0	0	0	0
1614772909	482462146	0	0	0	0
1614772909	492469020	0	0	0	0
1614772909	502485762	0	0	0	0
1614772909	512593776	0	0	0	0
1614772909	522430143	0	0	0	0
1614772909	532461368	0	0	0	0
1614772909	542519374	0	0	0	0
1614772909	552631988	0	0	0	0
1614772909	562454106	0	0	0	0
1614772909	572536064	0	0	0	0
1614772909	582522749	0	0	0	0
1614772909	592511731	0	0	0	0
1614772909	602514678	0	0	0	0
1614772909	612509935	0	0	0	0
1614772909	622465856	0	0	0	0
1614772909	632560445	0	0	0	0
1614772909	642524297	0	0	0	0
1614772909	652462733	0	0	0	0
1614772909	662608167	0	0	0	0
1614772909	672436428	0	0	0	0
1614772909	682468265	0	0	0	0
1614772909	692522536	0	0	0	0
1614772909	702524344	0	0	0	0
1614772909	712608086	0	0	0	0
1614772909	722529480	0	0	0	0
1614772909	732422235	0	0	0	0
1614772909	742444978	0	0	0	0
1614772909	752527163	0	0	0	0
1614772909	762505298	0	0	0	0
1614772909	772494425	0	0	0	0
1614772909	782513181	0	0	0	0
1614772909	792485304	0	0	0	0
1614772909	802470116	0	0	0	0
1614772909	812614866	0	0	0	0
1614772909	822499079	0	0	0	0
1614772909	832526047	0	0	0	0
1614772909	842506539	0	0	0	0
1614772909	852497299	0	0	0	0
1614772909	862438242	0	0	0	0
1614772909	872465310	0	0	0	0
1614772909	882571583	0	0	0	0
1614772909	892503830	0	0	0	0
1614772909	902490285	0	0	0	0
1614772909	912527927	0	0	0	0
1614772909	922441234	0	0	0	0
1614772909	932549240	0	0	0	0
1614772909	942538883	0	0	0	0
1614772909	952479020	0	0	0	0
1614772909	962514545	0	0	0	0
1614772909	972509350	0	0	0	0
1614772909	982526079	0	0	0	0
1614772909	992425228	0	0	0	0
1614772910	2507633	0	0	0	0
1614772910	12509167	0	0	0	0
1614772910	22471385	0	0	0	0
1614772910	32484101	0	0	0	0
1614772910	42485557	0	0	0	0
1614772910	52517281	0	0	0	0
1614772910	62533176	0	0	0	0
1614772910	72468180	0	0	0	0
1614772910	82569545	0	0	0	0
1614772910	92509078	0	0	0	0
1614772910	102552968	0	0	0	0
1614772910	112428762	0	0	0	0
1614772910	122467824	0	0	0	0
1614772910	132545392	0	0	0	0
1614772910	142460711	0	0	0	0
1614772910	152489466	0	0	0	0
1614772910	162469900	0	0	0	0
1614772910	172444559	0	0	0	0
1614772910	182552653	0	0	0	0
1614772910	192501665	0	0	0	0
1614772910	202547670	0	0	0	0
1614772910	212530548	0	0	0	0
1614772910	222492727	0	0	0	0
1614772910	232454920	0	0	0	0
1614772910	242500994	0	0	0	0
1614772910	252433560	0	0	0	0
1614772910	262447932	0	0	0	0
1614772910	272520544	0	0	0	0
1614772910	282508096	0	0	0	0
1614772910	292555526	0	0	0	0
1614772910	302550846	0	0	0	0
1614772910	312529067	0	0	0	0
1614772910	322491861	0	0	0	0
1614772910	332448293	0	0	0	0
1614772910	342613029	0	0	0	0
1614772910	352535938	0	0	0	0
1614772910	362504049	0	0	0	0
1614772910	372503912	0	0	0	0
1614772910	382477461	0	0	0	0
1614772910	392508862	0	0	0	0
1614772910	402597918	0	0	0	0
1614772910	412483197	0	0	0	0
1614772910	422443489	0	0	0	0
1614772910	432558748	0	0	0	0
1614772910	442542444	0	0	0	0
1614772910	452485690	0	0	0	0
1614772910	462592024	0	0	0	0
1614772910	472508742	0	0	0	0
1614772910	482529779	0	0	0	0
1614772910	492562145	0	0	0	0
1614772910	502480870	0	0	0	0
1614772910	512461981	0	0	0	0
1614772910	522565676	0	0	0	0
1614772910	532523853	0	0	0	0
1614772910	542449277	0	0	0	0
1614772910	552519630	0	0	0	0
1614772910	562505746	0	0	0	0
1614772910	572541857	0	0	0	0
1614772910	582513805	0	0	0	0
1614772910	592485390	0	0	0	0
1614772910	602571467	0	0	0	0
1614772910	612546516	0	0	0	0
1614772910	622478349	0	0	0	0
1614772910	632501322	0	0	0	0
1614772910	642549501	0	0	0	0
1614772910	652641458	0	0	0	0
1614772910	662483471	0	0	0	0
1614772910	672445338	0	0	0	0
1614772910	682471766	0	0	0	0
1614772910	692522933	0	0	0	0
1614772910	702519025	0	0	0	0
1614772910	712601934	0	0	0	0
1614772910	722475164	0	0	0	0
1614772910	732529258	0	0	0	0
1614772910	742503177	0	0	0	0
1614772910	752469605	0	0	0	0
1614772910	762442869	0	0	0	0
1614772910	772529469	0	0	0	0
1614772910	782463388	0	0	0	0
1614772910	792432788	0	0	0	0
1614772910	802556244	0	0	0	0
1614772910	812531052	0	0	0	0
1614772910	822442487	0	0	0	0
1614772910	832497425	0	0	0	0
1614772910	842538119	0	0	0	0
1614772910	852548473	0	0	0	0
1614772910	862560523	0	0	0	0
1614772910	872513659	0	0	0	0
1614772910	882522883	0	0	0	0
1614772910	892628390	0	0	0	0
1614772910	902554840	0	0	0	0
1614772910	912527977	0	0	0	0
1614772910	922525280	0	0	0	0
1614772910	932554521	0	0	0	0
1614772910	942541493	0	0	0	0
1614772910	952445900	0	0	0	0
1614772910	962607222	0	0	0	0
1614772910	972587954	0	0	0	0
1614772910	982510986	0	0	0	0
1614772910	992465334	0	0	0	0
1614772911	2508270	0	0	0	0
1614772911	12572723	0	0	0	0
1614772911	22570059	0	0	0	0
1614772911	32601869	0	0	0	0
1614772911	42489284	0	0	0	0
1614772911	52520527	0	0	0	0
1614772911	62598000	0	0	0	0
1614772911	72487763	0	0	0	0
1614772911	82497068	0	0	0	0
1614772911	92527081	0	0	0	0
1614772911	102505009	0	0	0	0
1614772911	112596361	0	0	0	0
1614772911	122518040	0	0	0	0
1614772911	132515528	0	0	0	0
1614772911	142587111	0	0	0	0
1614772911	152477286	0	0	0	0
1614772911	162470678	0	0	0	0
1614772911	172528942	0	0	0	0
1614772911	182546769	0	0	0	0
1614772911	192452446	0	0	0	0
1614772911	202493760	0	0	0	0
1614772911	212510938	0	0	0	0
1614772911	222423538	0	0	0	0
1614772911	232517404	0	0	0	0
1614772911	242522742	0	0	0	0
1614772911	252539966	0	0	0	0
1614772911	262627335	0	0	0	0
1614772911	272451141	0	0	0	0
1614772911	282490812	0	0	0	0
1614772911	292599598	0	0	0	0
1614772911	302551782	0	0	0	0
1614772911	312590384	0	0	0	0
1614772911	322665721	0	0	0	0
1614772911	332482597	0	0	0	0
1614772911	342520749	0	0	0	0
1614772911	352525955	0	0	0	0
1614772911	362518269	0	0	0	0
1614772911	372507086	0	0	0	0
1614772911	382538821	0	0	0	0
1614772911	392500451	0	0	0	0
1614772911	402477683	0	0	0	0
1614772911	412599258	0	0	0	0
1614772911	422566231	0	0	0	0
1614772911	432633286	0	0	0	0
1614772911	442589724	0	0	0	0
1614772911	452630373	0	0	0	0
1614772911	462601899	0	0	0	0
1614772911	472542917	0	0	0	0
1614772911	482569659	0	0	0	0
1614772911	492529859	0	0	0	0
1614772911	502548211	0	0	0	0
1614772911	512676611	0	0	0	0
1614772911	522633942	0	0	0	0
1614772911	532590884	0	0	0	0
1614772911	542512521	0	0	0	0
1614772911	552552103	0	0	0	0
1614772911	562536776	0	0	0	0
1614772911	572565827	0	0	0	0
1614772911	582538515	0	0	0	0
1614772911	592525765	0	0	0	0
1614772911	602598732	0	0	0	0
1614772911	612578037	0	0	0	0
1614772911	622476650	0	0	0	0
1614772911	632549555	0	0	0	0
1614772911	642600422	0	0	0	0
1614772911	652588289	0	0	0	0
1614772911	662716404	0	0	0	0
1614772911	672563160	0	0	0	0
1614772911	682495292	0	0	0	0
1614772911	692575234	0	0	0	0
1614772911	702488947	0	0	0	0
1614772911	712524186	0	0	0	0
1614772911	722566389	0	0	0	0
1614772911	732501231	0	0	0	0
1614772911	742486515	0	0	0	0
1614772911	752517565	0	0	0	0
1614772911	762561636	0	0	0	0
1614772911	772514986	0	0	0	0
1614772911	782489428	0	0	0	0
1614772911	792514052	0	0	0	0
1614772911	802491664	0	0	0	0
1614772911	812543519	0	0	0	0
1614772911	822504585	0	0	0	0
1614772911	832558025	0	0	0	0
1614772911	842516729	0	0	0	0
1614772911	852530154	0	0	0	0
1614772911	862591824	0	0	0	0
1614772911	872464242	0	0	0	0
1614772911	882452625	0	0	0	0
1614772911	892528221	0	0	0	0
1614772911	902508448	0	0	0	0
1614772911	912559701	0	0	0	0
1614772911	922540036	0	0	0	0
1614772911	932490143	0	0	0	0
1614772911	942518586	0	0	0	0
1614772911	952489153	0	0	0	0
1614772911	962466159	0	0	0	0
1614772911	972510210	0	0	0	0
1614772911	982462638	0	0	0	0
1614772911	992551744	0	0	0	0
1614772912	2524534	0	0	0	0
1614772912	12511571	0	0	0	0
1614772912	22527991	0	0	0	0
1614772912	32624024	0	0	0	0
1614772912	42477253	0	0	0	0
1614772912	52507365	0	0	0	0
1614772912	62554408	0	0	0	0
1614772912	72570430	0	0	0	0
1614772912	82520776	0	0	0	0
1614772912	92574561	0	0	0	0
1614772912	102517486	0	0	0	0
1614772912	112461945	0	0	0	0
1614772912	122530166	0	0	0	0
1614772912	132508840	0	0	0	0
1614772912	142430213	0	0	0	0
1614772912	152482047	0	0	0	0
1614772912	162492054	0	0	0	0
1614772912	172538049	0	0	0	0
1614772912	182529940	0	0	0	0
1614772912	192502660	0	0	0	0
1614772912	202578091	0	0	0	0
1614772912	212511245	0	0	0	0
1614772912	222531005	0	0	0	0
1614772912	232530109	0	0	0	0
1614772912	242445652	0	0	0	0
1614772912	252581943	0	0	0	0
1614772912	262487367	0	0	0	0
1614772912	272568040	0	0	0	0
1614772912	282573889	0	0	0	0
1614772912	292549306	0	0	0	0
1614772912	302451378	0	0	0	0
1614772912	312581596	0	0	0	0
1614772912	322514005	0	0	0	0
1614772912	332510648	0	0	0	0
1614772912	342507523	0	0	0	0
1614772912	352519148	0	0	0	0
1614772912	362536874	0	0	0	0
1614772912	372534020	0	0	0	0
1614772912	382532075	0	0	0	0
1614772912	392501348	0	0	0	0
1614772912	402528541	0	0	0	0
1614772912	412536507	0	0	0	0
1614772912	422521423	0	0	0	0
1614772912	432519834	0	0	0	0
1614772912	442552303	0	0	0	0
1614772912	452476709	0	0	0	0
1614772912	462605802	0	0	0	0
1614772912	472493941	0	0	0	0
1614772912	482462515	0	0	0	0
1614772912	492560895	0	0	0	0
1614772912	502538624	0	0	0	0
1614772912	512558228	0	0	0	0
1614772912	522575043	0	0	0	0
1614772912	532538127	0	0	0	0
1614772912	542501358	0	0	0	0
1614772912	552594852	0	0	0	0
1614772912	562561248	0	0	0	0
1614772912	572483779	0	0	0	0
1614772912	582602215	0	0	0	0
1614772912	592532867	0	0	0	0
1614772912	602487647	0	0	0	0
1614772912	612515885	0	0	0	0
1614772912	622516906	0	0	0	0
1614772912	632475902	0	0	0	0
1614772912	642561073	0	0	0	0
1614772912	652545209	0	0	0	0
1614772912	662480384	0	0	0	0
1614772912	672541593	0	0	0	0
1614772912	682564506	0	0	0	0
1614772912	692495898	0	0	0	0
1614772912	702487731	0	0	0	0
1614772912	712556973	0	0	0	0
1614772912	722597917	0	0	0	0
1614772912	732573409	0	0	0	0
1614772912	742609050	0	0	0	0
1614772912	752524606	0	0	0	0
1614772912	762474907	0	0	0	0
1614772912	772500658	0	0	0	0
1614772912	782585729	0	0	0	0
1614772912	792492610	0	0	0	0
1614772912	802480057	0	0	0	0
1614772912	812546725	0	0	0	0
1614772912	822462105	0	0	0	0
1614772912	832572638	0	0	0	0
1614772912	842471269	0	0	0	0
1614772912	852517664	0	0	0	0
1614772912	862488537	0	0	0	0
1614772912	872539877	0	0	0	0
1614772912	882547685	0	0	0	0
1614772912	892620324	0	0	0	0
1614772912	902519846	0	0	0	0
1614772912	912561414	0	0	0	0
1614772912	922546585	0	0	0	0
1614772912	932571076	0	0	0	0
1614772912	942491418	0	0	0	0
1614772912	952557480	0	0	0	0
1614772912	962535725	0	0	0	0
1614772912	972483426	0	0	0	0
1614772912	982571830	0	0	0	0
1614772912	992490458	0	0	0	0
1614772913	2581150	0	0	0	0
1614772913	12569402	0	0	0	0
1614772913	22615950	0	0	0	0
1614772913	32519757	0	0	0	0
1614772913	42576457	0	0	0	0
1614772913	52605953	0	0	0	0
1614772913	62531234	0	0	0	0
1614772913	72519346	0	0	0	0
1614772913	82593230	0	0	0	0
1614772913	92515749	0	0	0	0
1614772913	102566320	0	0	0	0
1614772913	112633134	0	0	0	0
1614772913	122547548	0	0	0	0
1614772913	132559725	0	0	0	0
1614772913	142577245	0	0	0	0
1614772913	152549620	0	0	0	0
1614772913	162586208	0	0	0	0
1614772913	172514450	0	0	0	0
1614772913	182537477	0	0	0	0
1614772913	192538194	0	0	0	0
1614772913	202694279	0	0	0	0
1614772913	212599693	0	0	0	0
1614772913	222614192	0	0	0	0
1614772913	232596877	0	0	0	0
1614772913	242541359	0	0	0	0
1614772913	252539727	0	0	0	0
1614772913	262498225	0	0	0	0
1614772913	272525942	0	0	0	0
1614772913	282559436	0	0	0	0
1614772913	292641163	0	0	0	0
1614772913	302555117	0	0	0	0
1614772913	312608664	0	0	0	0
1614772913	322535966	0	0	0	0
1614772913	332533624	0	0	0	0
1614772913	342564092	0	0	0	0
1614772913	352511542	0	0	0	0
1614772913	362562919	0	0	0	0
1614772913	372536515	0	0	0	0
1614772913	382574049	0	0	0	0
1614772913	392492004	0	0	0	0
1614772913	402589005	0	0	0	0
1614772913	412634142	0	0	0	0
1614772913	422583421	0	0	0	0
1614772913	432595418	0	0	0	0
1614772913	442624850	0	0	0	0
1614772913	452636954	0	0	0	0
1614772913	462521094	0	0	0	0
1614772913	472482267	0	0	0	0
1614772913	482552121	0	0	0	0
1614772913	492524337	0	0	0	0
1614772913	502506757	0	0	0	0
1614772913	512620333	0	0	0	0
1614772913	522478823	0	0	0	0
1614772913	532570626	0	0	0	0
1614772913	542530675	0	0	0	0
1614772913	552605547	0	0	0	0
1614772913	562595806	0	0	0	0
1614772913	572523796	0	0	0	0
1614772913	582607503	0	0	0	0
1614772913	592490788	0	0	0	0
1614772913	602586119	0	0	0	0
1614772913	612592506	0	0	0	0
1614772913	622555573	0	0	0	0
1614772913	632518621	0	0	0	0
1614772913	642624769	0	0	0	0
1614772913	652473646	0	0	0	0
1614772913	662571842	0	0	0	0
1614772913	672603055	0	0	0	0
1614772913	682605961	0	0	0	0
1614772913	692625849	0	0	0	0
1614772913	702544147	0	0	0	0
1614772913	712542405	0	0	0	0
1614772913	722570855	0	0	0	0
1614772913	732563171	0	0	0	0
1614772913	742575192	0	0	0	0
1614772913	752555379	0	0	0	0
1614772913	762655889	0	0	0	0
1614772913	772554842	0	0	0	0
1614772913	782559200	0	0	0	0
1614772913	792621577	0	0	0	0
1614772913	802551234	0	0	0	0
1614772913	812531324	0	0	0	0
1614772913	822543297	0	0	0	0
1614772913	832537083	0	0	0	0
1614772913	842535103	0	0	0	0
1614772913	852553632	0	0	0	0
1614772913	862567902	0	0	0	0
1614772913	872604850	0	0	0	0
1614772913	882559368	0	0	0	0
1614772913	892582220	0	0	0	0
1614772913	902561230	0	0	0	0
1614772913	912558163	0	0	0	0
1614772913	922479125	0	0	0	0
1614772913	932561009	0	0	0	0
1614772913	942557530	0	0	0	0
1614772913	952579030	0	0	0	0
1614772913	962563055	0	0	0	0
1614772913	972591448	0	0	0	0
1614772913	982479098	0	0	0	0
1614772913	992472365	0	0	0	0
1614772914	2571736	0	0	0	0
1614772914	12514000	0	0	0	0
1614772914	22547332	0	0	0	0
1614772914	32603424	0	0	0	0
1614772914	42620787	0	0	0	0
1614772914	52517043	0	0	0	0
1614772914	62631157	0	0	0	0
1614772914	72556771	0	0	0	0
1614772914	82545724	0	0	0	0
1614772914	92546764	0	0	0	0
1614772914	102510367	0	0	0	0
1614772914	112601989	0	0	0	0
1614772914	122605232	0	0	0	0
1614772914	132607183	0	0	0	0
1614772914	142544682	0	0	0	0
1614772914	152667799	0	0	0	0
1614772914	162608482	0	0	0	0
1614772914	172498421	0	0	0	0
1614772914	182517197	0	0	0	0
1614772914	192601475	0	0	0	0
1614772914	202519173	0	0	0	0
1614772914	212567132	0	0	0	0
1614772914	222496579	0	0	0	0
1614772914	232483735	0	0	0	0
1614772914	242552805	0	0	0	0
1614772914	252498068	0	0	0	0
1614772914	262533562	0	0	0	0
1614772914	272530945	0	0	0	0
1614772914	282575532	0	0	0	0
1614772914	292616390	0	0	0	0
1614772914	302577755	0	0	0	0
1614772914	312576411	0	0	0	0
1614772914	322504905	0	0	0	0
1614772914	332530977	0	0	0	0
1614772914	342587846	0	0	0	0
1614772914	352539716	0	0	0	0
1614772914	362559413	0	0	0	0
1614772914	372563408	0	0	0	0
1614772914	382554740	0	0	0	0
1614772914	392603814	0	0	0	0
1614772914	402556839	0	0	0	0
1614772914	412630091	0	0	0	0
1614772914	422569764	0	0	0	0
1614772914	432581403	0	0	0	0
1614772914	442493060	0	0	0	0
1614772914	452577401	0	0	0	0
1614772914	462616137	0	0	0	0
1614772914	472602419	0	0	0	0
1614772914	482611830	0	0	0	0
1614772914	492559492	0	0	0	0
1614772914	502634504	0	0	0	0
1614772914	512546940	0	0	0	0
1614772914	522666294	0	0	0	0
1614772914	532695616	0	0	0	0
1614772914	542560838	0	0	0	0
1614772914	552556819	0	0	0	0
1614772914	562557701	0	0	0	0
1614772914	572548962	0	0	0	0
1614772914	582539806	0	0	0	0
1614772914	592529662	0	0	0	0
1614772914	602544808	0	0	0	0
1614772914	612511227	0	0	0	0
1614772914	622560104	0	0	0	0
1614772914	632536867	0	0	0	0
1614772914	642533414	0	0	0	0
1614772914	652558432	0	0	0	0
1614772914	662601876	0	0	0	0
1614772914	672595106	0	0	0	0
1614772914	682552798	0	0	0	0
1614772914	692580128	0	0	0	0
1614772914	702607477	0	0	0	0
1614772914	712575872	0	0	0	0
1614772914	722553105	0	0	0	0
1614772914	732508210	0	0	0	0
1614772914	742479671	0	0	0	0
1614772914	752562538	0	0	0	0
1614772914	762564658	0	0	0	0
1614772914	772634977	0	0	0	0
1614772914	782580199	0	0	0	0
1614772914	792526178	0	0	0	0
1614772914	802553275	0	0	0	0
1614772914	812561606	0	0	0	0
1614772914	822550442	0	0	0	0
1614772914	832599124	0	0	0	0
1614772914	842524388	0	0	0	0
1614772914	852624911	0	0	0	0
1614772914	862634851	0	0	0	0
1614772914	872637284	0	0	0	0
1614772914	882515480	0	0	0	0
1614772914	892597358	0	0	0	0
1614772914	902587630	0	0	0	0
1614772914	912636446	0	0	0	0
1614772914	922643971	0	0	0	0
1614772914	932539585	0	0	0	0
1614772914	942588393	0	0	0	0
1614772914	952570833	0	0	0	0
1614772914	962602655	0	0	0	0
1614772914	972550444	0	0	0	0
1614772914	982488707	0	0	0	0
1614772914	992549250	0	0	0	0
1614772915	2565972	0	0	0	0
1614772915	12566102	0	0	0	0
1614772915	22702259	0	0	0	0
1614772915	32553908	0	0	0	0
1614772915	42578083	0	0	0	0
1614772915	52682944	0	0	0	0
1614772915	64155966	0	0	0	0
1614772915	72568075	0	0	0	0
1614772915	82493709	0	0	0	0
1614772915	92548224	0	0	0	0
1614772915	102589579	0	0	0	0
1614772915	112694319	0	0	0	0
1614772915	122560693	0	0	0	0
1614772915	132561921	0	0	0	0
1614772915	142555442	0	0	0	0
1614772915	152483668	0	0	0	0
1614772915	162591108	0	0	0	0
1614772915	172617634	0	0	0	0
1614772915	182528181	0	0	0	0
1614772915	192573564	0	0	0	0
1614772915	202540940	0	0	0	0
1614772915	212524307	0	0	0	0
1614772915	222576571	0	0	0	0
1614772915	232681345	0	0	0	0
1614772915	242511223	0	0	0	0
1614772915	252497586	0	0	0	0
1614772915	262558828	0	0	0	0
1614772915	272676621	0	0	0	0
1614772915	282493572	0	0	0	0
1614772915	292635468	0	0	0	0
1614772915	302541454	0	0	0	0
1614772915	312635887	0	0	0	0
1614772915	322703235	0	0	0	0
1614772915	332566696	0	0	0	0
1614772915	342620780	0	0	0	0
1614772915	352588710	0	0	0	0
1614772915	362689866	0	0	0	0
1614772915	372580165	0	0	0	0
1614772915	382543007	0	0	0	0
1614772915	392659743	0	0	0	0
1614772915	402508730	0	0	0	0
1614772915	412526730	0	0	0	0
1614772915	422498729	0	0	0	0
1614772915	432558480	0	0	0	0
1614772915	442503551	0	0	0	0
1614772915	452649372	0	0	0	0
1614772915	462518758	0	0	0	0
1614772915	472490583	0	0	0	0
1614772915	482549171	0	0	0	0
1614772915	492594065	0	0	0	0
1614772915	502539379	0	0	0	0
1614772915	512617008	0	0	0	0
1614772915	522538943	0	0	0	0
1614772915	532507594	0	0	0	0
1614772915	542627298	0	0	0	0
1614772915	552562854	0	0	0	0
1614772915	562518958	0	0	0	0
1614772915	572559541	0	0	0	0
1614772915	582515471	0	0	0	0
1614772915	592545853	0	0	0	0
1614772915	602557629	0	0	0	0
1614772915	612546698	0	0	0	0
1614772915	622537514	0	0	0	0
1614772915	632505484	0	0	0	0
1614772915	642537502	0	0	0	0
1614772915	652597393	0	0	0	0
1614772915	662598298	0	0	0	0
1614772915	672552517	0	0	0	0
1614772915	682618603	0	0	0	0
1614772915	692693732	0	0	0	0
1614772915	702582049	0	0	0	0
1614772915	712576174	0	0	0	0
1614772915	722604656	0	0	0	0
1614772915	732587946	0	0	0	0
1614772915	742464905	0	0	0	0
1614772915	752592066	0	0	0	0
1614772915	762536650	0	0	0	0
1614772915	772632338	0	0	0	0
1614772915	782514887	0	0	0	0
1614772915	792645807	0	0	0	0
1614772915	802500009	0	0	0	0
1614772915	812585256	0	0	0	0
1614772915	822565504	0	0	0	0
1614772915	832612032	0	0	0	0
1614772915	842570502	0	0	0	0
1614772915	852557645	0	0	0	0
1614772915	862548756	0	0	0	0
1614772915	872613616	0	0	0	0
1614772915	882618958	0	0	0	0
1614772915	892535765	0	0	0	0
1614772915	902597470	0	0	0	0
1614772915	912594564	0	0	0	0
1614772915	922530306	0	0	0	0
1614772915	932615957	0	0	0	0
1614772915	942612182	0	0	0	0
1614772915	952671792	0	0	0	0
1614772915	962568561	0	0	0	0
1614772915	972628823	0	0	0	0
1614772915	982570083	0	0	0	0
1614772915	992612956	0	0	0	0
1614772916	2561127	0	0	0	0
1614772916	12558563	0	0	0	0
1614772916	22514250	0	0	0	0
1614772916	32519674	0	0	0	0
1614772916	42584931	0	0	0	0
1614772916	52625348	0	0	0	0
1614772916	62558977	0	0	0	0
1614772916	72554129	0	0	0	0
1614772916	82573233	0	0	0	0
1614772916	92528623	0	0	0	0
1614772916	102564252	0	0	0	0
1614772916	112506591	0	0	0	0
1614772916	122551756	0	0	0	0
1614772916	132588551	0	0	0	0
1614772916	142517483	0	0	0	0
1614772916	152532605	0	0	0	0
1614772916	162686642	0	0	0	0
1614772916	172553499	0	0	0	0
1614772916	182556622	0	0	0	0
1614772916	192553285	0	0	0	0
1614772916	202664731	0	0	0	0
1614772916	212529435	0	0	0	0
1614772916	222565042	0	0	0	0
1614772916	232575094	0	0	0	0
1614772916	242648965	0	0	0	0
1614772916	252551394	0	0	0	0
1614772916	262538469	0	0	0	0
1614772916	272525409	0	0	0	0
1614772916	282551554	0	0	0	0
1614772916	292599845	0	0	0	0
1614772916	302515231	0	0	0	0
1614772916	312537334	0	0	0	0
1614772916	322525758	0	0	0	0
1614772916	332506958	0	0	0	0
1614772916	342576115	0	0	0	0
1614772916	352504766	0	0	0	0
1614772916	362518972	0	0	0	0
1614772916	372610856	0	0	0	0
1614772916	382599365	0	0	0	0
1614772916	392694135	0	0	0	0
1614772916	402629379	0	0	0	0
1614772916	412663405	0	0	0	0
1614772916	422520745	0	0	0	0
1614772916	432532919	0	0	0	0
1614772916	442580667	0	0	0	0
1614772916	452541391	0	0	0	0
1614772916	462542811	0	0	0	0
1614772916	472618837	0	0	0	0
1614772916	482634859	0	0	0	0
1614772916	492752459	0	0	0	0
1614772916	502679729	0	0	0	0
1614772916	512562048	0	0	0	0
1614772916	522551155	0	0	0	0
1614772916	532580862	0	0	0	0
1614772916	542621706	0	0	0	0
1614772916	552592445	0	0	0	0
1614772916	562606869	0	0	0	0
1614772916	572593253	0	0	0	0
1614772916	582629668	0	0	0	0
1614772916	592574539	0	0	0	0
1614772916	602554735	0	0	0	0
1614772916	612558102	0	0	0	0
1614772916	622609361	0	0	0	0
1614772916	632529254	0	0	0	0
1614772916	642560819	0	0	0	0
1614772916	652636328	0	0	0	0
1614772916	662513991	0	0	0	0
1614772916	672535717	0	0	0	0
1614772916	682626881	0	0	0	0
1614772916	692598288	0	0	0	0
1614772916	702592838	0	0	0	0
1614772916	712596068	0	0	0	0
1614772916	722575826	0	0	0	0
1614772916	732638980	0	0	0	0
1614772916	743004096	0	0	0	0
1614772916	752501887	0	0	0	0
1614772916	762544223	0	0	0	0
1614772916	772583758	0	0	0	0
1614772916	782543828	0	0	0	0
1614772916	792577023	0	0	0	0
1614772916	802591384	0	0	0	0
1614772916	812567076	0	0	0	0
1614772916	822501790	0	0	0	0
1614772916	832644427	0	0	0	0
1614772916	842577346	0	0	0	0
1614772916	852575084	0	0	0	0
1614772916	862607416	0	0	0	0
1614772916	872543597	0	0	0	0
1614772916	882589321	0	0	0	0
1614772916	892624670	0	0	0	0
1614772916	902511677	0	0	0	0
1614772916	912526271	0	0	0	0
1614772916	922570401	0	0	0	0
1614772916	932557278	0	0	0	0
1614772916	942517289	0	0	0	0
1614772916	952539997	0	0	0	0
1614772916	962630205	0	0	0	0
1614772916	972626940	0	0	0	0
1614772916	982577868	0	0	0	0
1614772916	992600348	0	0	0	0
1614772917	2595418	0	0	0	0
1614772917	12553604	0	0	0	0
1614772917	22642457	0	0	0	0
1614772917	32620155	0	0	0	0
1614772917	42567307	0	0	0	0
1614772917	52609480	0	0	0	0
1614772917	62550183	0	0	0	0
1614772917	72625734	0	0	0	0
1614772917	82631993	0	0	0	0
1614772917	92511144	0	0	0	0
1614772917	102528876	0	0	0	0
1614772917	112620084	0	0	0	0
1614772917	122568865	0	0	0	0
1614772917	132536807	0	0	0	0
1614772917	142585261	0	0	0	0
1614772917	152535190	0	0	0	0
1614772917	162578491	0	0	0	0
1614772917	172666247	0	0	0	0
1614772917	182610004	0	0	0	0
1614772917	192610501	0	0	0	0
1614772917	202619034	0	0	0	0
1614772917	212618268	0	0	0	0
1614772917	222611985	0	0	0	0
1614772917	232617210	0	0	0	0
1614772917	242573256	0	0	0	0
1614772917	252556763	0	0	0	0
1614772917	262632740	0	0	0	0
1614772917	272612591	0	0	0	0
1614772917	282563242	0	0	0	0
1614772917	292596723	0	0	0	0
1614772917	302571480	0	0	0	0
1614772917	312563638	0	0	0	0
1614772917	322586234	0	0	0	0
1614772917	332563736	0	0	0	0
1614772917	342569138	0	0	0	0
1614772917	352619582	0	0	0	0
1614772917	362572961	0	0	0	0
1614772917	372604145	0	0	0	0
1614772917	382680416	0	0	0	0
1614772917	392644717	0	0	0	0
1614772917	402570077	0	0	0	0
1614772917	412612760	0	0	0	0
1614772917	422547925	0	0	0	0
1614772917	432625766	0	0	0	0
1614772917	442610374	0	0	0	0
1614772917	452586392	0	0	0	0
1614772917	462620305	0	0	0	0
1614772917	472604812	0	0	0	0
1614772917	482605748	0	0	0	0
1614772917	492532823	0	0	0	0
1614772917	502594097	0	0	0	0
1614772917	512588831	0	0	0	0
1614772917	522572800	0	0	0	0
1614772917	532580099	0	0	0	0
1614772917	542562291	0	0	0	0
1614772917	552545337	0	0	0	0
1614772917	562516836	0	0	0	0
1614772917	572616703	0	0	0	0
1614772917	582642548	0	0	0	0
1614772917	592654320	0	0	0	0
1614772917	602685450	0	0	0	0
1614772917	612557143	0	0	0	0
1614772917	622505065	0	0	0	0
1614772917	632523824	0	0	0	0
1614772917	642540956	0	0	0	0
1614772917	652549398	0	0	0	0
1614772917	662659913	0	0	0	0
1614772917	672527677	0	0	0	0
1614772917	682539545	0	0	0	0
1614772917	692620694	0	0	0	0
1614772917	702673266	0	0	0	0
1614772917	712583900	0	0	0	0
1614772917	722668216	0	0	0	0
1614772917	732550502	0	0	0	0
1614772917	742651598	0	0	0	0
1614772917	752614709	0	0	0	0
1614772917	762629852	0	0	0	0
1614772917	772599214	0	0	0	0
1614772917	782597265	0	0	0	0
1614772917	792654660	0	0	0	0
1614772917	802620126	0	0	0	0
1614772917	812632188	0	0	0	0
1614772917	822631142	0	0	0	0
1614772917	832635826	0	0	0	0
1614772917	842531158	0	0	0	0
1614772917	852618875	0	0	0	0
1614772917	862608826	0	0	0	0
1614772917	872536500	0	0	0	0
1614772917	882574930	0	0	0	0
1614772917	892623262	0	0	0	0
1614772917	902600206	0	0	0	0
1614772917	912589918	0	0	0	0
1614772917	922585227	0	0	0	0
1614772917	932602512	0	0	0	0
1614772917	942574997	0	0	0	0
1614772917	952559427	0	0	0	0
1614772917	962511552	0	0	0	0
1614772917	972629078	0	0	0	0
1614772917	982527388	0	0	0	0
1614772917	992538255	0	0	0	0
1614772918	2671575	0	0	0	0
1614772918	12652717	0	0	0	0
1614772918	22558017	0	0	0	0
1614772918	32609048	0	0	0	0
1614772918	42532212	0	0	0	0
1614772918	52675531	0	0	0	0
1614772918	62595150	0	0	0	0
1614772918	72616399	0	0	0	0
1614772918	82553436	0	0	0	0
1614772918	92672562	0	0	0	0
1614772918	102608997	0	0	0	0
1614772918	112678643	0	0	0	0
1614772918	122690916	0	0	0	0
1614772918	132641170	0	0	0	0
1614772918	142645987	0	0	0	0
1614772918	152717700	0	0	0	0
1614772918	162636181	0	0	0	0
1614772918	172521916	0	0	0	0
1614772918	182567426	0	0	0	0
1614772918	192621446	0	0	0	0
1614772918	202636690	0	0	0	0
1614772918	212554471	0	0	0	0
1614772918	222640729	0	0	0	0
1614772918	232633091	0	0	0	0
1614772918	242536215	0	0	0	0
1614772918	252663221	0	0	0	0
1614772918	262663051	0	0	0	0
1614772918	272656778	0	0	0	0
1614772918	282576787	0	0	0	0
1614772918	292609105	0	0	0	0
1614772918	302574895	0	0	0	0
1614772918	312596083	0	0	0	0
1614772918	322576104	0	0	0	0
1614772918	332650339	0	0	0	0
1614772918	342593477	0	0	0	0
1614772918	352549465	0	0	0	0
1614772918	362510047	0	0	0	0
1614772918	372640380	0	0	0	0
1614772918	382609404	0	0	0	0
1614772918	392585960	0	0	0	0
1614772918	402601656	0	0	0	0
1614772918	412617833	0	0	0	0
1614772918	422540124	0	0	0	0
1614772918	432568964	0	0	0	0
1614772918	442590957	0	0	0	0
1614772918	452629679	0	0	0	0
1614772918	462604001	0	0	0	0
1614772918	472613102	0	0	0	0
1614772918	482628679	0	0	0	0
1614772918	492624496	0	0	0	0
1614772918	502580467	0	0	0	0
1614772918	512517148	0	0	0	0
1614772918	522623941	0	0	0	0
1614772918	532565992	0	0	0	0
1614772918	542589988	0	0	0	0
1614772918	552679434	0	0	0	0
1614772918	562554306	0	0	0	0
1614772918	572616983	0	0	0	0
1614772918	582609656	0	0	0	0
1614772918	592664742	0	0	0	0
1614772918	602556176	0	0	0	0
1614772918	612543190	0	0	0	0
1614772918	622645290	0	0	0	0
1614772918	632629542	0	0	0	0
1614772918	642534065	0	0	0	0
1614772918	652568914	0	0	0	0
1614772918	662595993	0	0	0	0
1614772918	672537612	0	0	0	0
1614772918	682627136	0	0	0	0
1614772918	692617367	0	0	0	0
1614772918	702656982	0	0	0	0
1614772918	712607876	0	0	0	0
1614772918	722525961	0	0	0	0
1614772918	732589641	0	0	0	0
1614772918	742633511	0	0	0	0
1614772918	752612135	0	0	0	0
1614772918	762518736	0	0	0	0
1614772918	772586529	0	0	0	0
1614772918	782558004	0	0	0	0
1614772918	792662068	0	0	0	0
1614772918	802599531	0	0	0	0
1614772918	812588466	0	0	0	0
1614772918	822650281	0	0	0	0
1614772918	832625964	0	0	0	0
1614772918	842557554	0	0	0	0
1614772918	852712528	0	0	0	0
1614772918	862546946	0	0	0	0
1614772918	872594184	0	0	0	0
1614772918	882592669	0	0	0	0
1614772918	892671067	0	0	0	0
1614772918	902591373	0	0	0	0
1614772918	912494707	0	0	0	0
1614772918	922562870	0	0	0	0
1614772918	932609097	0	0	0	0
1614772918	942601890	0	0	0	0
1614772918	952612605	0	0	0	0
1614772918	962609060	0	0	0	0
1614772918	972588372	0	0	0	0
1614772918	982675732	0	0	0	0
1614772918	992603854	0	0	0	0
1614772919	2592439	0	0	0	0
1614772919	12604878	0	0	0	0
1614772919	22580604	0	0	0	0
1614772919	32610946	0	0	0	0
1614772919	42602119	0	0	0	0
1614772919	52663220	0	0	0	0
1614772919	62470172	0	0	0	0
1614772919	72588320	0	0	0	0
1614772919	82695242	0	0	0	0
1614772919	92565516	0	0	0	0
1614772919	102536718	0	0	0	0
1614772919	112642023	0	0	0	0
1614772919	122546858	0	0	0	0
1614772919	132541335	0	0	0	0
1614772919	142645117	0	0	0	0
1614772919	152570125	0	0	0	0
1614772919	162528964	0	0	0	0
1614772919	172653356	0	0	0	0
1614772919	182600568	0	0	0	0
1614772919	192638318	0	0	0	0
1614772919	202641531	0	0	0	0
1614772919	212681913	0	0	0	0
1614772919	222573388	0	0	0	0
1614772919	232605136	0	0	0	0
1614772919	242602590	0	0	0	0
1614772919	252618640	0	0	0	0
1614772919	262607575	0	0	0	0
1614772919	272602032	0	0	0	0
1614772919	282581219	0	0	0	0
1614772919	292639293	0	0	0	0
1614772919	302611351	0	0	0	0
1614772919	312525902	0	0	0	0
1614772919	322663684	0	0	0	0
1614772919	332610763	0	0	0	0
1614772919	342613671	0	0	0	0
1614772919	352643751	0	0	0	0
1614772919	362561124	0	0	0	0
1614772919	372568561	0	0	0	0
1614772919	382635848	0	0	0	0
1614772919	392687718	0	0	0	0
1614772919	402560855	0	0	0	0
1614772919	412553669	0	0	0	0
1614772919	422556117	0	0	0	0
1614772919	433021731	0	0	0	0
1614772919	442659717	0	0	0	0
1614772919	452661332	0	0	0	0
1614772919	462626198	0	0	0	0
1614772919	472644446	0	0	0	0
1614772919	482702848	0	0	0	0
1614772919	492638989	0	0	0	0
1614772919	502655911	0	0	0	0
1614772919	512635288	0	0	0	0
1614772919	522547904	0	0	0	0
1614772919	532544556	0	0	0	0
1614772919	542684046	0	0	0	0
1614772919	552599384	0	0	0	0
1614772919	562575113	0	0	0	0
1614772919	572645925	0	0	0	0
1614772919	582690161	0	0	0	0
1614772919	592622754	0	0	0	0
1614772919	602650566	0	0	0	0
1614772919	612659938	0	0	0	0
1614772919	622600452	0	0	0	0
1614772919	632651550	0	0	0	0
1614772919	642560287	0	0	0	0
1614772919	652561518	0	0	0	0
1614772919	662610343	0	0	0	0
1614772919	672587784	0	0	0	0
1614772919	682558574	0	0	0	0
1614772919	692678177	0	0	0	0
1614772919	702555908	0	0	0	0
1614772919	712512284	0	0	0	0
1614772919	722581439	0	0	0	0
1614772919	732558477	0	0	0	0
1614772919	742640222	0	0	0	0
1614772919	752601946	0	0	0	0
1614772919	762511970	0	0	0	0
1614772919	772599631	0	0	0	0
1614772919	782744584	0	0	0	0
1614772919	792617857	0	0	0	0
1614772919	802584158	0	0	0	0
1614772919	812672703	0	0	0	0
1614772919	822601189	0	0	0	0
1614772919	832605836	0	0	0	0
1614772919	842714832	0	0	0	0
1614772919	852598766	0	0	0	0
1614772919	862550597	0	0	0	0
1614772919	872594535	0	0	0	0
1614772919	882559675	0	0	0	0
1614772919	892590090	0	0	0	0
1614772919	902664602	0	0	0	0
1614772919	912572488	0	0	0	0
1614772919	922595291	0	0	0	0
1614772919	932601507	0	0	0	0
1614772919	942602005	0	0	0	0
1614772919	952579692	0	0	0	0
1614772919	962627727	0	0	0	0
1614772919	972668138	0	0	0	0
1614772919	982610162	0	0	0	0
1614772919	992635463	0	0	0	0
1614772920	2612006	0	0	0	0
1614772920	12598414	0	0	0	0
1614772920	22620736	0	0	0	0
1614772920	32631541	0	0	0	0
1614772920	42750379	0	0	0	0
1614772920	52638513	0	0	0	0
1614772920	62616674	0	0	0	0
1614772920	72588861	0	0	0	0
1614772920	82622267	0	0	0	0
1614772920	92805988	0	0	0	0
1614772920	102606654	0	0	0	0
1614772920	112610726	0	0	0	0
1614772920	122676991	0	0	0	0
1614772920	132643231	0	0	0	0
1614772920	142708593	0	0	0	0
1614772920	152633689	0	0	0	0
1614772920	162532997	0	0	0	0
1614772920	172596889	0	0	0	0
1614772920	182668458	0	0	0	0
1614772920	192606000	0	0	0	0
1614772920	202615411	0	0	0	0
1614772920	212577961	0	0	0	0
1614772920	222592757	0	0	0	0
1614772920	232638651	0	0	0	0
1614772920	242658616	0	0	0	0
1614772920	252599340	0	0	0	0
1614772920	262612327	0	0	0	0
1614772920	272621509	0	0	0	0
1614772920	282757272	0	0	0	0
1614772920	292736011	0	0	0	0
1614772920	302617036	0	0	0	0
1614772920	312556397	0	0	0	0
1614772920	322625622	0	0	0	0
1614772920	332580726	0	0	0	0
1614772920	342665944	0	0	0	0
1614772920	352646410	0	0	0	0
1614772920	362569242	0	0	0	0
1614772920	372577580	0	0	0	0
1614772920	382718887	0	0	0	0
1614772920	392575254	0	0	0	0
1614772920	402645266	0	0	0	0
1614772920	412591094	0	0	0	0
1614772920	422601911	0	0	0	0
1614772920	432692661	0	0	0	0
1614772920	442612563	0	0	0	0
1614772920	452608953	0	0	0	0
1614772920	462556825	0	0	0	0
1614772920	472628251	0	0	0	0
1614772920	482653500	0	0	0	0
1614772920	492731468	0	0	0	0
1614772920	502570838	0	0	0	0
1614772920	512642927	0	0	0	0
1614772920	522711395	0	0	0	0
1614772920	532655210	0	0	0	0
1614772920	542550024	0	0	0	0
1614772920	552657502	0	0	0	0
1614772920	562614434	0	0	0	0
1614772920	572552162	0	0	0	0
1614772920	582662898	0	0	0	0
1614772920	592692113	0	0	0	0
1614772920	602613464	0	0	0	0
1614772920	612581023	0	0	0	0
1614772920	622601048	0	0	0	0
1614772920	632703320	0	0	0	0
1614772920	642668265	0	0	0	0
1614772920	652686811	0	0	0	0
1614772920	662554529	0	0	0	0
1614772920	672595171	0	0	0	0
1614772920	682682097	0	0	0	0
1614772920	692667162	0	0	0	0
1614772920	702648866	0	0	0	0
1614772920	712659556	0	0	0	0
1614772920	722591068	0	0	0	0
1614772920	732643849	0	0	0	0
1614772920	742649115	0	0	0	0
1614772920	752702428	0	0	0	0
1614772920	762613033	0	0	0	0
1614772920	772625008	0	0	0	0
1614772920	782706077	0	0	0	0
1614772920	792648912	0	0	0	0
1614772920	802650211	0	0	0	0
1614772920	812584034	0	0	0	0
1614772920	822665264	0	0	0	0
1614772920	832644517	0	0	0	0
1614772920	842678971	0	0	0	0
1614772920	852645356	0	0	0	0
1614772920	862626758	0	0	0	0
1614772920	872658250	0	0	0	0
1614772920	882609591	0	0	0	0
1614772920	892707174	0	0	0	0
1614772920	902606867	0	0	0	0
1614772920	912616038	0	0	0	0
1614772920	922652693	0	0	0	0
1614772920	932664331	0	0	0	0
1614772920	942571715	0	0	0	0
1614772920	952613680	0	0	0	0
1614772920	962543975	0	0	0	0
1614772920	972596993	0	0	0	0
1614772920	982686335	0	0	0	0
1614772920	992593989	0	0	0	0
1614772921	2702946	0	0	0	0
1614772921	12610211	0	0	0	0
1614772921	22570157	0	0	0	0
1614772921	32715713	0	0	0	0
1614772921	42651375	0	0	0	0
1614772921	52638649	0	0	0	0
1614772921	62653129	0	0	0	0
1614772921	72538212	0	0	0	0
1614772921	82611877	0	0	0	0
1614772921	92546245	0	0	0	0
1614772921	102656936	0	0	0	0
1614772921	112671868	0	0	0	0
1614772921	122575699	0	0	0	0
1614772921	132628310	0	0	0	0
1614772921	142569654	0	0	0	0
1614772921	152665781	0	0	0	0
1614772921	162606156	0	0	0	0
1614772921	172593788	0	0	0	0
1614772921	182695462	0	0	0	0
1614772921	192616801	0	0	0	0
1614772921	202656696	0	0	0	0
1614772921	212664001	0	0	0	0
1614772921	222573600	0	0	0	0
1614772921	232662932	0	0	0	0
1614772921	242655956	0	0	0	0
1614772921	252589421	0	0	0	0
1614772921	262609263	0	0	0	0
1614772921	272555415	0	0	0	0
1614772921	282622527	0	0	0	0
1614772921	292669486	0	0	0	0
1614772921	302612397	0	0	0	0
1614772921	312574702	0	0	0	0
1614772921	322645205	0	0	0	0
1614772921	332720053	0	0	0	0
1614772921	342580389	0	0	0	0
1614772921	352671246	0	0	0	0
1614772921	362550757	0	0	0	0
1614772921	372672904	0	0	0	0
1614772921	382620176	0	0	0	0
1614772921	392643275	0	0	0	0
1614772921	402656961	0	0	0	0
1614772921	412577707	0	0	0	0
1614772921	422742434	0	0	0	0
1614772921	432710906	0	0	0	0
1614772921	442658818	0	0	0	0
1614772921	452651398	0	0	0	0
1614772921	462724366	0	0	0	0
1614772921	472719005	0	0	0	0
1614772921	482622015	0	0	0	0
1614772921	492696277	0	0	0	0
1614772921	502698929	0	0	0	0
1614772921	512600327	0	0	0	0
1614772921	522712746	0	0	0	0
1614772921	532697713	0	0	0	0
1614772921	542704568	0	0	0	0
1614772921	552656478	0	0	0	0
1614772921	562613431	0	0	0	0
1614772921	572767103	0	0	0	0
1614772921	582665552	0	0	0	0
1614772921	592714679	0	0	0	0
1614772921	602662560	0	0	0	0
1614772921	612621953	0	0	0	0
1614772921	622703073	0	0	0	0
1614772921	632628123	0	0	0	0
1614772921	642669304	0	0	0	0
1614772921	652569347	0	0	0	0
1614772921	662650552	0	0	0	0
1614772921	672641962	0	0	0	0
1614772921	682577306	0	0	0	0
1614772921	692654699	0	0	0	0
1614772921	702612719	0	0	0	0
1614772921	712635715	0	0	0	0
1614772921	722647192	0	0	0	0
1614772921	732599331	0	0	0	0
1614772921	742688684	0	0	0	0
1614772921	752676444	0	0	0	0
1614772921	762598831	0	0	0	0
1614772921	772645634	0	0	0	0
1614772921	782675352	0	0	0	0
1614772921	792747354	0	0	0	0
1614772921	802707703	0	0	0	0
1614772921	812663558	0	0	0	0
1614772921	822773755	0	0	0	0
1614772921	832738006	0	0	0	0
1614772921	842652016	0	0	0	0
1614772921	852738117	0	0	0	0
1614772921	862671847	0	0	0	0
1614772921	872772876	0	0	0	0
1614772921	882708801	0	0	0	0
1614772921	892662476	0	0	0	0
1614772921	902608854	0	0	0	0
1614772921	912661845	0	0	0	0
1614772921	922767010	0	0	0	0
1614772921	932723629	0	0	0	0
1614772921	942696702	0	0	0	0
1614772921	952591147	0	0	0	0
1614772921	962611638	0	0	0	0
1614772921	972788951	0	0	0	0
1614772921	982811098	0	0	0	0
1614772921	992795949	0	0	0	0
1614772922	2753495	0	0	0	0
1614772922	12647429	0	0	0	0
1614772922	22724849	0	0	0	0
1614772922	32719587	0	0	0	0
1614772922	42748001	0	0	0	0
1614772922	52628997	0	0	0	0
1614772922	62656389	0	0	0	0
1614772922	72787712	0	0	0	0
1614772922	82715569	0	0	0	0
1614772922	92720155	0	0	0	0
1614772922	102661451	0	0	0	0
1614772922	112666101	0	0	0	0
1614772922	122736266	0	0	0	0
1614772922	132704888	0	0	0	0
1614772922	142762779	0	0	0	0
1614772922	152755023	0	0	0	0
1614772922	162656721	0	0	0	0
1614772922	172706192	0	0	0	0
1614772922	182664200	0	0	0	0
1614772922	192724542	0	0	0	0
1614772922	202628753	0	0	0	0
1614772922	212702819	0	0	0	0
1614772922	222765923	0	0	0	0
1614772922	232606829	0	0	0	0
1614772922	242720687	0	0	0	0
1614772922	252660051	0	0	0	0
1614772922	262634942	0	0	0	0
1614772922	272757995	0	0	0	0
1614772922	282686012	0	0	0	0
1614772922	292660671	0	0	0	0
1614772922	302593357	0	0	0	0
1614772922	312655550	0	0	0	0
1614772922	322728844	0	0	0	0
1614772922	332636244	0	0	0	0
1614772922	342767030	0	0	0	0
1614772922	352712888	0	0	0	0
1614772922	362687094	0	0	0	0
1614772922	372885652	0	0	0	0
1614772922	382615948	0	0	0	0
1614772922	392689320	0	0	0	0
1614772922	402643319	0	0	0	0
1614772922	412631313	0	0	0	0
1614772922	422773606	0	0	0	0
1614772922	432665315	0	0	0	0
1614772922	442713982	0	0	0	0
1614772922	452608913	0	0	0	0
1614772922	462618358	0	0	0	0
1614772922	472701809	0	0	0	0
1614772922	482684462	0	0	0	0
1614772922	493085955	0	0	0	0
1614772922	502607688	0	0	0	0
1614772922	512676862	0	0	0	0
1614772922	522762818	0	0	0	0
1614772922	532692184	0	0	0	0
1614772922	542687565	0	0	0	0
1614772922	552680332	0	0	0	0
1614772922	562695276	0	0	0	0
1614772922	572741084	0	0	0	0
1614772922	582662289	0	0	0	0
1614772922	592684672	0	0	0	0
1614772922	602721634	0	0	0	0
1614772922	612646692	0	0	0	0
1614772922	622696615	0	0	0	0
1614772922	632667688	0	0	0	0
1614772922	642842260	0	0	0	0
1614772922	652689625	0	0	0	0
1614772922	662670312	0	0	0	0
1614772922	672713760	0	0	0	0
1614772922	683298280	0	0	0	0
1614772922	692756786	0	0	0	0
1614772922	702730707	0	0	0	0
1614772922	712596655	0	0	0	0
1614772922	722647894	0	0	0	0
1614772922	732671853	0	0	0	0
1614772922	742722376	0	0	0	0
1614772922	752739793	0	0	0	0
1614772922	762726573	0	0	0	0
1614772922	772697708	0	0	0	0
1614772922	782765541	0	0	0	0
1614772922	792700516	0	0	0	0
1614772922	802728876	0	0	0	0
1614772922	812634889	0	0	0	0
1614772922	822720542	0	0	0	0
1614772922	832756966	0	0	0	0
1614772922	842684046	0	0	0	0
1614772922	852706877	0	0	0	0
1614772922	862634035	0	0	0	0
1614772922	872688416	0	0	0	0
1614772922	882842048	0	0	0	0
1614772922	892770757	0	0	0	0
1614772922	902751096	0	0	0	0
1614772922	912654757	0	0	0	0
1614772922	922720747	0	0	0	0
1614772922	932688470	0	0	0	0
1614772922	942724158	0	0	0	0
1614772922	952650408	0	0	0	0
1614772922	962723684	0	0	0	0
1614772922	972717050	0	0	0	0
1614772922	982694128	0	0	0	0
1614772922	992655129	0	0	0	0
1614772923	2717402	0	0	0	0
1614772923	12631017	0	0	0	0
1614772923	22669494	0	0	0	0
1614772923	32801700	0	0	0	0
1614772923	42628677	0	0	0	0
1614772923	52689255	0	0	0	0
1614772923	62775110	0	0	0	0
1614772923	72589711	0	0	0	0
1614772923	82620198	0	0	0	0
1614772923	92734952	0	0	0	0
1614772923	102651796	0	0	0	0
1614772923	112525569	0	0	0	0
1614772923	122611624	0	0	0	0
1614772923	132593174	0	0	0	0
1614772923	142718856	0	0	0	0
1614772923	152686966	0	0	0	0
1614772923	162685194	0	0	0	0
1614772923	172649595	0	0	0	0
1614772923	182725239	0	0	0	0
1614772923	192653746	0	0	0	0
1614772923	202610465	0	0	0	0
1614772923	212634395	0	0	0	0
1614772923	222619200	0	0	0	0
1614772923	232576654	0	0	0	0
1614772923	242632920	0	0	0	0
1614772923	252596628	0	0	0	0
1614772923	262643331	0	0	0	0
1614772923	272603252	0	0	0	0
1614772923	282647082	0	0	0	0
1614772923	292754209	0	0	0	0
1614772923	302709051	0	0	0	0
1614772923	312650260	0	0	0	0
1614772923	322674849	0	0	0	0
1614772923	332702804	0	0	0	0
1614772923	342683315	0	0	0	0
1614772923	352702422	0	0	0	0
1614772923	362668006	0	0	0	0
1614772923	372643842	0	0	0	0
1614772923	382657224	0	0	0	0
1614772923	392668024	0	0	0	0
1614772923	402732314	0	0	0	0
1614772923	412572415	0	0	0	0
1614772923	422673167	0	0	0	0
1614772923	432690908	0	0	0	0
1614772923	442807190	0	0	0	0
1614772923	452703633	0	0	0	0
1614772923	462635904	0	0	0	0
1614772923	472679100	0	0	0	0
1614772923	482651582	0	0	0	0
1614772923	492632366	0	0	0	0
1614772923	502733305	0	0	0	0
1614772923	512598698	0	0	0	0
1614772923	522620311	0	0	0	0
1614772923	532734157	0	0	0	0
1614772923	542618775	0	0	0	0
1614772923	552586587	0	0	0	0
1614772923	562665397	0	0	0	0
1614772923	572641250	0	0	0	0
1614772923	582666071	0	0	0	0
1614772923	592675099	0	0	0	0
1614772923	602643179	0	0	0	0
1614772923	612672065	0	0	0	0
1614772923	622740706	0	0	0	0
1614772923	632624680	0	0	0	0
1614772923	642659916	0	0	0	0
1614772923	652631719	0	0	0	0
1614772923	662725492	0	0	0	0
1614772923	672637021	0	0	0	0
1614772923	682617261	0	0	0	0
1614772923	692728030	0	0	0	0
1614772923	702685403	0	0	0	0
1614772923	712599557	0	0	0	0
1614772923	722685763	0	0	0	0
1614772923	732720532	0	0	0	0
1614772923	742632592	0	0	0	0
1614772923	752647510	0	0	0	0
1614772923	762663945	0	0	0	0
1614772923	772663183	0	0	0	0
1614772923	782733717	0	0	0	0
1614772923	792686871	0	0	0	0
1614772923	802654760	0	0	0	0
1614772923	812715061	0	0	0	0
1614772923	822653380	0	0	0	0
1614772923	832685367	0	0	0	0
1614772923	842716255	0	0	0	0
1614772923	852648650	0	0	0	0
1614772923	862706712	0	0	0	0
1614772923	872666573	0	0	0	0
1614772923	882719983	0	0	0	0
1614772923	892676069	0	0	0	0
1614772923	902735780	0	0	0	0
1614772923	912589704	0	0	0	0
1614772923	922675978	0	0	0	0
1614772923	932748047	0	0	0	0
1614772923	942656085	0	0	0	0
1614772923	952664160	0	0	0	0
1614772923	962749975	0	0	0	0
1614772923	972625315	0	0	0	0
1614772923	982628563	0	0	0	0
1614772923	992633056	0	0	0	0
1614772924	2689839	0	0	0	0
1614772924	12712374	0	0	0	0
1614772924	22631872	0	0	0	0
1614772924	32631244	0	0	0	0
1614772924	42654959	0	0	0	0
1614772924	52674687	0	0	0	0
1614772924	62684955	0	0	0	0
1614772924	72652218	0	0	0	0
1614772924	82666321	0	0	0	0
1614772924	92724805	0	0	0	0
1614772924	102696373	0	0	0	0
1614772924	112677218	0	0	0	0
1614772924	122742800	0	0	0	0
1614772924	132727459	0	0	0	0
1614772924	142703895	0	0	0	0
1614772924	152746926	0	0	0	0
1614772924	162671234	0	0	0	0
1614772924	172679705	0	0	0	0
1614772924	182720505	0	0	0	0
1614772924	192653386	0	0	0	0
1614772924	202649512	0	0	0	0
1614772924	212669237	0	0	0	0
1614772924	222595929	0	0	0	0
1614772924	232671829	0	0	0	0
1614772924	242749379	0	0	0	0
1614772924	252645289	0	0	0	0
1614772924	262647076	0	0	0	0
1614772924	272654934	0	0	0	0
1614772924	282730998	0	0	0	0
1614772924	292601359	0	0	0	0
1614772924	302698296	0	0	0	0
1614772924	312599468	0	0	0	0
1614772924	322615246	0	0	0	0
1614772924	332631698	0	0	0	0
1614772924	342652421	0	0	0	0
1614772924	352586262	0	0	0	0
1614772924	362712681	0	0	0	0
1614772924	372677382	0	0	0	0
1614772924	382765535	0	0	0	0
1614772924	392665971	0	0	0	0
1614772924	402654303	0	0	0	0
1614772924	412676808	0	0	0	0
1614772924	422691337	0	0	0	0
1614772924	432703910	0	0	0	0
1614772924	442760757	0	0	0	0
1614772924	452658748	0	0	0	0
1614772924	462674804	0	0	0	0
1614772924	472682569	0	0	0	0
1614772924	482686871	0	0	0	0
1614772924	492692951	0	0	0	0
1614772924	502649626	0	0	0	0
1614772924	512657627	0	0	0	0
1614772924	522638230	0	0	0	0
1614772924	532690765	0	0	0	0
1614772924	542628524	0	0	0	0
1614772924	552729596	0	0	0	0
1614772924	562629616	0	0	0	0
1614772924	572722618	0	0	0	0
1614772924	582736804	0	0	0	0
1614772924	592645710	0	0	0	0
1614772924	602663722	0	0	0	0
1614772924	612697644	0	0	0	0
1614772924	622614492	0	0	0	0
1614772924	632622624	0	0	0	0
1614772924	642656776	0	0	0	0
1614772924	652686534	0	0	0	0
1614772924	662665674	0	0	0	0
1614772924	672749824	0	0	0	0
1614772924	682740654	0	0	0	0
1614772924	692697552	0	0	0	0
1614772924	702657542	0	0	0	0
1614772924	712763933	0	0	0	0
1614772924	722735199	0	0	0	0
1614772924	732707828	0	0	0	0
1614772924	742746617	0	0	0	0
1614772924	752671717	0	0	0	0
1614772924	762657092	0	0	0	0
1614772924	772670969	0	0	0	0
1614772924	782729819	0	0	0	0
1614772924	792668162	0	0	0	0
1614772924	802650512	0	0	0	0
1614772924	812690000	0	0	0	0
1614772924	822650890	0	0	0	0
1614772924	832676678	0	0	0	0
1614772924	842778625	0	0	0	0
1614772924	852594075	0	0	0	0
1614772924	862599976	0	0	0	0
1614772924	872671587	0	0	0	0
1614772924	882635821	0	0	0	0
1614772924	892806235	0	0	0	0
1614772924	902701451	0	0	0	0
1614772924	912645749	0	0	0	0
1614772924	922670650	0	0	0	0
1614772924	932716413	0	0	0	0
1614772924	942698248	0	0	0	0
1614772924	952668188	0	0	0	0
1614772924	962772270	0	0	0	0
1614772924	972639925	0	0	0	0
1614772924	982632148	0	0	0	0
1614772924	992718989	0	0	0	0
1614772925	2636798	0	0	0	0
1614772925	12688564	0	0	0	0
1614772925	22596352	0	0	0	0
1614772925	32712672	0	0	0	0
1614772925	42711658	0	0	0	0
1614772925	52692687	0	0	0	0
1614772925	62648302	0	0	0	0
1614772925	72624289	0	0	0	0
1614772925	82622525	0	0	0	0
1614772925	92694292	0	0	0	0
1614772925	102684914	0	0	0	0
1614772925	112693112	0	0	0	0
1614772925	122705081	0	0	0	0
1614772925	132670341	0	0	0	0
1614772925	142660110	0	0	0	0
1614772925	152691268	0	0	0	0
1614772925	162637725	0	0	0	0
1614772925	172768383	0	0	0	0
1614772925	182734872	0	0	0	0
1614772925	192651442	0	0	0	0
1614772925	202755710	0	0	0	0
1614772925	212689353	0	0	0	0
1614772925	222640083	0	0	0	0
1614772925	232741578	0	0	0	0
1614772925	242655348	0	0	0	0
1614772925	252668035	0	0	0	0
1614772925	262722456	0	0	0	0
1614772925	272710993	0	0	0	0
1614772925	282669063	0	0	0	0
1614772925	292699710	0	0	0	0
1614772925	302675399	0	0	0	0
1614772925	312724851	0	0	0	0
1614772925	322681081	0	0	0	0
1614772925	332644847	0	0	0	0
1614772925	342656820	0	0	0	0
1614772925	352664872	0	0	0	0
1614772925	362636068	0	0	0	0
1614772925	372688381	0	0	0	0
1614772925	382679481	0	0	0	0
1614772925	392733020	0	0	0	0
1614772925	402652866	0	0	0	0
1614772925	412656626	0	0	0	0
1614772925	422704322	0	0	0	0
1614772925	432637739	0	0	0	0
1614772925	442627618	0	0	0	0
1614772925	452665924	0	0	0	0
1614772925	462643544	0	0	0	0
1614772925	472642369	0	0	0	0
1614772925	482714339	0	0	0	0
1614772925	492695947	0	0	0	0
1614772925	502694015	0	0	0	0
1614772925	512724348	0	0	0	0
1614772925	522653542	0	0	0	0
1614772925	532690319	0	0	0	0
1614772925	542741218	0	0	0	0
1614772925	552680248	0	0	0	0
1614772925	562690057	0	0	0	0
1614772925	572895297	0	0	0	0
1614772925	582619431	0	0	0	0
1614772925	592704063	0	0	0	0
1614772925	602679189	0	0	0	0
1614772925	612640118	0	0	0	0
1614772925	622696616	0	0	0	0
1614772925	632636197	0	0	0	0
1614772925	642700679	0	0	0	0
1614772925	652626224	0	0	0	0
1614772925	662634292	0	0	0	0
1614772925	672662838	0	0	0	0
1614772925	682611858	0	0	0	0
1614772925	692786093	0	0	0	0
1614772925	702675176	0	0	0	0
1614772925	712662783	0	0	0	0
1614772925	722710124	0	0	0	0
1614772925	732716082	0	0	0	0
1614772925	742666972	0	0	0	0
1614772925	752738872	0	0	0	0
1614772925	762720337	0	0	0	0
1614772925	772691068	0	0	0	0
1614772925	782720286	0	0	0	0
1614772925	792707261	0	0	0	0
1614772925	802717706	0	0	0	0
1614772925	812689871	0	0	0	0
1614772925	822714718	0	0	0	0
1614772925	832653040	0	0	0	0
1614772925	842745770	0	0	0	0
1614772925	852711103	0	0	0	0
1614772925	862658325	0	0	0	0
1614772925	872602236	0	0	0	0
1614772925	882631412	0	0	0	0
1614772925	892704469	0	0	0	0
1614772925	902687538	0	0	0	0
1614772925	912726470	0	0	0	0
1614772925	922708584	0	0	0	0
1614772925	932741184	0	0	0	0
1614772925	942707730	0	0	0	0
1614772925	952794143	0	0	0	0
1614772925	962678127	0	0	0	0
1614772925	972732466	0	0	0	0
1614772925	982654935	0	0	0	0
1614772925	992683615	0	0	0	0
1614772926	2734647	0	0	0	0
1614772926	12668182	0	0	0	0
1614772926	22721475	0	0	0	0
1614772926	32668152	0	0	0	0
1614772926	42663350	0	0	0	0
1614772926	52707997	0	0	0	0
1614772926	62660948	0	0	0	0
1614772926	72741341	0	0	0	0
1614772926	82658423	0	0	0	0
1614772926	92699055	0	0	0	0
1614772926	102667756	0	0	0	0
1614772926	112718261	0	0	0	0
1614772926	122638835	0	0	0	0
1614772926	132646985	0	0	0	0
1614772926	142658889	0	0	0	0
1614772926	152713990	0	0	0	0
1614772926	162686279	0	0	0	0
1614772926	172656849	0	0	0	0
1614772926	182741752	0	0	0	0
1614772926	192714141	0	0	0	0
1614772926	202691400	0	0	0	0
1614772926	212667695	0	0	0	0
1614772926	222720335	0	0	0	0
1614772926	232714744	0	0	0	0
1614772926	242723892	0	0	0	0
1614772926	252723318	0	0	0	0
1614772926	262746738	0	0	0	0
1614772926	272648746	0	0	0	0
1614772926	282711173	0	0	0	0
1614772926	292694787	0	0	0	0
1614772926	302616295	0	0	0	0
1614772926	312764138	0	0	0	0
1614772926	322741083	0	0	0	0
1614772926	332684142	0	0	0	0
1614772926	342799631	0	0	0	0
1614772926	352682792	0	0	0	0
1614772926	362760318	0	0	0	0
1614772926	372702736	0	0	0	0
1614772926	382724711	0	0	0	0
1614772926	392652509	0	0	0	0
1614772926	402690303	0	0	0	0
1614772926	412668029	0	0	0	0
1614772926	422645537	0	0	0	0
1614772926	432723398	0	0	0	0
1614772926	442675973	0	0	0	0
1614772926	452636404	0	0	0	0
1614772926	462636978	0	0	0	0
1614772926	472754148	0	0	0	0
1614772926	482708840	0	0	0	0
1614772926	492769499	0	0	0	0
1614772926	502788254	0	0	0	0
1614772926	512719171	0	0	0	0
1614772926	522707042	0	0	0	0
1614772926	532767898	0	0	0	0
1614772926	542770817	0	0	0	0
1614772926	552719600	0	0	0	0
1614772926	562738214	0	0	0	0
1614772926	572725982	0	0	0	0
1614772926	582654983	0	0	0	0
1614772926	592890411	0	0	0	0
1614772926	602681278	0	0	0	0
1614772926	612638916	0	0	0	0
1614772926	622685764	0	0	0	0
