time_sec	time_nanosec	vc_des_0	vc_des_1	vc_des_2	vc_des_3
1614772900	102856894	0	0	0	0
1614772900	112805292	0	0	0	0
1614772900	122806970	0	0	0	0
1614772900	132878573	0	0	0	0
1614772900	142901127	0	0	0	0
1614772900	152858961	0	0	0	0
1614772900	162827234	0	0	0	0
1614772900	172762430	0	0	0	0
1614772900	182771818	0	0	0	0
1614772900	192820394	0	0	0	0
1614772900	202844266	0	0	0	0
1614772900	212920889	0	0	0	0
1614772900	223000858	0	0	0	0
1614772900	232956081	0	0	0	0
1614772900	242843247	0	0	0	0
1614772900	252960735	0	0	0	0
1614772900	262790212	0	0	0	0
1614772900	272913339	0	0	0	0
1614772900	282886246	0	0	0	0
1614772900	292718834	0	0	0	0
1614772900	302901652	0	0	0	0
1614772900	312915290	0	0	0	0
1614772900	322827001	0	0	0	0
1614772900	332837089	0	0	0	0
1614772900	342857871	0	0	0	0
1614772900	352847327	0	0	0	0
1614772900	362893902	0	0	0	0
1614772900	373004029	0	0	0	0
1614772900	382810464	0	0	0	0
1614772900	392732443	0	0	0	0
1614772900	402801328	0	0	0	0
1614772900	412730773	0	0	0	0
1614772900	422803480	0	0	0	0
1614772900	432779355	0	0	0	0
1614772900	442796618	0	0	0	0
1614772900	452874882	0	0	0	0
1614772900	462729372	0	0	0	0
1614772900	472771237	0	0	0	0
1614772900	482920144	0	0	0	0
1614772900	492723852	0	0	0	0
1614772900	502845775	0	0	0	0
1614772900	512759715	0	0	0	0
1614772900	522671990	0	0	0	0
1614772900	532906259	0	0	0	0
1614772900	542703778	0	0	0	0
1614772900	552777785	0	0	0	0
1614772900	562836425	0	0	0	0
1614772900	572823553	0	0	0	0
1614772900	582747973	0	0	0	0
1614772900	592826522	0	0	0	0
1614772900	602886624	0	0	0	0
1614772900	612760933	0	0	0	0
1614772900	622804424	0	0	0	0
1614772900	632801783	0	0	0	0
1614772900	642723048	0	0	0	0
1614772900	652792916	0	0	0	0
1614772900	662749220	0	0	0	0
1614772900	672764675	0	0	0	0
1614772900	682855048	0	0	0	0
1614772900	692763537	0	0	0	0
1614772900	702905073	0	0	0	0
1614772900	713007225	0	0	0	0
1614772900	722785253	0	0	0	0
1614772900	732791136	0	0	0	0
1614772900	742888148	0	0	0	0
1614772900	752859424	0	0	0	0
1614772900	762796225	0	0	0	0
1614772900	772803639	0	0	0	0
1614772900	782918006	0	0	0	0
1614772900	792965714	0	0	0	0
1614772900	803087392	0	0	0	0
1614772900	812954734	0	0	0	0
1614772900	822779916	0	0	0	0
1614772900	832840750	0	0	0	0
1614772900	842853408	0	0	0	0
1614772900	852898485	0	0	0	0
1614772900	862846952	0	0	0	0
1614772900	872772808	0	0	0	0
1614772900	882892505	0	0	0	0
1614772900	892781584	0	0	0	0
1614772900	902910605	0	0	0	0
1614772900	912890085	0	0	0	0
1614772900	922827323	0	0	0	0
1614772900	933019586	0	0	0	0
1614772900	942893056	0	0	0	0
1614772900	953019517	0	0	0	0
1614772900	962957771	0	0	0	0
1614772900	972971265	0	0	0	0
1614772900	982865164	0	0	0	0
1614772900	992866534	0	0	0	0
1614772901	2878158	0	0	0	0
1614772901	12948586	0	0	0	0
1614772901	22828446	0	0	0	0
1614772901	32877614	0	0	0	0
1614772901	43160935	0	0	0	0
1614772901	52867472	0	0	0	0
1614772901	62898522	0	0	0	0
1614772901	72793734	0	0	0	0
1614772901	82838015	0	0	0	0
1614772901	93351906	0	0	0	0
1614772901	103041943	0	0	0	0
1614772901	113001748	0	0	0	0
1614772901	122806104	0	0	0	0
1614772901	132849821	0	0	0	0
1614772901	142984913	0	0	0	0
1614772901	152877567	0	0	0	0
1614772901	164590829	0	0	0	0
1614772901	173060258	0	0	0	0
1614772901	183006376	0	0	0	0
1614772901	193062876	0	0	0	0
1614772901	203079255	0	0	0	0
1614772901	212961846	0	0	0	0
1614772901	222832943	0	0	0	0
1614772901	232978238	0	0	0	0
1614772901	242804324	0	0	0	0
1614772901	252857405	0	0	0	0
1614772901	262754498	0	0	0	0
1614772901	272824595	0	0	0	0
1614772901	282911343	0	0	0	0
1614772901	292826671	0	0	0	0
1614772901	302900337	0	0	0	0
1614772901	312978418	0	0	0	0
1614772901	322715936	0	0	0	0
1614772901	332939050	0	0	0	0
1614772901	342806867	0	0	0	0
1614772901	352730381	0	0	0	0
1614772901	362877690	0	0	0	0
1614772901	372835339	0	0	0	0
1614772901	382905629	0	0	0	0
1614772901	392741865	0	0	0	0
1614772901	403151258	0	0	0	0
1614772901	412827538	0	0	0	0
1614772901	422857761	0	0	0	0
1614772901	432900634	0	0	0	0
1614772901	442718980	0	0	0	0
1614772901	452959800	0	0	0	0
1614772901	462901303	0	0	0	0
1614772901	472855452	0	0	0	0
1614772901	482878837	0	0	0	0
1614772901	492922268	0	0	0	0
1614772901	502851479	0	0	0	0
1614772901	512883901	0	0	0	0
1614772901	522821417	0	0	0	0
1614772901	532743333	0	0	0	0
1614772901	542861094	0	0	0	0
1614772901	552885811	0	0	0	0
1614772901	562849975	0	0	0	0
1614772901	572827494	0	0	0	0
1614772901	582969991	0	0	0	0
1614772901	593090818	0	0	0	0
1614772901	602986470	0	0	0	0
1614772901	612929229	0	0	0	0
1614772901	622856370	0	0	0	0
1614772901	632944576	0	0	0	0
1614772901	642936979	0	0	0	0
1614772901	652941229	0	0	0	0
1614772901	662907743	0	0	0	0
1614772901	672819267	0	0	0	0
1614772901	682845969	0	0	0	0
1614772901	693036807	0	0	0	0
1614772901	703027778	0	0	0	0
1614772901	713327389	0	0	0	0
1614772901	722823501	0	0	0	0
1614772901	732991207	0	0	0	0
1614772901	743583139	0	0	0	0
1614772901	752860031	0	0	0	0
1614772901	762971168	0	0	0	0
1614772901	772855491	0	0	0	0
1614772901	782848661	0	0	0	0
1614772901	792938125	0	0	0	0
1614772901	803064370	0	0	0	0
1614772901	812895992	0	0	0	0
1614772901	822801537	0	0	0	0
1614772901	832881502	0	0	0	0
1614772901	842860028	0	0	0	0
1614772901	852964984	0	0	0	0
1614772901	862943083	0	0	0	0
1614772901	872901529	0	0	0	0
1614772901	882900672	0	0	0	0
1614772901	892891790	0	0	0	0
1614772901	903021396	0	0	0	0
1614772901	913089604	0	0	0	0
1614772901	922890758	0	0	0	0
1614772901	932988001	0	0	0	0
1614772901	942942904	0	0	0	0
1614772901	952900260	0	0	0	0
1614772901	962759777	0	0	0	0
1614772901	972785227	0	0	0	0
1614772901	982925989	0	0	0	0
1614772901	992861005	0	0	0	0
1614772902	2848839	0	0	0	0
1614772902	12883357	0	0	0	0
1614772902	22869992	0	0	0	0
1614772902	33497673	0	0	0	0
1614772902	42789810	0	0	0	0
1614772902	52853996	0	0	0	0
1614772902	62918434	0	0	0	0
1614772902	72894478	0	0	0	0
1614772902	82801794	0	0	0	0
1614772902	92963317	0	0	0	0
1614772902	102915684	0	0	0	0
1614772902	112755618	0	0	0	0
1614772902	122786637	0	0	0	0
1614772902	132879246	0	0	0	0
1614772902	142728323	0	0	0	0
1614772902	152797503	0	0	0	0
1614772902	162781364	0	0	0	0
1614772902	172909682	0	0	0	0
1614772902	182842693	0	0	0	0
1614772902	193039861	0	0	0	0
1614772902	202941046	0	0	0	0
1614772902	212807530	0	0	0	0
1614772902	222818322	0	0	0	0
1614772902	232839867	0	0	0	0
1614772902	242748957	0	0	0	0
1614772902	252890800	0	0	0	0
1614772902	262919034	0	0	0	0
1614772902	272823196	0	0	0	0
1614772902	282904830	0	0	0	0
1614772902	292860183	0	0	0	0
1614772902	302838173	0	0	0	0
1614772902	313118493	0	0	0	0
1614772902	322859918	0	0	0	0
1614772902	332972376	0	0	0	0
1614772902	342851807	0	0	0	0
1614772902	352955469	0	0	0	0
1614772902	362901841	0	0	0	0
1614772902	373127479	0	0	0	0
1614772902	383205234	0	0	0	0
1614772902	392858950	0	0	0	0
1614772902	402911712	0	0	0	0
1614772902	412922995	0	0	0	0
1614772902	422856022	0	0	0	0
1614772902	433047824	0	0	0	0
1614772902	442726642	0	0	0	0
1614772902	452919764	0	0	0	0
1614772902	463137479	0	0	0	0
1614772902	473041258	0	0	0	0
1614772902	482909851	0	0	0	0
1614772902	492914589	0	0	0	0
1614772902	502983649	0	0	0	0
1614772902	512775494	0	0	0	0
1614772902	523032071	0	0	0	0
1614772902	532897301	0	0	0	0
1614772902	542768470	0	0	0	0
1614772902	552809464	0	0	0	0
1614772902	562786335	0	0	0	0
1614772902	572842257	0	0	0	0
1614772902	582797701	0	0	0	0
1614772902	592837179	0	0	0	0
1614772902	602844871	0	0	0	0
1614772902	612826431	0	0	0	0
1614772902	622879537	0	0	0	0
1614772902	632736106	0	0	0	0
1614772902	642735753	0	0	0	0
1614772902	652899354	0	0	0	0
1614772902	662730703	0	0	0	0
1614772902	672806720	0	0	0	0
1614772902	682950315	0	0	0	0
1614772902	692780302	0	0	0	0
1614772902	702815134	0	0	0	0
1614772902	712938625	0	0	0	0
1614772902	722812283	0	0	0	0
1614772902	732768673	0	0	0	0
1614772902	742908547	0	0	0	0
1614772902	752847856	0	0	0	0
1614772902	762710089	0	0	0	0
1614772902	772787962	0	0	0	0
1614772902	782860651	0	0	0	0
1614772902	792739696	0	0	0	0
1614772902	802877969	0	0	0	0
1614772902	812887810	0	0	0	0
1614772902	822813015	0	0	0	0
1614772902	832851440	0	0	0	0
1614772902	842802811	0	0	0	0
1614772902	852740400	0	0	0	0
1614772902	862908251	0	0	0	0
1614772902	872954844	0	0	0	0
1614772902	883010467	0	0	0	0
1614772902	892850021	0	0	0	0
1614772902	902778860	0	0	0	0
1614772902	912768879	0	0	0	0
1614772902	922812985	0	0	0	0
1614772902	932797978	0	0	0	0
1614772902	942747871	0	0	0	0
1614772902	952885253	0	0	0	0
1614772902	962730715	0	0	0	0
1614772902	972899705	0	0	0	0
1614772902	982950474	0	0	0	0
1614772902	992743731	0	0	0	0
1614772903	2883432	0	0	0	0
1614772903	12825603	0	0	0	0
1614772903	22834949	0	0	0	0
1614772903	32719898	0	0	0	0
1614772903	42891191	0	0	0	0
1614772903	52869057	0	0	0	0
1614772903	62830127	0	0	0	0
1614772903	72892279	0	0	0	0
1614772903	82826901	0	0	0	0
1614772903	92896105	0	0	0	0
1614772903	102884562	0	0	0	0
1614772903	113046135	0	0	0	0
1614772903	122872126	0	0	0	0
1614772903	132739458	0	0	0	0
1614772903	142943645	0	0	0	0
1614772903	152926093	0	0	0	0
1614772903	162878695	0	0	0	0
1614772903	172870520	0	0	0	0
1614772903	182909468	0	0	0	0
1614772903	192770368	0	0	0	0
1614772903	202891744	0	0	0	0
1614772903	212920049	0	0	0	0
1614772903	222849704	0	0	0	0
1614772903	232855614	0	0	0	0
1614772903	242711097	0	0	0	0
1614772903	252824597	0	0	0	0
1614772903	262902488	0	0	0	0
1614772903	272851056	0	0	0	0
1614772903	282914609	0	0	0	0
1614772903	292946535	0	0	0	0
1614772903	302981473	0	0	0	0
1614772903	312913710	0	0	0	0
1614772903	322882307	0	0	0	0
1614772903	332825246	0	0	0	0
1614772903	342819780	0	0	0	0
1614772903	352938452	0	0	0	0
1614772903	362795861	0	0	0	0
1614772903	372838203	0	0	0	0
1614772903	382880585	0	0	0	0
1614772903	392806230	0	0	0	0
1614772903	402797465	0	0	0	0
1614772903	412895637	0	0	0	0
1614772903	423002611	0	0	0	0
1614772903	432898227	0	0	0	0
1614772903	443059574	0	0	0	0
1614772903	452974581	0	0	0	0
1614772903	462845717	0	0	0	0
1614772903	472983741	0	0	0	0
1614772903	483040445	0	0	0	0
1614772903	492911035	0	0	0	0
1614772903	503116595	0	0	0	0
1614772903	512993785	0	0	0	0
1614772903	522886940	0	0	0	0
1614772903	532809563	0	0	0	0
1614772903	542830911	0	0	0	0
1614772903	552852207	0	0	0	0
1614772903	562846425	0	0	0	0
1614772903	572893453	0	0	0	0
1614772903	582844027	0	0	0	0
1614772903	592776932	0	0	0	0
1614772903	602918775	0	0	0	0
1614772903	612727908	0	0	0	0
1614772903	622741020	0	0	0	0
1614772903	632864125	0	0	0	0
1614772903	642731741	0	0	0	0
1614772903	652702359	0	0	0	0
1614772903	662818165	0	0	0	0
1614772903	672898395	0	0	0	0
1614772903	682871209	0	0	0	0
1614772903	692811172	0	0	0	0
1614772903	702811192	0	0	0	0
1614772903	712716565	0	0	0	0
1614772903	722820943	0	0	0	0
1614772903	732801993	0	0	0	0
1614772903	742764524	0	0	0	0
1614772903	752908994	0	0	0	0
1614772903	762736424	0	0	0	0
1614772903	772836182	0	0	0	0
1614772903	782843110	0	0	0	0
1614772903	792832590	0	0	0	0
1614772903	802835725	0	0	0	0
1614772903	813031347	0	0	0	0
1614772903	822858466	0	0	0	0
1614772903	832798456	0	0	0	0
1614772903	843025032	0	0	0	0
1614772903	852901839	0	0	0	0
1614772903	862861417	0	0	0	0
1614772903	872880572	0	0	0	0
1614772903	882908070	0	0	0	0
1614772903	892775928	0	0	0	0
1614772903	902934116	0	0	0	0
1614772903	912767546	0	0	0	0
1614772903	922851584	0	0	0	0
1614772903	932931292	0	0	0	0
1614772903	942794244	0	0	0	0
1614772903	952829306	0	0	0	0
1614772903	962879927	0	0	0	0
1614772903	972947222	0	0	0	0
1614772903	982783810	0	0	0	0
1614772903	992852323	0	0	0	0
1614772904	2922040	0	0	0	0
1614772904	12770919	0	0	0	0
1614772904	22935008	0	0	0	0
1614772904	32889116	0	0	0	0
1614772904	42880723	0	0	0	0
1614772904	52733270	0	0	0	0
1614772904	62888579	0	0	0	0
1614772904	72846365	0	0	0	0
1614772904	82736453	0	0	0	0
1614772904	92842144	0	0	0	0
1614772904	102925296	0	0	0	0
1614772904	112836676	0	0	0	0
1614772904	122806460	0	0	0	0
1614772904	132799042	0	0	0	0
1614772904	142829120	0	0	0	0
1614772904	152966307	0	0	0	0
1614772904	162859198	0	0	0	0
1614772904	172861061	0	0	0	0
1614772904	182888608	0	0	0	0
1614772904	192730067	0	0	0	0
1614772904	202883693	0	0	0	0
1614772904	212934213	0	0	0	0
1614772904	222825701	0	0	0	0
1614772904	232824750	0	0	0	0
1614772904	242885834	0	0	0	0
1614772904	252823911	0	0	0	0
1614772904	262802262	0	0	0	0
1614772904	272844576	0	0	0	0
1614772904	282932308	0	0	0	0
1614772904	292933486	0	0	0	0
1614772904	303109392	0	0	0	0
1614772904	312869375	0	0	0	0
1614772904	322849186	0	0	0	0
1614772904	332939208	0	0	0	0
1614772904	342915857	0	0	0	0
1614772904	352725916	0	0	0	0
1614772904	362820899	0	0	0	0
1614772904	372875785	0	0	0	0
1614772904	382795884	0	0	0	0
1614772904	393190246	0	0	0	0
1614772904	402985582	0	0	0	0
1614772904	412831500	0	0	0	0
1614772904	422694683	0	0	0	0
1614772904	433033290	0	0	0	0
1614772904	442821793	0	0	0	0
1614772904	452757374	0	0	0	0
1614772904	462916257	0	0	0	0
1614772904	472941086	0	0	0	0
1614772904	482856437	0	0	0	0
1614772904	492913592	0	0	0	0
1614772904	503057458	0	0	0	0
1614772904	513036286	0	0	0	0
1614772904	523030809	0	0	0	0
1614772904	532990452	0	0	0	0
1614772904	542897416	0	0	0	0
1614772904	552958337	0	0	0	0
1614772904	562855144	0	0	0	0
1614772904	572925286	0	0	0	0
1614772904	582856633	0	0	0	0
1614772904	592859681	0	0	0	0
1614772904	602912597	0	0	0	0
1614772904	612906780	0	0	0	0
1614772904	622791602	0	0	0	0
1614772904	632889825	0	0	0	0
1614772904	642855602	0	0	0	0
1614772904	652835684	0	0	0	0
1614772904	663007872	0	0	0	0
1614772904	672901097	0	0	0	0
1614772904	682798296	0	0	0	0
1614772904	692802368	0	0	0	0
1614772904	702890483	0	0	0	0
1614772904	712895101	0	0	0	0
1614772904	722833408	0	0	0	0
1614772904	732817669	0	0	0	0
1614772904	742820359	0	0	0	0
1614772904	752882661	0	0	0	0
1614772904	762846904	0	0	0	0
1614772904	772848318	0	0	0	0
1614772904	782792391	0	0	0	0
1614772904	792756632	0	0	0	0
1614772904	802852028	0	0	0	0
1614772904	812847960	0	0	0	0
1614772904	822800444	0	0	0	0
1614772904	832881245	0	0	0	0
1614772904	842758575	0	0	0	0
1614772904	852817059	0	0	0	0
1614772904	862972635	0	0	0	0
1614772904	872814677	0	0	0	0
1614772904	882870554	0	0	0	0
1614772904	892992742	0	0	0	0
1614772904	903496946	0	0	0	0
1614772904	912837397	0	0	0	0
1614772904	922828977	0	0	0	0
1614772904	932875755	0	0	0	0
1614772904	942781953	0	0	0	0
1614772904	952918942	0	0	0	0
1614772904	962828854	0	0	0	0
1614772904	972944328	0	0	0	0
1614772904	982912224	0	0	0	0
1614772904	992953715	0	0	0	0
1614772905	2890669	0	0	0	0
1614772905	13223521	0	0	0	0
1614772905	22810445	0	0	0	0
1614772905	32814346	0	0	0	0
1614772905	43028484	0	0	0	0
1614772905	52842007	0	0	0	0
1614772905	62791084	0	0	0	0
1614772905	72868650	0	0	0	0
1614772905	82813955	0	0	0	0
1614772905	92891030	0	0	0	0
1614772905	102861011	0	0	0	0
1614772905	112850819	0	0	0	0
1614772905	122836201	0	0	0	0
1614772905	132791063	0	0	0	0
1614772905	142845371	0	0	0	0
1614772905	152817769	0	0	0	0
1614772905	162831479	0	0	0	0
1614772905	172843916	0	0	0	0
1614772905	182848841	0	0	0	0
1614772905	192862374	0	0	0	0
1614772905	203083073	0	0	0	0
1614772905	212888869	0	0	0	0
1614772905	222806419	0	0	0	0
1614772905	232863034	0	0	0	0
1614772905	242768704	0	0	0	0
1614772905	252782297	0	0	0	0
1614772905	262990933	0	0	0	0
1614772905	272805135	0	0	0	0
1614772905	282806370	0	0	0	0
1614772905	292995603	0	0	0	0
1614772905	302945758	0	0	0	0
1614772905	312909112	0	0	0	0
1614772905	322886771	0	0	0	0
1614772905	332912610	0	0	0	0
1614772905	343048886	0	0	0	0
1614772905	352994152	0	0	0	0
1614772905	362858414	0	0	0	0
1614772905	372846132	0	0	0	0
1614772905	382910036	0	0	0	0
1614772905	392906389	0	0	0	0
1614772905	402905166	0	0	0	0
1614772905	412977683	0	0	0	0
1614772905	422824474	0	0	0	0
1614772905	432840051	0	0	0	0
1614772905	442989852	0	0	0	0
1614772905	453089970	0	0	0	0
1614772905	463058428	0	0	0	0
1614772905	473276215	0	0	0	0
1614772905	483024058	0	0	0	0
1614772905	493176066	0	0	0	0
1614772905	503132359	0	0	0	0
1614772905	513140143	0	0	0	0
1614772905	522884980	0	0	0	0
1614772905	532867088	0	0	0	0
1614772905	542858894	0	0	0	0
1614772905	552890601	0	0	0	0
1614772905	562796475	0	0	0	0
1614772905	572861503	0	0	0	0
1614772905	582835010	0	0	0	0
1614772905	592861731	0	0	0	0
1614772905	602931497	0	0	0	0
1614772905	612984037	0	0	0	0
1614772905	622798871	0	0	0	0
1614772905	632909033	0	0	0	0
1614772905	642735360	0	0	0	0
1614772905	652810020	0	0	0	0
1614772905	662902628	0	0	0	0
1614772905	672812751	0	0	0	0
1614772905	682836324	0	0	0	0
1614772905	692976676	0	0	0	0
1614772905	702885221	0	0	0	0
1614772905	713004605	0	0	0	0
1614772905	722909155	0	0	0	0
1614772905	732953937	0	0	0	0
1614772905	742854306	0	0	0	0
1614772905	753062287	0	0	0	0
1614772905	762985908	0	0	0	0
1614772905	772869873	0	0	0	0
1614772905	782883180	0	0	0	0
1614772905	792947136	0	0	0	0
1614772905	802892618	0	0	0	0
1614772905	812898200	0	0	0	0
1614772905	822843546	0	0	0	0
1614772905	832930186	0	0	0	0
1614772905	842951301	0	0	0	0
1614772905	852961697	0	0	0	0
1614772905	862795232	0	0	0	0
1614772905	872817392	0	0	0	0
1614772905	883016640	0	0	0	0
1614772905	892930421	0	0	0	0
1614772905	902902642	0	0	0	0
1614772905	913120731	0	0	0	0
1614772905	922841394	0	0	0	0
1614772905	932838870	0	0	0	0
1614772905	942868300	0	0	0	0
1614772905	952881058	0	0	0	0
1614772905	963027426	0	0	0	0
1614772905	972933095	0	0	0	0
1614772905	982959044	0	0	0	0
1614772905	992783643	0	0	0	0
1614772906	2876104	0	0	0	0
1614772906	13020275	0	0	0	0
1614772906	22953578	0	0	0	0
1614772906	32973287	0	0	0	0
1614772906	42944107	0	0	0	0
1614772906	52898047	0	0	0	0
1614772906	62916037	0	0	0	0
1614772906	72855019	0	0	0	0
1614772906	82908085	0	0	0	0
1614772906	92972436	0	0	0	0
1614772906	103033065	0	0	0	0
1614772906	112968842	0	0	0	0
1614772906	122908626	0	0	0	0
1614772906	132845863	0	0	0	0
1614772906	142911058	0	0	0	0
1614772906	152967759	0	0	0	0
1614772906	162945354	0	0	0	0
1614772906	172833747	0	0	0	0
1614772906	182984747	0	0	0	0
1614772906	192752713	0	0	0	0
1614772906	202970247	0	0	0	0
1614772906	212946160	0	0	0	0
1614772906	222919568	0	0	0	0
1614772906	232876740	0	0	0	0
1614772906	242840492	0	0	0	0
1614772906	252895234	0	0	0	0
1614772906	262796664	0	0	0	0
1614772906	272861186	0	0	0	0
1614772906	282913188	0	0	0	0
1614772906	292849955	0	0	0	0
1614772906	302871576	0	0	0	0
1614772906	312969335	0	0	0	0
1614772906	322806566	0	0	0	0
1614772906	332784321	0	0	0	0
1614772906	343015847	0	0	0	0
1614772906	352929305	0	0	0	0
1614772906	362933625	0	0	0	0
1614772906	372886714	0	0	0	0
1614772906	382930807	0	0	0	0
1614772906	392750317	0	0	0	0
1614772906	402914471	0	0	0	0
1614772906	413035122	0	0	0	0
1614772906	422952368	0	0	0	0
1614772906	433082671	0	0	0	0
1614772906	442971154	0	0	0	0
1614772906	453058504	0	0	0	0
1614772906	463270101	0	0	0	0
1614772906	472850810	0	0	0	0
1614772906	482878329	0	0	0	0
1614772906	492910686	0	0	0	0
1614772906	502912635	0	0	0	0
1614772906	512796110	0	0	0	0
1614772906	522845026	0	0	0	0
1614772906	532882481	0	0	0	0
1614772906	542774513	0	0	0	0
1614772906	552835330	0	0	0	0
1614772906	562781467	0	0	0	0
1614772906	572823265	0	0	0	0
1614772906	583002618	0	0	0	0
1614772906	592741427	0	0	0	0
1614772906	602859140	0	0	0	0
1614772906	612916173	0	0	0	0
1614772906	622814394	0	0	0	0
1614772906	632875773	0	0	0	0
1614772906	642875131	0	0	0	0
1614772906	652812998	0	0	0	0
1614772906	662876408	0	0	0	0
1614772906	672977685	0	0	0	0
1614772906	682986563	0	0	0	0
1614772906	692864866	0	0	0	0
1614772906	702862152	0	0	0	0
1614772906	713038629	0	0	0	0
1614772906	722857736	0	0	0	0
1614772906	732843649	0	0	0	0
1614772906	742839342	0	0	0	0
1614772906	752850075	0	0	0	0
1614772906	762867692	0	0	0	0
1614772906	772861812	0	0	0	0
1614772906	782906157	0	0	0	0
1614772906	792785483	0	0	0	0
1614772906	802950380	0	0	0	0
1614772906	812885766	0	0	0	0
1614772906	822980203	0	0	0	0
1614772906	832961083	0	0	0	0
1614772906	842867591	0	0	0	0
1614772906	852808553	0	0	0	0
1614772906	862910304	0	0	0	0
1614772906	872992420	0	0	0	0
1614772906	882899176	0	0	0	0
1614772906	892927679	0	0	0	0
1614772906	902882443	0	0	0	0
1614772906	912848252	0	0	0	0
1614772906	922851088	0	0	0	0
1614772906	932943778	0	0	0	0
1614772906	942832941	0	0	0	0
1614772906	952928665	0	0	0	0
1614772906	962924536	0	0	0	0
1614772906	973002775	0	0	0	0
1614772906	982983432	0	0	0	0
1614772906	992820708	0	0	0	0
1614772907	2824151	0	0	0	0
1614772907	12873531	0	0	0	0
1614772907	22786931	0	0	0	0
1614772907	32810473	0	0	0	0
1614772907	42889299	0	0	0	0
1614772907	52900141	0	0	0	0
1614772907	62758849	0	0	0	0
1614772907	72888248	0	0	0	0
1614772907	82947726	0	0	0	0
1614772907	92825941	0	0	0	0
1614772907	102823741	0	0	0	0
1614772907	112965365	0	0	0	0
1614772907	122763873	0	0	0	0
1614772907	132838952	0	0	0	0
1614772907	142885361	0	0	0	0
1614772907	152828337	0	0	0	0
1614772907	162880247	0	0	0	0
1614772907	172854039	0	0	0	0
1614772907	182922835	0	0	0	0
1614772907	192910809	0	0	0	0
1614772907	202903564	0	0	0	0
1614772907	212821461	0	0	0	0
1614772907	222849377	0	0	0	0
1614772907	232949404	0	0	0	0
1614772907	243052610	0	0	0	0
1614772907	252968147	0	0	0	0
1614772907	263054447	0	0	0	0
1614772907	272818238	0	0	0	0
1614772907	282782529	0	0	0	0
1614772907	292887278	0	0	0	0
1614772907	302917211	0	0	0	0
1614772907	313099941	0	0	0	0
1614772907	322879308	0	0	0	0
1614772907	332933874	0	0	0	0
1614772907	342782425	0	0	0	0
1614772907	352886394	0	0	0	0
1614772907	362939444	0	0	0	0
1614772907	372812709	0	0	0	0
1614772907	382903000	0	0	0	0
1614772907	392732473	0	0	0	0
1614772907	402909708	0	0	0	0
1614772907	412941935	0	0	0	0
1614772907	422793487	0	0	0	0
1614772907	432875640	0	0	0	0
1614772907	442909165	0	0	0	0
1614772907	452862076	0	0	0	0
1614772907	462792974	0	0	0	0
1614772907	472881511	0	0	0	0
1614772907	483083819	0	0	0	0
1614772907	492888172	0	0	0	0
1614772907	502979836	0	0	0	0
1614772907	512967912	0	0	0	0
1614772907	522873999	0	0	0	0
1614772907	533063528	0	0	0	0
1614772907	542886345	0	0	0	0
1614772907	552928546	0	0	0	0
1614772907	562855019	0	0	0	0
1614772907	572875361	0	0	0	0
1614772907	582883623	0	0	0	0
1614772907	592848704	0	0	0	0
1614772907	603003448	0	0	0	0
1614772907	612983846	0	0	0	0
1614772907	622876601	0	0	0	0
1614772907	632871269	0	0	0	0
1614772907	642859422	0	0	0	0
1614772907	652959021	0	0	0	0
1614772907	663109743	0	0	0	0
1614772907	672811048	0	0	0	0
1614772907	682849738	0	0	0	0
1614772907	692978769	0	0	0	0
1614772907	702989286	0	0	0	0
1614772907	713010522	0	0	0	0
1614772907	722930050	0	0	0	0
1614772907	732947526	0	0	0	0
1614772907	742954174	0	0	0	0
1614772907	753065913	0	0	0	0
1614772907	763051987	0	0	0	0
1614772907	772852128	0	0	0	0
1614772907	783002378	0	0	0	0
1614772907	792870897	0	0	0	0
1614772907	802953266	0	0	0	0
1614772907	813098530	0	0	0	0
1614772907	822946744	0	0	0	0
1614772907	832980071	0	0	0	0
1614772907	842944621	0	0	0	0
1614772907	852940786	0	0	0	0
1614772907	863016718	0	0	0	0
1614772907	872890321	0	0	0	0
1614772907	882943030	0	0	0	0
1614772907	892958429	0	0	0	0
1614772907	902934911	0	0	0	0
1614772907	913142777	0	0	0	0
1614772907	922873039	0	0	0	0
1614772907	932833062	0	0	0	0
1614772907	942851048	0	0	0	0
1614772907	952969217	0	0	0	0
1614772907	962855913	0	0	0	0
1614772907	972862951	0	0	0	0
1614772907	982890898	0	0	0	0
1614772907	992916496	0	0	0	0
1614772908	3056227	0	0	0	0
1614772908	13079210	0	0	0	0
1614772908	22868973	0	0	0	0
1614772908	32959846	0	0	0	0
1614772908	42775830	0	0	0	0
1614772908	52858554	0	0	0	0
1614772908	62942688	0	0	0	0
1614772908	72847535	0	0	0	0
1614772908	82792714	0	0	0	0
1614772908	92919682	0	0	0	0
1614772908	102972866	0	0	0	0
1614772908	112832554	0	0	0	0
1614772908	122890044	0	0	0	0
1614772908	132893264	0	0	0	0
1614772908	142790058	0	0	0	0
1614772908	152982892	0	0	0	0
1614772908	162879963	0	0	0	0
1614772908	172882168	0	0	0	0
1614772908	182812492	0	0	0	0
1614772908	192979956	0	0	0	0
1614772908	202948328	0	0	0	0
1614772908	213050727	0	0	0	0
1614772908	222881098	0	0	0	0
1614772908	232929303	0	0	0	0
1614772908	242831678	0	0	0	0
1614772908	252932638	0	0	0	0
1614772908	262772411	0	0	0	0
1614772908	272777196	0	0	0	0
1614772908	282951376	0	0	0	0
1614772908	293065104	0	0	0	0
1614772908	302893782	0	0	0	0
1614772908	313029621	0	0	0	0
1614772908	322886596	0	0	0	0
1614772908	332843159	0	0	0	0
1614772908	342874856	0	0	0	0
1614772908	352912273	0	0	0	0
1614772908	362880510	0	0	0	0
1614772908	372867937	0	0	0	0
1614772908	382816711	0	0	0	0
1614772908	392978831	0	0	0	0
1614772908	402947987	0	0	0	0
1614772908	412957384	0	0	0	0
1614772908	422778966	0	0	0	0
1614772908	432884744	0	0	0	0
1614772908	442813258	0	0	0	0
1614772908	452946217	0	0	0	0
1614772908	463031455	0	0	0	0
1614772908	472909810	0	0	0	0
1614772908	482868460	0	0	0	0
1614772908	492978439	0	0	0	0
1614772908	503060264	0	0	0	0
1614772908	512959244	0	0	0	0
1614772908	522878044	0	0	0	0
1614772908	532916083	0	0	0	0
1614772908	542813513	0	0	0	0
1614772908	552983957	0	0	0	0
1614772908	562997432	0	0	0	0
1614772908	572870471	0	0	0	0
1614772908	582854158	0	0	0	0
1614772908	593019157	0	0	0	0
1614772908	602967087	0	0	0	0
1614772908	612899398	0	0	0	0
1614772908	622861487	0	0	0	0
1614772908	632899304	0	0	0	0
1614772908	642815597	0	0	0	0
1614772908	652943409	0	0	0	0
1614772908	662795394	0	0	0	0
1614772908	672758493	0	0	0	0
1614772908	682890383	0	0	0	0
1614772908	692952179	0	0	0	0
1614772908	702856329	0	0	0	0
1614772908	712955040	0	0	0	0
1614772908	722757636	0	0	0	0
1614772908	732771090	0	0	0	0
1614772908	742874309	0	0	0	0
1614772908	752772787	0	0	0	0
1614772908	762903809	0	0	0	0
1614772908	772883145	0	0	0	0
1614772908	782815062	0	0	0	0
1614772908	792856484	0	0	0	0
1614772908	802920167	0	0	0	0
1614772908	812951103	0	0	0	0
1614772908	822824573	0	0	0	0
1614772908	832913318	0	0	0	0
1614772908	842868867	0	0	0	0
1614772908	852855709	0	0	0	0
1614772908	863070472	0	0	0	0
1614772908	872899890	0	0	0	0
1614772908	882861695	0	0	0	0
1614772908	893034503	0	0	0	0
1614772908	902873756	0	0	0	0
1614772908	912917346	0	0	0	0
1614772908	922885659	0	0	0	0
1614772908	932876555	0	0	0	0
1614772908	942874512	0	0	0	0
1614772908	953127771	0	0	0	0
1614772908	962983246	0	0	0	0
1614772908	972869899	0	0	0	0
1614772908	982922816	0	0	0	0
1614772908	992958033	0	0	0	0
1614772909	2982597	0	0	0	0
1614772909	13050268	0	0	0	0
1614772909	22854977	0	0	0	0
1614772909	32934903	0	0	0	0
1614772909	42879223	0	0	0	0
1614772909	53189461	0	0	0	0
1614772909	62815421	0	0	0	0
1614772909	72864237	0	0	0	0
1614772909	82891738	0	0	0	0
1614772909	92893969	0	0	0	0
1614772909	102847534	0	0	0	0
1614772909	113078263	0	0	0	0
1614772909	122815017	0	0	0	0
1614772909	132858310	0	0	0	0
1614772909	142903228	0	0	0	0
1614772909	152880049	0	0	0	0
1614772909	162835477	0	0	0	0
1614772909	172858123	0	0	0	0
1614772909	182925375	0	0	0	0
1614772909	192962846	0	0	0	0
1614772909	203019926	0	0	0	0
1614772909	213054997	0	0	0	0
1614772909	222800330	0	0	0	0
1614772909	232990532	0	0	0	0
1614772909	242846380	0	0	0	0
1614772909	252883713	0	0	0	0
1614772909	262988612	0	0	0	0
1614772909	272825830	0	0	0	0
1614772909	282940635	0	0	0	0
1614772909	293058637	0	0	0	0
1614772909	302942933	0	0	0	0
1614772909	312940750	0	0	0	0
1614772909	322925615	0	0	0	0
1614772909	332880694	0	0	0	0
1614772909	342839757	0	0	0	0
1614772909	353014202	0	0	0	0
1614772909	362866732	0	0	0	0
1614772909	372843315	0	0	0	0
1614772909	383011556	0	0	0	0
1614772909	392950359	0	0	0	0
1614772909	403043163	0	0	0	0
1614772909	413072730	0	0	0	0
1614772909	423347679	0	0	0	0
1614772909	433014642	0	0	0	0
1614772909	443030564	0	0	0	0
1614772909	452941221	0	0	0	0
1614772909	462896646	0	0	0	0
1614772909	472825615	0	0	0	0
1614772909	482900800	0	0	0	0
1614772909	492975078	0	0	0	0
1614772909	502910091	0	0	0	0
1614772909	513042725	0	0	0	0
1614772909	522808508	0	0	0	0
1614772909	532817451	0	0	0	0
1614772909	542924081	0	0	0	0
1614772909	552979191	0	0	0	0
1614772909	562868355	0	0	0	0
1614772909	572934954	0	0	0	0
1614772909	582941621	0	0	0	0
1614772909	593064270	0	0	0	0
1614772909	602948185	0	0	0	0
1614772909	612946034	0	0	0	0
1614772909	622866023	0	0	0	0
1614772909	632922252	0	0	0	0
1614772909	642999557	0	0	0	0
1614772909	652905406	0	0	0	0
1614772909	663082902	0	0	0	0
1614772909	672776481	0	0	0	0
1614772909	682930230	0	0	0	0
1614772909	693185058	0	0	0	0
1614772909	702989216	0	0	0	0
1614772909	713131183	0	0	0	0
1614772909	722955986	0	0	0	0
1614772909	732869736	0	0	0	0
1614772909	742843787	0	0	0	0
1614772909	752997733	0	0	0	0
1614772909	763006394	0	0	0	0
1614772909	772828989	0	0	0	0
1614772909	782989662	0	0	0	0
1614772909	792928993	0	0	0	0
1614772909	802926456	0	0	0	0
1614772909	813017081	0	0	0	0
1614772909	822867575	0	0	0	0
1614772909	832927909	0	0	0	0
1614772909	842962905	0	0	0	0
1614772909	852889758	0	0	0	0
1614772909	862833642	0	0	0	0
1614772909	872956765	0	0	0	0
1614772909	882970483	0	0	0	0
1614772909	892944381	0	0	0	0
1614772909	902934894	0	0	0	0
1614772909	912995271	0	0	0	0
1614772909	922815178	0	0	0	0
1614772909	932869482	0	0	0	0
1614772909	942885591	0	0	0	0
1614772909	952900540	0	0	0	0
1614772909	962992026	0	0	0	0
1614772909	972905452	0	0	0	0
1614772909	982995683	0	0	0	0
1614772909	992859533	0	0	0	0
1614772910	2959331	0	0	0	0
1614772910	12940963	0	0	0	0
1614772910	22826015	0	0	0	0
1614772910	32950428	0	0	0	0
1614772910	42910000	0	0	0	0
1614772910	52917044	0	0	0	0
1614772910	63018739	0	0	0	0
1614772910	72827211	0	0	0	0
1614772910	82972666	0	0	0	0
1614772910	92964279	0	0	0	0
1614772910	102885877	0	0	0	0
1614772910	112833324	0	0	0	0
1614772910	122882138	0	0	0	0
1614772910	132917265	0	0	0	0
1614772910	142950741	0	0	0	0
1614772910	153114252	0	0	0	0
1614772910	162906489	0	0	0	0
1614772910	172916191	0	0	0	0
1614772910	183078639	0	0	0	0
1614772910	192929125	0	0	0	0
1614772910	202971346	0	0	0	0
1614772910	213002906	0	0	0	0
1614772910	222801537	0	0	0	0
1614772910	232939942	0	0	0	0
1614772910	242981601	0	0	0	0
1614772910	252873012	0	0	0	0
1614772910	262843157	0	0	0	0
1614772910	273127170	0	0	0	0
1614772910	283079008	0	0	0	0
1614772910	293009223	0	0	0	0
1614772910	302989559	0	0	0	0
1614772910	313034859	0	0	0	0
1614772910	322815917	0	0	0	0
1614772910	332881590	0	0	0	0
1614772910	343133004	0	0	0	0
1614772910	353067993	0	0	0	0
1614772910	362951332	0	0	0	0
1614772910	372945374	0	0	0	0
1614772910	382925999	0	0	0	0
1614772910	392889139	0	0	0	0
1614772910	402931998	0	0	0	0
1614772910	412915984	0	0	0	0
1614772910	422843941	0	0	0	0
1614772910	432941343	0	0	0	0
1614772910	442914198	0	0	0	0
1614772910	452874855	0	0	0	0
1614772910	463137504	0	0	0	0
1614772910	473003036	0	0	0	0
1614772910	482960862	0	0	0	0
1614772910	493003885	0	0	0	0
1614772910	502840709	0	0	0	0
1614772910	512896642	0	0	0	0
1614772910	522931044	0	0	0	0
1614772910	532941922	0	0	0	0
1614772910	542900868	0	0	0	0
1614772910	553000807	0	0	0	0
1614772910	562928015	0	0	0	0
1614772910	572921515	0	0	0	0
1614772910	582910450	0	0	0	0
1614772910	592979291	0	0	0	0
1614772910	603014650	0	0	0	0
1614772910	613209583	0	0	0	0
1614772910	622999400	0	0	0	0
1614772910	633007695	0	0	0	0
1614772910	642927661	0	0	0	0
1614772910	652952318	0	0	0	0
1614772910	662779859	0	0	0	0
1614772910	672831474	0	0	0	0
1614772910	682921291	0	0	0	0
1614772910	692873065	0	0	0	0
1614772910	702893760	0	0	0	0
1614772910	713035576	0	0	0	0
1614772910	722823762	0	0	0	0
1614772910	732883270	0	0	0	0
1614772910	742908793	0	0	0	0
1614772910	752839960	0	0	0	0
1614772910	762877190	0	0	0	0
1614772910	772985229	0	0	0	0
1614772910	782860726	0	0	0	0
1614772910	792846218	0	0	0	0
1614772910	803019709	0	0	0	0
1614772910	812966010	0	0	0	0
1614772910	822897763	0	0	0	0
1614772910	832951629	0	0	0	0
1614772910	842922673	0	0	0	0
1614772910	852936069	0	0	0	0
1614772910	863008155	0	0	0	0
1614772910	872916109	0	0	0	0
1614772910	882900336	0	0	0	0
1614772910	893052169	0	0	0	0
1614772910	902972291	0	0	0	0
1614772910	912974337	0	0	0	0
1614772910	922945473	0	0	0	0
1614772910	932964280	0	0	0	0
1614772910	942893318	0	0	0	0
1614772910	952927268	0	0	0	0
1614772910	963129975	0	0	0	0
1614772910	972911966	0	0	0	0
1614772910	982882392	0	0	0	0
1614772910	992899965	0	0	0	0
1614772911	2944806	0	0	0	0
1614772911	13104370	0	0	0	0
1614772911	22955845	0	0	0	0
1614772911	32989310	0	0	0	0
1614772911	42831864	0	0	0	0
1614772911	52888295	0	0	0	0
1614772911	63015302	0	0	0	0
1614772911	72946461	0	0	0	0
1614772911	82915496	0	0	0	0
1614772911	92836858	0	0	0	0
1614772911	102930400	0	0	0	0
1614772911	113069244	0	0	0	0
1614772911	122896521	0	0	0	0
1614772911	132893664	0	0	0	0
1614772911	142972957	0	0	0	0
1614772911	152879240	0	0	0	0
1614772911	162917311	0	0	0	0
1614772911	172959414	0	0	0	0
1614772911	182981915	0	0	0	0
1614772911	192828906	0	0	0	0
1614772911	202924319	0	0	0	0
1614772911	212991079	0	0	0	0
1614772911	222804045	0	0	0	0
1614772911	232948823	0	0	0	0
1614772911	242863775	0	0	0	0
1614772911	252846366	0	0	0	0
1614772911	263034072	0	0	0	0
1614772911	272833389	0	0	0	0
1614772911	282906671	0	0	0	0
1614772911	293031661	0	0	0	0
1614772911	302919582	0	0	0	0
1614772911	313017504	0	0	0	0
1614772911	323164172	0	0	0	0
1614772911	333036004	0	0	0	0
1614772911	342891068	0	0	0	0
1614772911	352956278	0	0	0	0
1614772911	362919530	0	0	0	0
1614772911	372901977	0	0	0	0
1614772911	382933975	0	0	0	0
1614772911	393033687	0	0	0	0
1614772911	403073028	0	0	0	0
1614772911	413083893	0	0	0	0
1614772911	423073715	0	0	0	0
1614772911	433098245	0	0	0	0
1614772911	443075143	0	0	0	0
1614772911	452927523	0	0	0	0
1614772911	462917424	0	0	0	0
1614772911	472947845	0	0	0	0
1614772911	482946434	0	0	0	0
1614772911	492943791	0	0	0	0
1614772911	503010265	0	0	0	0
1614772911	513206386	0	0	0	0
1614772911	523037801	0	0	0	0
1614772911	532871116	0	0	0	0
1614772911	542945885	0	0	0	0
1614772911	552956463	0	0	0	0
1614772911	562937094	0	0	0	0
1614772911	572988319	0	0	0	0
1614772911	582924905	0	0	0	0
1614772911	593017663	0	0	0	0
1614772911	603019382	0	0	0	0
1614772911	613021566	0	0	0	0
1614772911	622840989	0	0	0	0
1614772911	632982871	0	0	0	0
1614772911	643029577	0	0	0	0
1614772911	653031551	0	0	0	0
1614772911	663201070	0	0	0	0
1614772911	673046282	0	0	0	0
1614772911	682844231	0	0	0	0
1614772911	693021962	0	0	0	0
1614772911	702893270	0	0	0	0
1614772911	712920746	0	0	0	0
1614772911	722996636	0	0	0	0
1614772911	732907441	0	0	0	0
1614772911	742867597	0	0	0	0
1614772911	752959488	0	0	0	0
1614772911	762968332	0	0	0	0
1614772911	772884829	0	0	0	0
1614772911	782909612	0	0	0	0
1614772911	793035413	0	0	0	0
1614772911	802938979	0	0	0	0
1614772911	812996718	0	0	0	0
1614772911	822894715	0	0	0	0
1614772911	832950875	0	0	0	0
1614772911	842860692	0	0	0	0
1614772911	852934094	0	0	0	0
1614772911	862899529	0	0	0	0
1614772911	872820703	0	0	0	0
1614772911	882930027	0	0	0	0
1614772911	892983380	0	0	0	0
1614772911	902860561	0	0	0	0
1614772911	913077380	0	0	0	0
1614772911	922884290	0	0	0	0
1614772911	932885148	0	0	0	0
1614772911	942926986	0	0	0	0
1614772911	952881810	0	0	0	0
1614772911	962898296	0	0	0	0
1614772911	972924876	0	0	0	0
1614772911	982866117	0	0	0	0
1614772911	992997309	0	0	0	0
1614772912	2986207	0	0	0	0
1614772912	12927253	0	0	0	0
1614772912	22875421	0	0	0	0
1614772912	33119918	0	0	0	0
1614772912	42925158	0	0	0	0
1614772912	52895848	0	0	0	0
1614772912	63047437	0	0	0	0
1614772912	72896701	0	0	0	0
1614772912	82896301	0	0	0	0
1614772912	93044428	0	0	0	0
1614772912	102894268	0	0	0	0
1614772912	112905610	0	0	0	0
1614772912	122959475	0	0	0	0
1614772912	132931124	0	0	0	0
1614772912	142830847	0	0	0	0
1614772912	152920677	0	0	0	0
1614772912	162887039	0	0	0	0
1614772912	172900136	0	0	0	0
1614772912	182968014	0	0	0	0
1614772912	192977123	0	0	0	0
1614772912	202981741	0	0	0	0
1614772912	212934521	0	0	0	0
1614772912	222920850	0	0	0	0
1614772912	232853813	0	0	0	0
1614772912	242835053	0	0	0	0
1614772912	253018806	0	0	0	0
1614772912	263060402	0	0	0	0
1614772912	272989792	0	0	0	0
1614772912	283087661	0	0	0	0
1614772912	293023479	0	0	0	0
1614772912	302804751	0	0	0	0
1614772912	313076712	0	0	0	0
1614772912	322869063	0	0	0	0
1614772912	332919479	0	0	0	0
1614772912	342970488	0	0	0	0
1614772912	352941033	0	0	0	0
1614772912	362928297	0	0	0	0
1614772912	372942502	0	0	0	0
1614772912	382893452	0	0	0	0
1614772912	392913867	0	0	0	0
1614772912	403025258	0	0	0	0
1614772912	413025363	0	0	0	0
1614772912	422896246	0	0	0	0
1614772912	432979265	0	0	0	0
1614772912	442816372	0	0	0	0
1614772912	452937639	0	0	0	0
1614772912	463056244	0	0	0	0
1614772912	472880056	0	0	0	0
1614772912	482804275	0	0	0	0
1614772912	493049186	0	0	0	0
1614772912	502969502	0	0	0	0
1614772912	512973864	0	0	0	0
1614772912	522962431	0	0	0	0
1614772912	532940668	0	0	0	0
1614772912	542827609	0	0	0	0
1614772912	552937393	0	0	0	0
1614772912	562987689	0	0	0	0
1614772912	573010722	0	0	0	0
1614772912	583052664	0	0	0	0
1614772912	592909478	0	0	0	0
1614772912	602893973	0	0	0	0
1614772912	612963508	0	0	0	0
1614772912	622910725	0	0	0	0
1614772912	632880271	0	0	0	0
1614772912	642928599	0	0	0	0
1614772912	652945832	0	0	0	0
1614772912	662920737	0	0	0	0
1614772912	672857014	0	0	0	0
1614772912	682993900	0	0	0	0
1614772912	692967709	0	0	0	0
1614772912	702889309	0	0	0	0
1614772912	713015516	0	0	0	0
1614772912	722826213	0	0	0	0
1614772912	732884912	0	0	0	0
1614772912	742968653	0	0	0	0
1614772912	752913600	0	0	0	0
1614772912	762860030	0	0	0	0
1614772912	772928889	0	0	0	0
1614772912	783006271	0	0	0	0
1614772912	792913202	0	0	0	0
1614772912	802988705	0	0	0	0
1614772912	812979559	0	0	0	0
1614772912	822853728	0	0	0	0
1614772912	832982479	0	0	0	0
1614772912	842847356	0	0	0	0
1614772912	852970903	0	0	0	0
1614772912	863007255	0	0	0	0
1614772912	872909573	0	0	0	0
1614772912	882935787	0	0	0	0
1614772912	893051480	0	0	0	0
1614772912	902956258	0	0	0	0
1614772912	912989294	0	0	0	0
1614772912	922954249	0	0	0	0
1614772912	932918162	0	0	0	0
1614772912	942889642	0	0	0	0
1614772912	953026123	0	0	0	0
1614772912	962970305	0	0	0	0
1614772912	972838222	0	0	0	0
1614772912	982987318	0	0	0	0
1614772912	992937282	0	0	0	0
1614772913	2930532	0	0	0	0
1614772913	13032174	0	0	0	0
1614772913	23050454	0	0	0	0
1614772913	33029477	0	0	0	0
1614772913	43186825	0	0	0	0
1614772913	53057634	0	0	0	0
1614772913	63065603	0	0	0	0
1614772913	73007253	0	0	0	0
1614772913	83089444	0	0	0	0
1614772913	93025617	0	0	0	0
1614772913	102988920	0	0	0	0
1614772913	113154995	0	0	0	0
1614772913	122916468	0	0	0	0
1614772913	132996891	0	0	0	0
1614772913	143128664	0	0	0	0
1614772913	153011429	0	0	0	0
1614772913	162888569	0	0	0	0
1614772913	172968538	0	0	0	0
1614772913	182936578	0	0	0	0
1614772913	193045089	0	0	0	0
1614772913	203160899	0	0	0	0
1614772913	213139050	0	0	0	0
1614772913	223026113	0	0	0	0
1614772913	233085816	0	0	0	0
1614772913	242967031	0	0	0	0
1614772913	252960437	0	0	0	0
1614772913	263028600	0	0	0	0
1614772913	272884100	0	0	0	0
1614772913	282937369	0	0	0	0
1614772913	293092555	0	0	0	0
1614772913	302925851	0	0	0	0
1614772913	312939897	0	0	0	0
1614772913	322994050	0	0	0	0
1614772913	333112985	0	0	0	0
1614772913	342917928	0	0	0	0
1614772913	352998445	0	0	0	0
1614772913	363000678	0	0	0	0
1614772913	372933789	0	0	0	0
1614772913	383039674	0	0	0	0
1614772913	392925726	0	0	0	0
1614772913	402970625	0	0	0	0
1614772913	413060784	0	0	0	0
1614772913	422925397	0	0	0	0
1614772913	432962110	0	0	0	0
1614772913	443051242	0	0	0	0
1614772913	452967599	0	0	0	0
1614772913	462933263	0	0	0	0
1614772913	472828035	0	0	0	0
1614772913	482947747	0	0	0	0
1614772913	492917375	0	0	0	0
1614772913	502896592	0	0	0	0
1614772913	513049568	0	0	0	0
1614772913	522816645	0	0	0	0
1614772913	532920638	0	0	0	0
1614772913	543029638	0	0	0	0
1614772913	552988592	0	0	0	0
1614772913	562955433	0	0	0	0
1614772913	573010373	0	0	0	0
1614772913	582985053	0	0	0	0
1614772913	592891729	0	0	0	0
1614772913	603061134	0	0	0	0
1614772913	612946355	0	0	0	0
1614772913	622880153	0	0	0	0
1614772913	632954152	0	0	0	0
1614772913	642936484	0	0	0	0
1614772913	652929265	0	0	0	0
1614772913	663054484	0	0	0	0
1614772913	672960161	0	0	0	0
1614772913	682947256	0	0	0	0
1614772913	693023282	0	0	0	0
1614772913	703141830	0	0	0	0
1614772913	713069863	0	0	0	0
1614772913	723119001	0	0	0	0
1614772913	732976272	0	0	0	0
1614772913	742934703	0	0	0	0
1614772913	753066383	0	0	0	0
1614772913	763029207	0	0	0	0
1614772913	772986590	0	0	0	0
1614772913	782971200	0	0	0	0
1614772913	792991871	0	0	0	0
1614772913	802940946	0	0	0	0
1614772913	812996445	0	0	0	0
1614772913	822953604	0	0	0	0
1614772913	832998430	0	0	0	0
1614772913	843448057	0	0	0	0
1614772913	852996202	0	0	0	0
1614772913	862980603	0	0	0	0
1614772913	872971491	0	0	0	0
1614772913	882957285	0	0	0	0
1614772913	892904636	0	0	0	0
1614772913	902981028	0	0	0	0
1614772913	913138497	0	0	0	0
1614772913	922911560	0	0	0	0
1614772913	932905898	0	0	0	0
1614772913	943062305	0	0	0	0
1614772913	953044686	0	0	0	0
1614772913	962928541	0	0	0	0
1614772913	972966510	0	0	0	0
1614772913	982882452	0	0	0	0
1614772913	992853596	0	0	0	0
1614772914	3037508	0	0	0	0
1614772914	12993252	0	0	0	0
1614772914	22889417	0	0	0	0
1614772914	32924114	0	0	0	0
1614772914	42921408	0	0	0	0
1614772914	52915861	0	0	0	0
1614772914	62992101	0	0	0	0
1614772914	72845029	0	0	0	0
1614772914	82884819	0	0	0	0
1614772914	93036138	0	0	0	0
1614772914	102965289	0	0	0	0
1614772914	112934753	0	0	0	0
1614772914	123076033	0	0	0	0
1614772914	133000194	0	0	0	0
1614772914	142895897	0	0	0	0
1614772914	153077246	0	0	0	0
1614772914	162944872	0	0	0	0
1614772914	172999043	0	0	0	0
1614772914	183084759	0	0	0	0
1614772914	193020174	0	0	0	0
1614772914	203078172	0	0	0	0
1614772914	213279956	0	0	0	0
1614772914	223001236	0	0	0	0
1614772914	232968230	0	0	0	0
1614772914	243056315	0	0	0	0
1614772914	252916042	0	0	0	0
1614772914	262955164	0	0	0	0
1614772914	272897836	0	0	0	0
1614772914	283025540	0	0	0	0
1614772914	292941879	0	0	0	0
1614772914	303022183	0	0	0	0
1614772914	313081225	0	0	0	0
1614772914	323066129	0	0	0	0
1614772914	333039776	0	0	0	0
1614772914	343078814	0	0	0	0
1614772914	352964100	0	0	0	0
1614772914	362937740	0	0	0	0
1614772914	372967546	0	0	0	0
1614772914	383009059	0	0	0	0
1614772914	393032783	0	0	0	0
1614772914	403165195	0	0	0	0
1614772914	413145788	0	0	0	0
1614772914	423001252	0	0	0	0
1614772914	433015630	0	0	0	0
1614772914	442931758	0	0	0	0
1614772914	453064896	0	0	0	0
1614772914	463198449	0	0	0	0
1614772914	473000465	0	0	0	0
1614772914	483021287	0	0	0	0
1614772914	493048177	0	0	0	0
1614772914	502966574	0	0	0	0
1614772914	512962978	0	0	0	0
1614772914	523012206	0	0	0	0
1614772914	532970672	0	0	0	0
1614772914	542909516	0	0	0	0
1614772914	552985482	0	0	0	0
1614772914	562931300	0	0	0	0
1614772914	572861724	0	0	0	0
1614772914	582992094	0	0	0	0
1614772914	592963451	0	0	0	0
1614772914	602998895	0	0	0	0
1614772914	613080024	0	0	0	0
1614772914	623078090	0	0	0	0
1614772914	632992025	0	0	0	0
1614772914	642990106	0	0	0	0
1614772914	653089722	0	0	0	0
1614772914	663078116	0	0	0	0
1614772914	673090486	0	0	0	0
1614772914	683109713	0	0	0	0
1614772914	693033896	0	0	0	0
1614772914	703045778	0	0	0	0
1614772914	712990404	0	0	0	0
1614772914	722918699	0	0	0	0
1614772914	732928766	0	0	0	0
1614772914	742952831	0	0	0	0
1614772914	752941547	0	0	0	0
1614772914	762904482	0	0	0	0
1614772914	773031075	0	0	0	0
1614772914	782980876	0	0	0	0
1614772914	792942869	0	0	0	0
1614772914	803000902	0	0	0	0
1614772914	812997579	0	0	0	0
1614772914	822925526	0	0	0	0
1614772914	833044441	0	0	0	0
1614772914	842955024	0	0	0	0
1614772914	852959319	0	0	0	0
1614772914	863088781	0	0	0	0
1614772914	872967784	0	0	0	0
1614772914	882954963	0	0	0	0
1614772914	893062656	0	0	0	0
1614772914	903167662	0	0	0	0
1614772914	913116334	0	0	0	0
1614772914	923130797	0	0	0	0
1614772914	933070813	0	0	0	0
1614772914	943033948	0	0	0	0
1614772914	953009559	0	0	0	0
1614772914	963151720	0	0	0	0
1614772914	972947966	0	0	0	0
1614772914	982922215	0	0	0	0
1614772914	992995267	0	0	0	0
1614772915	2946487	0	0	0	0
1614772915	13086175	0	0	0	0
1614772915	23038167	0	0	0	0
1614772915	33129738	0	0	0	0
1614772915	42982724	0	0	0	0
1614772915	53036271	0	0	0	0
1614772915	63028025	0	0	0	0
1614772915	72984482	0	0	0	0
1614772915	83017704	0	0	0	0
1614772915	93039972	0	0	0	0
1614772915	102970406	0	0	0	0
1614772915	113158376	0	0	0	0
1614772915	123003284	0	0	0	0
1614772915	132935444	0	0	0	0
1614772915	143041199	0	0	0	0
1614772915	152928424	0	0	0	0
1614772915	163078410	0	0	0	0
1614772915	173004693	0	0	0	0
1614772915	182961801	0	0	0	0
1614772915	192907426	0	0	0	0
1614772915	203017567	0	0	0	0
1614772915	212974974	0	0	0	0
1614772915	222997450	0	0	0	0
1614772915	233023006	0	0	0	0
1614772915	243113861	0	0	0	0
1614772915	252896891	0	0	0	0
1614772915	262953963	0	0	0	0
1614772915	273059926	0	0	0	0
1614772915	283079832	0	0	0	0
1614772915	293208953	0	0	0	0
1614772915	302926333	0	0	0	0
1614772915	313124626	0	0	0	0
1614772915	323019757	0	0	0	0
1614772915	332960173	0	0	0	0
1614772915	342929878	0	0	0	0
1614772915	352887395	0	0	0	0
1614772915	363536807	0	0	0	0
1614772915	372995436	0	0	0	0
1614772915	382907661	0	0	0	0
1614772915	393214842	0	0	0	0
1614772915	403002469	0	0	0	0
1614772915	413041490	0	0	0	0
1614772915	423140748	0	0	0	0
1614772915	432982448	0	0	0	0
1614772915	442879655	0	0	0	0
1614772915	453045675	0	0	0	0
1614772915	462920959	0	0	0	0
1614772915	472860065	0	0	0	0
1614772915	482996262	0	0	0	0
1614772915	493047201	0	0	0	0
1614772915	502907513	0	0	0	0
1614772915	513083999	0	0	0	0
1614772915	522972836	0	0	0	0
1614772915	532870861	0	0	0	0
1614772915	543089084	0	0	0	0
1614772915	552908298	0	0	0	0
1614772915	562882796	0	0	0	0
1614772915	573002473	0	0	0	0
1614772915	582924202	0	0	0	0
1614772915	592985279	0	0	0	0
1614772915	603022661	0	0	0	0
1614772915	612979239	0	0	0	0
1614772915	622871761	0	0	0	0
1614772915	632991790	0	0	0	0
1614772915	642931474	0	0	0	0
1614772915	652910559	0	0	0	0
1614772915	662900011	0	0	0	0
1614772915	672965821	0	0	0	0
1614772915	682912668	0	0	0	0
1614772915	693038657	0	0	0	0
1614772915	703052712	0	0	0	0
1614772915	713006253	0	0	0	0
1614772915	722986936	0	0	0	0
1614772915	733007322	0	0	0	0
1614772915	742815012	0	0	0	0
1614772915	752941500	0	0	0	0
1614772915	762950141	0	0	0	0
1614772915	772998864	0	0	0	0
1614772915	782956509	0	0	0	0
1614772915	793163165	0	0	0	0
1614772915	802951658	0	0	0	0
1614772915	813015295	0	0	0	0
1614772915	823015173	0	0	0	0
1614772915	832930488	0	0	0	0
1614772915	842906470	0	0	0	0
1614772915	852991203	0	0	0	0
1614772915	862910277	0	0	0	0
1614772915	872892883	0	0	0	0
1614772915	883093078	0	0	0	0
1614772915	892942004	0	0	0	0
1614772915	902998790	0	0	0	0
1614772915	913048037	0	0	0	0
1614772915	922913962	0	0	0	0
1614772915	933109139	0	0	0	0
1614772915	943191595	0	0	0	0
1614772915	953120854	0	0	0	0
1614772915	962988835	0	0	0	0
1614772915	973079556	0	0	0	0
1614772915	983053762	0	0	0	0
1614772915	993053527	0	0	0	0
1614772916	3060208	0	0	0	0
1614772916	12960030	0	0	0	0
1614772916	22905332	0	0	0	0
1614772916	33015848	0	0	0	0
1614772916	42948056	0	0	0	0
1614772916	53049745	0	0	0	0
1614772916	63094562	0	0	0	0
1614772916	72983448	0	0	0	0
1614772916	82987309	0	0	0	0
1614772916	92969108	0	0	0	0
1614772916	102940850	0	0	0	0
1614772916	112957106	0	0	0	0
1614772916	122905939	0	0	0	0
1614772916	133021734	0	0	0	0
1614772916	142898098	0	0	0	0
1614772916	152894717	0	0	0	0
1614772916	163068529	0	0	0	0
1614772916	172922354	0	0	0	0
1614772916	182957616	0	0	0	0
1614772916	192993697	0	0	0	0
1614772916	202968196	0	0	0	0
1614772916	212942615	0	0	0	0
1614772916	222955735	0	0	0	0
1614772916	232933250	0	0	0	0
1614772916	242941951	0	0	0	0
1614772916	253059983	0	0	0	0
1614772916	262917796	0	0	0	0
1614772916	272952813	0	0	0	0
1614772916	282966930	0	0	0	0
1614772916	293053574	0	0	0	0
1614772916	302908044	0	0	0	0
1614772916	313000704	0	0	0	0
1614772916	322944088	0	0	0	0
1614772916	332979456	0	0	0	0
1614772916	343040368	0	0	0	0
1614772916	352939254	0	0	0	0
1614772916	362983790	0	0	0	0
1614772916	373012416	0	0	0	0
1614772916	383001911	0	0	0	0
1614772916	393037123	0	0	0	0
1614772916	403071484	0	0	0	0
1614772916	413111782	0	0	0	0
1614772916	422870341	0	0	0	0
1614772916	432980682	0	0	0	0
1614772916	443011068	0	0	0	0
1614772916	452907318	0	0	0	0
1614772916	462970738	0	0	0	0
1614772916	473007481	0	0	0	0
1614772916	483043008	0	0	0	0
1614772916	493350923	0	0	0	0
1614772916	503008923	0	0	0	0
1614772916	512997192	0	0	0	0
1614772916	522897398	0	0	0	0
1614772916	533019606	0	0	0	0
1614772916	543096669	0	0	0	0
1614772916	552970669	0	0	0	0
1614772916	563206140	0	0	0	0
1614772916	572919518	0	0	0	0
1614772916	583069168	0	0	0	0
1614772916	592987012	0	0	0	0
1614772916	602922936	0	0	0	0
1614772916	612931703	0	0	0	0
1614772916	623011562	0	0	0	0
1614772916	632951749	0	0	0	0
1614772916	642960380	0	0	0	0
1614772916	653064048	0	0	0	0
1614772916	662879676	0	0	0	0
1614772916	672958087	0	0	0	0
1614772916	683015757	0	0	0	0
1614772916	693059881	0	0	0	0
1614772916	702960741	0	0	0	0
1614772916	712985905	0	0	0	0
1614772916	722921062	0	0	0	0
1614772916	733006335	0	0	0	0
1614772916	743119537	0	0	0	0
1614772916	752929018	0	0	0	0
1614772916	762904777	0	0	0	0
1614772916	772995686	0	0	0	0
1614772916	782983360	0	0	0	0
1614772916	792993462	0	0	0	0
1614772916	803077550	0	0	0	0
1614772916	812999629	0	0	0	0
1614772916	822871538	0	0	0	0
1614772916	833014007	0	0	0	0
1614772916	842959508	0	0	0	0
1614772916	852898573	0	0	0	0
1614772916	863000840	0	0	0	0
1614772916	873016320	0	0	0	0
1614772916	883045501	0	0	0	0
1614772916	893061693	0	0	0	0
1614772916	902905407	0	0	0	0
1614772916	912922692	0	0	0	0
1614772916	922970901	0	0	0	0
1614772916	932960823	0	0	0	0
1614772916	942903312	0	0	0	0
1614772916	952947552	0	0	0	0
1614772916	963013411	0	0	0	0
1614772916	973007868	0	0	0	0
1614772916	982971439	0	0	0	0
1614772916	993023605	0	0	0	0
1614772917	2950038	0	0	0	0
1614772917	12972625	0	0	0	0
1614772917	22988000	0	0	0	0
1614772917	32946161	0	0	0	0
1614772917	42907822	0	0	0	0
1614772917	53005932	0	0	0	0
1614772917	62960589	0	0	0	0
1614772917	73073565	0	0	0	0
1614772917	83032639	0	0	0	0
1614772917	92909880	0	0	0	0
1614772917	102869728	0	0	0	0
1614772917	113015787	0	0	0	0
1614772917	122968258	0	0	0	0
1614772917	132917759	0	0	0	0
1614772917	143039877	0	0	0	0
1614772917	152971136	0	0	0	0
1614772917	162966052	0	0	0	0
1614772917	173010741	0	0	0	0
1614772917	182935642	0	0	0	0
1614772917	192915235	0	0	0	0
1614772917	203130491	0	0	0	0
1614772917	213034791	0	0	0	0
1614772917	222933399	0	0	0	0
1614772917	233076758	0	0	0	0
1614772917	243019173	0	0	0	0
1614772917	252957623	0	0	0	0
1614772917	263050801	0	0	0	0
1614772917	272948816	0	0	0	0
1614772917	282938485	0	0	0	0
1614772917	293060809	0	0	0	0
1614772917	302996884	0	0	0	0
1614772917	312941326	0	0	0	0
1614772917	322994781	0	0	0	0
1614772917	332961489	0	0	0	0
1614772917	342950198	0	0	0	0
1614772917	353049060	0	0	0	0
1614772917	363166032	0	0	0	0
1614772917	372965430	0	0	0	0
1614772917	383102108	0	0	0	0
1614772917	393123297	0	0	0	0
1614772917	403043698	0	0	0	0
1614772917	413151754	0	0	0	0
1614772917	423055581	0	0	0	0
1614772917	433151189	0	0	0	0
1614772917	443111424	0	0	0	0
1614772917	453003107	0	0	0	0
1614772917	463020108	0	0	0	0
1614772917	473064321	0	0	0	0
1614772917	483009365	0	0	0	0
1614772917	492877224	0	0	0	0
1614772917	503063900	0	0	0	0
1614772917	513030667	0	0	0	0
1614772917	522888181	0	0	0	0
1614772917	532926469	0	0	0	0
1614772917	542943326	0	0	0	0
1614772917	552871081	0	0	0	0
1614772917	562890845	0	0	0	0
1614772917	573022324	0	0	0	0
1614772917	583014230	0	0	0	0
1614772917	592925907	0	0	0	0
1614772917	603125161	0	0	0	0
1614772917	612922654	0	0	0	0
1614772917	622872636	0	0	0	0
1614772917	632988763	0	0	0	0
1614772917	642944658	0	0	0	0
1614772917	652912558	0	0	0	0
1614772917	663028733	0	0	0	0
1614772917	672905065	0	0	0	0
1614772917	682913289	0	0	0	0
1614772917	693066055	0	0	0	0
1614772917	703114135	0	0	0	0
1614772917	713040857	0	0	0	0
1614772917	723043610	0	0	0	0
1614772917	732960337	0	0	0	0
1614772917	743091890	0	0	0	0
1614772917	753044441	0	0	0	0
1614772917	763008803	0	0	0	0
1614772917	772949725	0	0	0	0
1614772917	783002085	0	0	0	0
1614772917	793021791	0	0	0	0
1614772917	803048360	0	0	0	0
1614772917	813018718	0	0	0	0
1614772917	823134287	0	0	0	0
1614772917	833168900	0	0	0	0
1614772917	842951543	0	0	0	0
1614772917	853164544	0	0	0	0
1614772917	863016715	0	0	0	0
1614772917	872928520	0	0	0	0
1614772917	882991440	0	0	0	0
1614772917	892910002	0	0	0	0
1614772917	903009880	0	0	0	0
1614772917	913036383	0	0	0	0
1614772917	922985261	0	0	0	0
1614772917	932961200	0	0	0	0
1614772917	943042791	0	0	0	0
1614772917	952963096	0	0	0	0
1614772917	962953984	0	0	0	0
1614772917	973040777	0	0	0	0
1614772917	982973453	0	0	0	0
1614772917	992935680	0	0	0	0
1614772918	3112594	0	0	0	0
1614772918	13064307	0	0	0	0
1614772918	22950460	0	0	0	0
1614772918	33021918	0	0	0	0
1614772918	43039577	0	0	0	0
1614772918	52996958	0	0	0	0
1614772918	63008225	0	0	0	0
1614772918	73005141	0	0	0	0
1614772918	83010285	0	0	0	0
1614772918	93247864	0	0	0	0
1614772918	103000271	0	0	0	0
1614772918	113199744	0	0	0	0
1614772918	123097503	0	0	0	0
1614772918	133112358	0	0	0	0
1614772918	143077247	0	0	0	0
1614772918	153272418	0	0	0	0
1614772918	163185555	0	0	0	0
1614772918	173064290	0	0	0	0
1614772918	183170647	0	0	0	0
1614772918	193204531	0	0	0	0
1614772918	203075132	0	0	0	0
1614772918	213151690	0	0	0	0
1614772918	223186434	0	0	0	0
1614772918	233176778	0	0	0	0
1614772918	243168842	0	0	0	0
1614772918	253228040	0	0	0	0
1614772918	263042505	0	0	0	0
1614772918	273067026	0	0	0	0
1614772918	283016031	0	0	0	0
1614772918	293074427	0	0	0	0
1614772918	303031609	0	0	0	0
1614772918	313090246	0	0	0	0
1614772918	322970013	0	0	0	0
1614772918	333052759	0	0	0	0
1614772918	343064174	0	0	0	0
1614772918	352958580	0	0	0	0
1614772918	362885550	0	0	0	0
1614772918	373114135	0	0	0	0
1614772918	382973082	0	0	0	0
1614772918	393037205	0	0	0	0
1614772918	403053068	0	0	0	0
1614772918	413011675	0	0	0	0
1614772918	422843356	0	0	0	0
1614772918	433012589	0	0	0	0
1614772918	442962949	0	0	0	0
1614772918	452917528	0	0	0	0
1614772918	463059107	0	0	0	0
1614772918	472870569	0	0	0	0
1614772918	482910756	0	0	0	0
1614772918	493107789	0	0	0	0
1614772918	502930053	0	0	0	0
1614772918	512899545	0	0	0	0
1614772918	523043991	0	0	0	0
1614772918	533053439	0	0	0	0
1614772918	542987245	0	0	0	0
1614772918	553016301	0	0	0	0
1614772918	562986895	0	0	0	0
1614772918	572919040	0	0	0	0
1614772918	583093313	0	0	0	0
1614772918	593165470	0	0	0	0
1614772918	602934991	0	0	0	0
1614772918	612972830	0	0	0	0
1614772918	623029859	0	0	0	0
1614772918	633044297	0	0	0	0
1614772918	643004040	0	0	0	0
1614772918	653000272	0	0	0	0
1614772918	663001145	0	0	0	0
1614772918	672978539	0	0	0	0
1614772918	683028659	0	0	0	0
1614772918	693179896	0	0	0	0
1614772918	702996831	0	0	0	0
1614772918	713112386	0	0	0	0
1614772918	723009713	0	0	0	0
1614772918	733054503	0	0	0	0
1614772918	743080342	0	0	0	0
1614772918	752922727	0	0	0	0
1614772918	762857244	0	0	0	0
1614772918	773021757	0	0	0	0
1614772918	783001907	0	0	0	0
1614772918	793076247	0	0	0	0
1614772918	803047250	0	0	0	0
1614772918	812978194	0	0	0	0
1614772918	823059599	0	0	0	0
1614772918	833117037	0	0	0	0
1614772918	842989907	0	0	0	0
1614772918	853008580	0	0	0	0
1614772918	862930849	0	0	0	0
1614772918	872930866	0	0	0	0
1614772918	883123647	0	0	0	0
1614772918	893262987	0	0	0	0
1614772918	902912836	0	0	0	0
1614772918	912918168	0	0	0	0
1614772918	923030238	0	0	0	0
1614772918	933017186	0	0	0	0
1614772918	943050148	0	0	0	0
1614772918	953075899	0	0	0	0
1614772918	963019119	0	0	0	0
1614772918	972999681	0	0	0	0
1614772918	983077726	0	0	0	0
1614772918	993036079	0	0	0	0
1614772919	2939123	0	0	0	0
1614772919	12989041	0	0	0	0
1614772919	22922938	0	0	0	0
1614772919	32959923	0	0	0	0
1614772919	43038930	0	0	0	0
1614772919	52981729	0	0	0	0
1614772919	62861476	0	0	0	0
1614772919	73046364	0	0	0	0
1614772919	83170096	0	0	0	0
1614772919	93028588	0	0	0	0
1614772919	102868074	0	0	0	0
1614772919	113036723	0	0	0	0
1614772919	122856959	0	0	0	0
1614772919	132887658	0	0	0	0
1614772919	143163784	0	0	0	0
1614772919	152932561	0	0	0	0
1614772919	162908201	0	0	0	0
1614772919	173141166	0	0	0	0
1614772919	183145541	0	0	0	0
1614772919	193200423	0	0	0	0
1614772919	203069801	0	0	0	0
1614772919	213009881	0	0	0	0
1614772919	222971241	0	0	0	0
1614772919	233068907	0	0	0	0
1614772919	242999335	0	0	0	0
1614772919	253026944	0	0	0	0
1614772919	263036322	0	0	0	0
1614772919	272975573	0	0	0	0
1614772919	283019705	0	0	0	0
1614772919	293103060	0	0	0	0
1614772919	302988035	0	0	0	0
1614772919	312941399	0	0	0	0
1614772919	323135844	0	0	0	0
1614772919	333069248	0	0	0	0
1614772919	342950156	0	0	0	0
1614772919	353091738	0	0	0	0
1614772919	362942497	0	0	0	0
1614772919	373003849	0	0	0	0
1614772919	383118100	0	0	0	0
1614772919	393236819	0	0	0	0
1614772919	403016274	0	0	0	0
1614772919	412963453	0	0	0	0
1614772919	422971860	0	0	0	0
1614772919	433439432	0	0	0	0
1614772919	443178912	0	0	0	0
1614772919	453038693	0	0	0	0
1614772919	463005030	0	0	0	0
1614772919	473049460	0	0	0	0
1614772919	483110710	0	0	0	0
1614772919	493082743	0	0	0	0
1614772919	503035140	0	0	0	0
1614772919	513058704	0	0	0	0
1614772919	522896224	0	0	0	0
1614772919	532954372	0	0	0	0
1614772919	543074603	0	0	0	0
1614772919	553090269	0	0	0	0
1614772919	563056528	0	0	0	0
1614772919	573061025	0	0	0	0
1614772919	583082509	0	0	0	0
1614772919	593024735	0	0	0	0
1614772919	603052539	0	0	0	0
1614772919	612988377	0	0	0	0
1614772919	623015745	0	0	0	0
1614772919	633014932	0	0	0	0
1614772919	642966112	0	0	0	0
1614772919	652917997	0	0	0	0
1614772919	662993428	0	0	0	0
1614772919	672916641	0	0	0	0
1614772919	683015981	0	0	0	0
1614772919	693117972	0	0	0	0
1614772919	702889042	0	0	0	0
1614772919	712900507	0	0	0	0
1614772919	722954766	0	0	0	0
1614772919	732959557	0	0	0	0
1614772919	742988394	0	0	0	0
1614772919	753024164	0	0	0	0
1614772919	762933863	0	0	0	0
1614772919	773009250	0	0	0	0
1614772919	783168693	0	0	0	0
1614772919	793225657	0	0	0	0
1614772919	803018707	0	0	0	0
1614772919	813176191	0	0	0	0
1614772919	823000640	0	0	0	0
1614772919	833103073	0	0	0	0
1614772919	843244453	0	0	0	0
1614772919	852948130	0	0	0	0
1614772919	862928072	0	0	0	0
1614772919	873030790	0	0	0	0
1614772919	883030371	0	0	0	0
1614772919	892988663	0	0	0	0
1614772919	902985504	0	0	0	0
1614772919	912991858	0	0	0	0
1614772919	922970017	0	0	0	0
1614772919	932970054	0	0	0	0
1614772919	943038062	0	0	0	0
1614772919	953044368	0	0	0	0
1614772919	963033606	0	0	0	0
1614772919	973142309	0	0	0	0
1614772919	983039032	0	0	0	0
1614772919	993016341	0	0	0	0
1614772920	3067041	0	0	0	0
1614772920	13052218	0	0	0	0
1614772920	22981844	0	0	0	0
1614772920	33036608	0	0	0	0
1614772920	43094622	0	0	0	0
1614772920	53041819	0	0	0	0
1614772920	63106676	0	0	0	0
1614772920	73100612	0	0	0	0
1614772920	83199705	0	0	0	0
1614772920	93213295	0	0	0	0
1614772920	102963643	0	0	0	0
1614772920	112972918	0	0	0	0
1614772920	123101703	0	0	0	0
1614772920	133053620	0	0	0	0
1614772920	143132483	0	0	0	0
1614772920	153238445	0	0	0	0
1614772920	163113948	0	0	0	0
1614772920	173088097	0	0	0	0
1614772920	183140865	0	0	0	0
1614772920	192997084	0	0	0	0
1614772920	203140784	0	0	0	0
1614772920	213111871	0	0	0	0
1614772920	222961793	0	0	0	0
1614772920	233021335	0	0	0	0
1614772920	243156576	0	0	0	0
1614772920	253007569	0	0	0	0
1614772920	263034202	0	0	0	0
1614772920	273110491	0	0	0	0
1614772920	283090856	0	0	0	0
1614772920	293050766	0	0	0	0
1614772920	303001979	0	0	0	0
1614772920	313023007	0	0	0	0
1614772920	323019468	0	0	0	0
1614772920	332912266	0	0	0	0
1614772920	343128353	0	0	0	0
1614772920	353109732	0	0	0	0
1614772920	363061923	0	0	0	0
1614772920	373219158	0	0	0	0
1614772920	383060953	0	0	0	0
1614772920	392961151	0	0	0	0
1614772920	403149068	0	0	0	0
1614772920	413044146	0	0	0	0
1614772920	422944984	0	0	0	0
1614772920	433186760	0	0	0	0
1614772920	443016206	0	0	0	0
1614772920	452949623	0	0	0	0
1614772920	462954110	0	0	0	0
1614772920	472973210	0	0	0	0
1614772920	483018525	0	0	0	0
1614772920	493148005	0	0	0	0
1614772920	503042033	0	0	0	0
1614772920	513131269	0	0	0	0
1614772920	523147866	0	0	0	0
1614772920	533026392	0	0	0	0
1614772920	542971876	0	0	0	0
1614772920	553132834	0	0	0	0
1614772920	563067959	0	0	0	0
1614772920	573047514	0	0	0	0
1614772920	583153464	0	0	0	0
1614772920	593110737	0	0	0	0
1614772920	603041946	0	0	0	0
1614772920	613039165	0	0	0	0
1614772920	623115017	0	0	0	0
1614772920	633198160	0	0	0	0
1614772920	643098653	0	0	0	0
1614772920	653063425	0	0	0	0
1614772920	662967094	0	0	0	0
1614772920	673113660	0	0	0	0
1614772920	683091170	0	0	0	0
1614772920	693241355	0	0	0	0
1614772920	703220264	0	0	0	0
1614772920	713182093	0	0	0	0
1614772920	723074797	0	0	0	0
1614772920	733064499	0	0	0	0
1614772920	743200376	0	0	0	0
1614772920	753022644	0	0	0	0
1614772920	763009381	0	0	0	0
1614772920	773051758	0	0	0	0
1614772920	783005062	0	0	0	0
1614772920	792968716	0	0	0	0
1614772920	803172338	0	0	0	0
1614772920	813009409	0	0	0	0
1614772920	823166002	0	0	0	0
1614772920	833124669	0	0	0	0
1614772920	843072691	0	0	0	0
1614772920	853021372	0	0	0	0
1614772920	863076708	0	0	0	0
1614772920	872993502	0	0	0	0
1614772920	883021048	0	0	0	0
1614772920	893124152	0	0	0	0
1614772920	903055826	0	0	0	0
1614772920	912951969	0	0	0	0
1614772920	923075731	0	0	0	0
1614772920	932990368	0	0	0	0
1614772920	942931965	0	0	0	0
1614772920	953049332	0	0	0	0
1614772920	962984261	0	0	0	0
1614772920	972989774	0	0	0	0
1614772920	983093652	0	0	0	0
1614772920	992999635	0	0	0	0
1614772921	3117378	0	0	0	0
1614772921	13077879	0	0	0	0
1614772921	23011136	0	0	0	0
1614772921	33218454	0	0	0	0
1614772921	43017827	0	0	0	0
1614772921	53060981	0	0	0	0
1614772921	63021364	0	0	0	0
1614772921	72976914	0	0	0	0
1614772921	83070312	0	0	0	0
1614772921	92983452	0	0	0	0
1614772921	103158362	0	0	0	0
1614772921	113267201	0	0	0	0
1614772921	123011981	0	0	0	0
1614772921	132927082	0	0	0	0
1614772921	143031197	0	0	0	0
1614772921	153111974	0	0	0	0
1614772921	162960159	0	0	0	0
1614772921	173182381	0	0	0	0
1614772921	183161467	0	0	0	0
1614772921	193036290	0	0	0	0
1614772921	203227599	0	0	0	0
1614772921	213127099	0	0	0	0
1614772921	223004017	0	0	0	0
1614772921	233090293	0	0	0	0
1614772921	243099878	0	0	0	0
1614772921	252945738	0	0	0	0
1614772921	263063058	0	0	0	0
1614772921	272902070	0	0	0	0
1614772921	283022101	0	0	0	0
1614772921	293125517	0	0	0	0
1614772921	303037887	0	0	0	0
1614772921	312948125	0	0	0	0
1614772921	323067342	0	0	0	0
1614772921	333033779	0	0	0	0
1614772921	342967400	0	0	0	0
1614772921	353076376	0	0	0	0
1614772921	363001853	0	0	0	0
1614772921	374743426	0	0	0	0
1614772921	383101429	0	0	0	0
1614772921	393218680	0	0	0	0
1614772921	403137141	0	0	0	0
1614772921	413145573	0	0	0	0
1614772921	423085330	0	0	0	0
1614772921	433094191	0	0	0	0
1614772921	443073181	0	0	0	0
1614772921	453020308	0	0	0	0
1614772921	463048389	0	0	0	0
1614772921	473203677	0	0	0	0
1614772921	483043800	0	0	0	0
1614772921	493171550	0	0	0	0
1614772921	503017310	0	0	0	0
1614772921	513052703	0	0	0	0
1614772921	523235862	0	0	0	0
1614772921	533204549	0	0	0	0
1614772921	543261420	0	0	0	0
1614772921	552995728	0	0	0	0
1614772921	563039936	0	0	0	0
1614772921	573156390	0	0	0	0
1614772921	583052529	0	0	0	0
1614772921	593220131	0	0	0	0
1614772921	603150153	0	0	0	0
1614772921	613037066	0	0	0	0
1614772921	623185673	0	0	0	0
1614772921	633117126	0	0	0	0
1614772921	643128296	0	0	0	0
1614772921	652942868	0	0	0	0
1614772921	663045525	0	0	0	0
1614772921	673103719	0	0	0	0
1614772921	683046954	0	0	0	0
1614772921	693082328	0	0	0	0
1614772921	703031721	0	0	0	0
1614772921	713100237	0	0	0	0
1614772921	723081195	0	0	0	0
1614772921	733073524	0	0	0	0
1614772921	743039741	0	0	0	0
1614772921	753153741	0	0	0	0
1614772921	762991587	0	0	0	0
1614772921	773271660	0	0	0	0
1614772921	783240108	0	0	0	0
1614772921	793713187	0	0	0	0
1614772921	803047885	0	0	0	0
1614772921	813096390	0	0	0	0
1614772921	823277943	0	0	0	0
1614772921	833093402	0	0	0	0
1614772921	843197799	0	0	0	0
1614772921	853007056	0	0	0	0
1614772921	863197542	0	0	0	0
1614772921	873319190	0	0	0	0
1614772921	883111717	0	0	0	0
1614772921	893152086	0	0	0	0
1614772921	903055827	0	0	0	0
1614772921	913061546	0	0	0	0
1614772921	923231644	0	0	0	0
1614772921	933211582	0	0	0	0
1614772921	943319366	0	0	0	0
1614772921	953106156	0	0	0	0
1614772921	963129685	0	0	0	0
1614772921	973357461	0	0	0	0
1614772921	983226702	0	0	0	0
1614772921	993472005	0	0	0	0
1614772922	3112084	0	0	0	0
1614772922	13028488	0	0	0	0
1614772922	23245353	0	0	0	0
1614772922	33131198	0	0	0	0
1614772922	43192184	0	0	0	0
1614772922	52971446	0	0	0	0
1614772922	63163396	0	0	0	0
1614772922	73385832	0	0	0	0
1614772922	83266973	0	0	0	0
1614772922	93266524	0	0	0	0
1614772922	103073578	0	0	0	0
1614772922	113160962	0	0	0	0
1614772922	123421146	0	0	0	0
1614772922	133241496	0	0	0	0
1614772922	143281274	0	0	0	0
1614772922	153295520	0	0	0	0
1614772922	163092905	0	0	0	0
1614772922	173189976	0	0	0	0
1614772922	183174551	0	0	0	0
1614772922	193177340	0	0	0	0
1614772922	202979234	0	0	0	0
1614772922	213108506	0	0	0	0
1614772922	223237701	0	0	0	0
1614772922	233199236	0	0	0	0
1614772922	243219342	0	0	0	0
1614772922	252981364	0	0	0	0
1614772922	263078146	0	0	0	0
1614772922	273222745	0	0	0	0
1614772922	283099064	0	0	0	0
1614772922	293137460	0	0	0	0
1614772922	303005390	0	0	0	0
1614772922	313007242	0	0	0	0
1614772922	323227785	0	0	0	0
1614772922	333095932	0	0	0	0
1614772922	343170375	0	0	0	0
1614772922	353206645	0	0	0	0
1614772922	363231586	0	0	0	0
1614772922	373244772	0	0	0	0
1614772922	383162416	0	0	0	0
1614772922	393143239	0	0	0	0
1614772922	403087762	0	0	0	0
1614772922	413047908	0	0	0	0
1614772922	423420977	0	0	0	0
1614772922	433089126	0	0	0	0
1614772922	443169269	0	0	0	0
1614772922	453000531	0	0	0	0
1614772922	463052554	0	0	0	0
1614772922	473186171	0	0	0	0
1614772922	483117716	0	0	0	0
1614772922	493594787	0	0	0	0
1614772922	502987845	0	0	0	0
1614772922	513066757	0	0	0	0
1614772922	523209839	0	0	0	0
1614772922	533141631	0	0	0	0
1614772922	543184591	0	0	0	0
1614772922	553103163	0	0	0	0
1614772922	563126277	0	0	0	0
1614772922	573284821	0	0	0	0
1614772922	583131598	0	0	0	0
1614772922	593199611	0	0	0	0
1614772922	602951048	0	0	0	0
1614772922	613057004	0	0	0	0
1614772922	623141861	0	0	0	0
1614772922	633162005	0	0	0	0
1614772922	643590355	0	0	0	0
1614772922	653143520	0	0	0	0
1614772922	663136596	0	0	0	0
1614772922	673257622	0	0	0	0
1614772922	683907037	0	0	0	0
1614772922	693747228	0	0	0	0
1614772922	703373312	0	0	0	0
1614772922	713143641	0	0	0	0
1614772922	723103465	0	0	0	0
1614772922	733153317	0	0	0	0
1614772922	743329145	0	0	0	0
1614772922	753230188	0	0	0	0
1614772922	763100677	0	0	0	0
1614772922	773040016	0	0	0	0
1614772922	783222389	0	0	0	0
1614772922	793380709	0	0	0	0
1614772922	803146994	0	0	0	0
1614772922	813358133	0	0	0	0
1614772922	823320746	0	0	0	0
1614772922	833301924	0	0	0	0
1614772922	843204056	0	0	0	0
1614772922	853141183	0	0	0	0
1614772922	863149519	0	0	0	0
1614772922	873314211	0	0	0	0
1614772922	883609633	0	0	0	0
1614772922	893388512	0	0	0	0
1614772922	903188287	0	0	0	0
1614772922	913513031	0	0	0	0
1614772922	923244817	0	0	0	0
1614772922	933307198	0	0	0	0
1614772922	943182110	0	0	0	0
1614772922	953035068	0	0	0	0
1614772922	963077148	0	0	0	0
1614772922	973198329	0	0	0	0
1614772922	983095719	0	0	0	0
1614772922	993186229	0	0	0	0
1614772923	3154814	0	0	0	0
1614772923	13095177	0	0	0	0
1614772923	23190423	0	0	0	0
1614772923	33170084	0	0	0	0
1614772923	43081340	0	0	0	0
1614772923	53164995	0	0	0	0
1614772923	63106614	0	0	0	0
1614772923	73484329	0	0	0	0
1614772923	83072750	0	0	0	0
1614772923	93090197	0	0	0	0
1614772923	103093433	0	0	0	0
1614772923	112992555	0	0	0	0
1614772923	122965148	0	0	0	0
1614772923	133044496	0	0	0	0
1614772923	143059259	0	0	0	0
1614772923	153008267	0	0	0	0
1614772923	163076095	0	0	0	0
1614772923	173004518	0	0	0	0
1614772923	183113686	0	0	0	0
1614772923	193129362	0	0	0	0
1614772923	203015179	0	0	0	0
1614772923	213000314	0	0	0	0
1614772923	223038762	0	0	0	0
1614772923	233067798	0	0	0	0
1614772923	243075709	0	0	0	0
1614772923	253030631	0	0	0	0
1614772923	263102035	0	0	0	0
1614772923	273005008	0	0	0	0
1614772923	283077159	0	0	0	0
1614772923	293168786	0	0	0	0
1614772923	302991535	0	0	0	0
1614772923	313021668	0	0	0	0
1614772923	323066844	0	0	0	0
1614772923	333208213	0	0	0	0
1614772923	343155886	0	0	0	0
1614772923	353113999	0	0	0	0
1614772923	363102297	0	0	0	0
1614772923	373121454	0	0	0	0
1614772923	383125940	0	0	0	0
1614772923	393135886	0	0	0	0
1614772923	403017496	0	0	0	0
1614772923	413121671	0	0	0	0
1614772923	423121722	0	0	0	0
1614772923	433211350	0	0	0	0
1614772923	443190849	0	0	0	0
1614772923	453059316	0	0	0	0
1614772923	463009913	0	0	0	0
1614772923	473142587	0	0	0	0
1614772923	483041507	0	0	0	0
1614772923	493053018	0	0	0	0
1614772923	503155121	0	0	0	0
1614772923	513061579	0	0	0	0
1614772923	522970090	0	0	0	0
1614772923	533161477	0	0	0	0
1614772923	543072637	0	0	0	0
1614772923	552923157	0	0	0	0
1614772923	563182647	0	0	0	0
1614772923	573078966	0	0	0	0
1614772923	583041344	0	0	0	0
1614772923	593199023	0	0	0	0
1614772923	602989509	0	0	0	0
1614772923	613040272	0	0	0	0
1614772923	623235187	0	0	0	0
1614772923	633015382	0	0	0	0
1614772923	643126365	0	0	0	0
1614772923	653024710	0	0	0	0
1614772923	663146296	0	0	0	0
1614772923	673112516	0	0	0	0
1614772923	683066262	0	0	0	0
1614772923	693136627	0	0	0	0
1614772923	703076876	0	0	0	0
1614772923	712971054	0	0	0	0
1614772923	723134898	0	0	0	0
1614772923	733061696	0	0	0	0
1614772923	743043221	0	0	0	0
1614772923	753095708	0	0	0	0
1614772923	763072989	0	0	0	0
1614772923	773014700	0	0	0	0
1614772923	783069119	0	0	0	0
1614772923	793130035	0	0	0	0
1614772923	803088326	0	0	0	0
1614772923	813115673	0	0	0	0
1614772923	823019660	0	0	0	0
1614772923	833107522	0	0	0	0
1614772923	843144965	0	0	0	0
1614772923	853011601	0	0	0	0
1614772923	863093940	0	0	0	0
1614772923	873057534	0	0	0	0
1614772923	883084606	0	0	0	0
1614772923	892989329	0	0	0	0
1614772923	903191564	0	0	0	0
1614772923	913083270	0	0	0	0
1614772923	923027007	0	0	0	0
1614772923	933152252	0	0	0	0
1614772923	943147805	0	0	0	0
1614772923	953052432	0	0	0	0
1614772923	963002113	0	0	0	0
1614772923	973032691	0	0	0	0
1614772923	983060672	0	0	0	0
1614772923	993069191	0	0	0	0
1614772924	3187125	0	0	0	0
1614772924	13059766	0	0	0	0
1614772924	23076325	0	0	0	0
1614772924	33066324	0	0	0	0
1614772924	43073231	0	0	0	0
1614772924	53004413	0	0	0	0
1614772924	63097135	0	0	0	0
1614772924	73048773	0	0	0	0
1614772924	82996047	0	0	0	0
1614772924	93180251	0	0	0	0
1614772924	103085672	0	0	0	0
1614772924	112996446	0	0	0	0
1614772924	123227032	0	0	0	0
1614772924	133122267	0	0	0	0
1614772924	143048072	0	0	0	0
1614772924	153247269	0	0	0	0
1614772924	163097657	0	0	0	0
1614772924	173055693	0	0	0	0
1614772924	183156332	0	0	0	0
1614772924	193099581	0	0	0	0
1614772924	203110786	0	0	0	0
1614772924	213047337	0	0	0	0
1614772924	223037525	0	0	0	0
1614772924	233112290	0	0	0	0
1614772924	243191429	0	0	0	0
1614772924	252942584	0	0	0	0
1614772924	263081971	0	0	0	0
1614772924	273141518	0	0	0	0
1614772924	283049909	0	0	0	0
1614772924	293003044	0	0	0	0
1614772924	303187944	0	0	0	0
1614772924	313079541	0	0	0	0
1614772924	323006002	0	0	0	0
1614772924	333104971	0	0	0	0
1614772924	343098270	0	0	0	0
1614772924	352951820	0	0	0	0
1614772924	363110241	0	0	0	0
1614772924	373076592	0	0	0	0
1614772924	383125531	0	0	0	0
1614772924	393005484	0	0	0	0
1614772924	403113516	0	0	0	0
1614772924	413054793	0	0	0	0
1614772924	423022701	0	0	0	0
1614772924	433114816	0	0	0	0
1614772924	443120514	0	0	0	0
1614772924	453020806	0	0	0	0
1614772924	463124519	0	0	0	0
1614772924	472984311	0	0	0	0
1614772924	483011328	0	0	0	0
1614772924	493142360	0	0	0	0
1614772924	503108585	0	0	0	0
1614772924	513030085	0	0	0	0
1614772924	523069483	0	0	0	0
1614772924	533091744	0	0	0	0
1614772924	542971306	0	0	0	0
1614772924	553150444	0	0	0	0
1614772924	563161576	0	0	0	0
1614772924	573040899	0	0	0	0
1614772924	583083864	0	0	0	0
1614772924	593062143	0	0	0	0
1614772924	603094224	0	0	0	0
1614772924	613079856	0	0	0	0
1614772924	622994529	0	0	0	0
1614772924	632976244	0	0	0	0
1614772924	643093894	0	0	0	0
1614772924	653048727	0	0	0	0
1614772924	663241194	0	0	0	0
1614772924	673276935	0	0	0	0
1614772924	683179883	0	0	0	0
1614772924	693186201	0	0	0	0
1614772924	703117817	0	0	0	0
1614772924	713122872	0	0	0	0
1614772924	723098706	0	0	0	0
1614772924	733336508	0	0	0	0
1614772924	743153290	0	0	0	0
1614772924	753005019	0	0	0	0
1614772924	763006127	0	0	0	0
1614772924	773077791	0	0	0	0
1614772924	783118452	0	0	0	0
1614772924	793147273	0	0	0	0
1614772924	803077021	0	0	0	0
1614772924	813110698	0	0	0	0
1614772924	823029775	0	0	0	0
1614772924	833091649	0	0	0	0
1614772924	843119228	0	0	0	0
1614772924	852997371	0	0	0	0
1614772924	863062167	0	0	0	0
1614772924	873002163	0	0	0	0
1614772924	883041645	0	0	0	0
1614772924	893237323	0	0	0	0
1614772924	903077674	0	0	0	0
1614772924	913036453	0	0	0	0
1614772924	923130697	0	0	0	0
1614772924	933150062	0	0	0	0
1614772924	943062910	0	0	0	0
1614772924	953132738	0	0	0	0
1614772924	963045533	0	0	0	0
1614772924	972977895	0	0	0	0
1614772924	983049762	0	0	0	0
1614772924	993154343	0	0	0	0
1614772925	2984516	0	0	0	0
1614772925	13102393	0	0	0	0
1614772925	23051092	0	0	0	0
1614772925	33191277	0	0	0	0
1614772925	43135937	0	0	0	0
1614772925	53052218	0	0	0	0
1614772925	63064538	0	0	0	0
1614772925	72994754	0	0	0	0
1614772925	83033047	0	0	0	0
1614772925	93138615	0	0	0	0
1614772925	103084829	0	0	0	0
1614772925	113203589	0	0	0	0
1614772925	123065873	0	0	0	0
1614772925	132984693	0	0	0	0
1614772925	143088593	0	0	0	0
1614772925	153067114	0	0	0	0
1614772925	163037242	0	0	0	0
1614772925	173221803	0	0	0	0
1614772925	183125203	0	0	0	0
1614772925	193050724	0	0	0	0
1614772925	203175422	0	0	0	0
1614772925	213113734	0	0	0	0
1614772925	223053691	0	0	0	0
1614772925	233126922	0	0	0	0
1614772925	243117745	0	0	0	0
1614772925	253087777	0	0	0	0
1614772925	263247360	0	0	0	0
1614772925	273117591	0	0	0	0
1614772925	283145623	0	0	0	0
1614772925	293177667	0	0	0	0
1614772925	303010285	0	0	0	0
1614772925	313211868	0	0	0	0
1614772925	323201664	0	0	0	0
1614772925	332995351	0	0	0	0
1614772925	343046956	0	0	0	0
1614772925	353135266	0	0	0	0
1614772925	363064791	0	0	0	0
1614772925	373074164	0	0	0	0
1614772925	383206158	0	0	0	0
1614772925	393144474	0	0	0	0
1614772925	403035454	0	0	0	0
1614772925	413050897	0	0	0	0
1614772925	423156427	0	0	0	0
1614772925	433143005	0	0	0	0
1614772925	443103955	0	0	0	0
1614772925	453167445	0	0	0	0
1614772925	463130040	0	0	0	0
1614772925	473015446	0	0	0	0
1614772925	483091839	0	0	0	0
1614772925	493174853	0	0	0	0
1614772925	503140921	0	0	0	0
1614772925	513208816	0	0	0	0
1614772925	523045328	0	0	0	0
1614772925	533115145	0	0	0	0
1614772925	543168995	0	0	0	0
1614772925	553058750	0	0	0	0
1614772925	563041489	0	0	0	0
1614772925	573263941	0	0	0	0
1614772925	583014433	0	0	0	0
1614772925	593258719	0	0	0	0
1614772925	603167113	0	0	0	0
1614772925	613085694	0	0	0	0
1614772925	622999220	0	0	0	0
1614772925	633116450	0	0	0	0
1614772925	643077398	0	0	0	0
1614772925	653003101	0	0	0	0
1614772925	663081600	0	0	0	0
1614772925	673010126	0	0	0	0
1614772925	683134459	0	0	0	0
1614772925	693247851	0	0	0	0
1614772925	703063658	0	0	0	0
1614772925	713111491	0	0	0	0
1614772925	723107320	0	0	0	0
1614772925	733063538	0	0	0	0
1614772925	743110387	0	0	0	0
1614772925	753110281	0	0	0	0
1614772925	763129414	0	0	0	0
1614772925	772984248	0	0	0	0
1614772925	783105324	0	0	0	0
1614772925	793175871	0	0	0	0
1614772925	803085438	0	0	0	0
1614772925	813092246	0	0	0	0
1614772925	823232641	0	0	0	0
1614772925	832964436	0	0	0	0
1614772925	843044738	0	0	0	0
1614772925	853170275	0	0	0	0
1614772925	863122603	0	0	0	0
1614772925	872956961	0	0	0	0
1614772925	883061816	0	0	0	0
1614772925	893340191	0	0	0	0
1614772925	903197860	0	0	0	0
1614772925	913156611	0	0	0	0
1614772925	923097833	0	0	0	0
1614772925	933097257	0	0	0	0
1614772925	943260488	0	0	0	0
1614772925	953175931	0	0	0	0
1614772925	963097318	0	0	0	0
1614772925	973184426	0	0	0	0
1614772925	983080462	0	0	0	0
1614772925	993200938	0	0	0	0
1614772926	3261797	0	0	0	0
1614772926	13204551	0	0	0	0
1614772926	23092975	0	0	0	0
1614772926	33180583	0	0	0	0
1614772926	43198931	0	0	0	0
1614772926	53101345	0	0	0	0
1614772926	63090494	0	0	0	0
1614772926	73228214	0	0	0	0
1614772926	83128256	0	0	0	0
1614772926	93115436	0	0	0	0
1614772926	103109172	0	0	0	0
1614772926	113112049	0	0	0	0
1614772926	122998705	0	0	0	0
1614772926	133113059	0	0	0	0
1614772926	143079145	0	0	0	0
1614772926	153002119	0	0	0	0
1614772926	163129594	0	0	0	0
1614772926	173144353	0	0	0	0
1614772926	183072174	0	0	0	0
1614772926	193260132	0	0	0	0
1614772926	203066060	0	0	0	0
1614772926	213063526	0	0	0	0
1614772926	223149069	0	0	0	0
1614772926	233077291	0	0	0	0
1614772926	243067684	0	0	0	0
1614772926	253225329	0	0	0	0
1614772926	263097519	0	0	0	0
1614772926	273035826	0	0	0	0
1614772926	283214560	0	0	0	0
1614772926	293126243	0	0	0	0
1614772926	303028926	0	0	0	0
1614772926	313240377	0	0	0	0
1614772926	323104404	0	0	0	0
1614772926	333109339	0	0	0	0
1614772926	343238036	0	0	0	0
1614772926	353010097	0	0	0	0
1614772926	363200081	0	0	0	0
1614772926	373213359	0	0	0	0
1614772926	383232646	0	0	0	0
1614772926	393142793	0	0	0	0
1614772926	403134588	0	0	0	0
1614772926	413150107	0	0	0	0
1614772926	423056959	0	0	0	0
1614772926	433118822	0	0	0	0
1614772926	443239037	0	0	0	0
1614772926	453036943	0	0	0	0
1614772926	463058389	0	0	0	0
1614772926	473249256	0	0	0	0
1614772926	483244604	0	0	0	0
1614772926	493254041	0	0	0	0
1614772926	503269419	0	0	0	0
1614772926	513162864	0	0	0	0
1614772926	523131159	0	0	0	0
1614772926	533249206	0	0	0	0
1614772926	543278956	0	0	0	0
1614772926	553092691	0	0	0	0
1614772926	563148334	0	0	0	0
1614772926	573228648	0	0	0	0
1614772926	583162295	0	0	0	0
1614772926	593212316	0	0	0	0
1614772926	603094191	0	0	0	0
1614772926	613032712	0	0	0	0
1614772926	623132702	0	0	0	0
