time_sec	time_nanosec	control_action_0	control_action_1	control_action_2	control_action_3
1608130714	619883558	94.63	85.21	91.06	97.22
1608130714	629832422	96.57	86.95	92.92	99.21
1608130714	639891545	98.5	88.69	94.79	101.19
1608130714	649820331	100.43	90.43	96.65	103.18
1608130714	659833249	102.36	92.18	98.51	105.16
1608130714	670062935	104.3	93.92	100.37	107.15
1608130714	680003443	106.23	95.66	102.23	109.13
1608130714	690171928	108.16	97.4	104.09	111.12
1608130714	700150691	110.09	99.15	105.95	113.1
1608130714	710145891	112.03	100.89	107.81	115.08
1608130714	720084747	113.96	102.63	109.67	117.07
1608130714	729980929	115.89	104.38	111.53	119.05
1608130714	740075180	117.82	106.12	113.39	121.04
1608130714	750078770	119.76	107.87	115.26	123.02
1608130714	760086442	121.69	109.61	117.12	125.01
1608130714	770098593	123.62	111.35	118.98	126.99
1608130714	780025769	125.56	113.1	120.84	128.98
1608130714	790050789	127.49	114.84	122.7	130.96
1608130714	800150781	129.42	116.59	124.56	132.94
1608130714	810099480	131.36	118.33	126.43	134.93
1608130714	820166202	133.29	120.08	128.29	136.91
1608130714	830167613	135.22	121.82	130.15	138.9
1608130714	840333389	137.15	123.57	132.01	140.88
1608130714	850347088	139.09	125.31	133.87	142.87
1608130714	860127044	141.02	127.06	135.74	144.85
1608130714	870131704	142.95	128.8	137.6	146.84
1608130714	880108229	144.89	130.55	139.46	148.82
1608130714	890057209	146.82	132.29	141.32	150.8
1608130714	900161833	148.75	134.04	143.19	152.79
1608130714	910158817	150.69	135.79	145.05	154.77
1608130714	920090168	152.62	137.53	146.91	156.76
1608130714	930126162	154.55	139.28	148.77	158.74
1608130714	940307582	156.49	141.03	150.64	160.73
1608130714	950137915	158.42	142.77	152.5	162.71
1608130714	960356067	160.36	144.52	154.36	164.7
1608130714	970013377	162.29	146.27	156.22	166.68
1608130714	980146966	164.22	148.01	158.09	168.67
1608130714	990221273	166.16	149.76	159.95	170.65
1608130715	158941	168.09	151.51	161.81	172.64
1608130715	10205488	170.02	153.25	163.68	174.62
1608130715	20082654	171.96	155	165.54	176.61
1608130715	30158018	173.89	156.75	167.4	178.59
1608130715	40083173	175.83	158.5	169.27	180.57
1608130715	50052493	177.76	160.25	171.13	182.56
1608130715	60070328	179.69	161.99	173	184.54
1608130715	70044102	181.63	163.74	174.86	186.53
1608130715	80105079	183.56	165.49	176.72	188.51
1608130715	90192577	185.5	167.24	178.59	190.5
1608130715	100150232	187.43	168.99	180.45	192.48
1608130715	110110556	189.36	170.74	182.31	194.47
1608130715	120171767	191.3	172.48	184.18	196.45
1608130715	130366186	193.23	174.23	186.04	198.44
1608130715	140252083	195.17	175.98	187.91	200.42
1608130715	150283316	197.1	177.73	189.77	202.41
1608130715	160158840	199.04	179.48	191.64	204.39
1608130715	170010304	200.97	181.23	193.5	206.38
1608130715	180130444	202.9	182.98	195.37	208.36
1608130715	190083237	204.84	184.73	197.23	210.35
1608130715	200149547	206.77	186.48	199.09	212.33
1608130715	210303215	208.71	188.23	200.96	214.32
1608130715	220133235	210.64	189.98	202.82	216.3
1608130715	230245945	212.58	191.73	204.69	218.29
1608130715	240107954	214.51	193.48	206.55	220.27
1608130715	250162221	216.45	195.23	208.42	222.26
1608130715	260140433	218.38	196.98	210.28	224.24
1608130715	270059600	220.32	198.73	212.15	226.23
1608130715	280161697	222.25	200.48	214.02	228.21
1608130715	290102832	224.19	202.23	215.88	230.2
1608130715	300133453	226.12	203.98	217.75	232.18
1608130715	310130668	228.05	205.74	219.61	234.17
1608130715	320157643	229.99	207.49	221.48	236.15
1608130715	330142932	231.92	209.24	223.34	238.14
1608130715	340141705	233.86	210.99	225.21	240.12
1608130715	350146633	235.79	212.74	227.07	242.11
1608130715	360098494	237.73	214.49	228.94	244.09
1608130715	370168685	239.66	216.25	230.81	246.08
1608130715	380017635	241.6	218	232.67	248.06
1608130715	390154720	243.54	219.75	234.54	250.05
1608130715	400097998	245.47	221.5	236.4	252.03
1608130715	410298001	247.41	223.26	238.27	254.02
1608130715	420296338	249.34	225.01	240.14	256
1608130715	430338034	251.28	226.76	242	257.99
1608130715	440291148	253.21	228.51	243.87	259.97
1608130715	450127115	255.15	230.27	245.74	261.96
1608130715	460043373	257.08	232.02	247.6	263.94
1608130715	470160268	259.02	233.77	249.47	265.93
1608130715	480152873	260.95	235.53	251.34	267.91
1608130715	490082964	262.89	237.28	253.2	269.9
1608130715	500313678	264.82	239.03	255.07	271.88
1608130715	510065816	266.76	240.79	256.94	273.87
1608130715	520264774	268.7	242.54	258.81	275.85
1608130715	530051335	270.63	244.3	260.67	277.84
1608130715	540096178	272.57	246.05	262.54	279.82
1608130715	550158850	274.5	247.8	264.41	281.81
1608130715	560126003	276.44	249.56	266.27	283.79
1608130715	570181795	278.37	251.31	268.14	285.78
1608130715	580230520	280.31	253.07	270.01	287.76
1608130715	590188326	282.25	254.82	271.88	289.75
1608130715	600106646	284.18	256.58	273.74	291.73
1608130715	609991786	286.12	258.33	275.61	293.72
1608130715	620125013	288.05	260.09	277.48	295.7
1608130715	630262871	289.99	261.84	279.35	297.69
1608130715	640270081	291.93	263.6	281.22	299.68
1608130715	650357629	293.86	265.35	283.08	301.66
1608130715	660195715	295.8	267.11	284.95	303.65
1608130715	670064328	297.74	268.87	286.82	305.63
1608130715	680031211	299.67	270.62	288.69	307.62
1608130715	690400957	301.61	272.38	290.56	309.6
1608130715	700152707	303.54	274.13	292.42	311.59
1608130715	710153772	305.48	275.89	294.29	313.57
1608130715	720104109	307.42	277.65	296.16	315.56
1608130715	730135478	309.35	279.4	298.03	317.54
1608130715	740135289	311.29	281.16	299.9	319.53
1608130715	750056945	313.23	282.92	301.77	321.51
1608130715	760148886	315.16	284.67	303.64	323.5
1608130715	770191259	317.1	286.43	305.51	325.48
1608130715	780153425	319.04	288.19	307.37	327.47
1608130715	790168157	320.97	289.95	309.24	329.46
1608130715	800157641	322.91	291.7	311.11	331.44
1608130715	810172912	324.85	293.46	312.98	333.43
1608130715	820341404	326.78	295.22	314.85	335.41
1608130715	830126298	328.72	296.98	316.72	337.4
1608130715	840238423	330.66	298.73	318.59	339.38
1608130715	850146314	332.59	300.49	320.46	341.37
1608130715	860170866	334.53	302.25	322.33	343.35
1608130715	870172077	336.47	304.01	324.2	345.34
1608130715	880343200	338.4	305.77	326.07	347.32
1608130715	890103502	340.34	307.52	327.94	349.31
1608130715	900188042	342.28	309.28	329.81	351.3
1608130715	910297903	344.21	311.04	331.68	353.28
1608130715	920035768	346.15	312.8	333.55	355.27
1608130715	930245949	348.09	314.56	335.42	357.25
1608130715	940358458	350.03	316.32	337.29	359.24
1608130715	950003959	351.96	318.08	339.16	361.22
1608130715	960158444	353.9	319.84	341.03	363.21
1608130715	970145167	355.84	321.6	342.9	365.19
1608130715	980156155	357.77	323.36	344.77	367.18
1608130715	990169665	359.71	325.12	346.64	369.16
1608130716	163770	361.65	326.88	348.51	371.15
1608130716	10029670	363.59	328.64	350.38	373.14
1608130716	20134350	365.52	330.4	352.25	375.12
1608130716	30157941	367.46	332.16	354.12	377.11
1608130716	40099287	367.46	332.16	354.12	377.11
1608130716	50086049	367.46	332.16	354.12	377.11
1608130716	60206517	367.46	332.16	354.12	377.11
1608130716	70226110	367.46	332.16	354.12	377.11
1608130716	80160564	367.46	332.16	354.12	377.11
1608130716	90192739	367.46	332.16	354.12	377.11
1608130716	100102580	367.46	332.16	354.12	377.11
1608130716	110188121	367.46	332.16	354.12	377.11
1608130716	120119004	367.46	332.16	354.12	377.11
1608130716	130228796	367.46	332.16	354.12	377.11
1608130716	140050831	367.46	332.16	354.12	377.11
1608130716	150165656	367.46	332.16	354.12	377.11
1608130716	160139294	367.46	332.16	354.12	377.11
1608130716	170186803	367.46	332.16	354.12	377.11
1608130716	180179585	367.46	332.16	354.12	377.11
1608130716	190053723	367.46	332.16	354.12	377.11
1608130716	200154152	367.46	332.16	354.12	377.11
1608130716	210149126	367.46	332.16	354.12	377.11
1608130716	220049124	367.46	332.16	354.12	377.11
1608130716	230159194	367.46	332.16	354.12	377.11
1608130716	240122088	367.46	332.16	354.12	377.11
1608130716	250156201	367.46	332.16	354.12	377.11
1608130716	260247239	367.46	332.16	354.12	377.11
1608130716	270160141	367.46	332.16	354.12	377.11
1608130716	280011805	367.46	332.16	354.12	377.11
1608130716	290134583	367.46	332.16	354.12	377.11
1608130716	300173540	367.46	332.16	354.12	377.11
1608130716	310169213	367.46	332.16	354.12	377.11
1608130716	320168264	367.46	332.16	354.12	377.11
1608130716	330117461	367.46	332.16	354.12	377.11
1608130716	340056827	367.46	332.16	354.12	377.11
1608130716	350176105	367.46	332.16	354.12	377.11
1608130716	360160075	367.46	332.16	354.12	377.11
1608130716	370176362	367.46	332.16	354.12	377.11
1608130716	380157204	367.46	332.16	354.12	377.11
1608130716	390087004	367.46	332.16	354.12	377.11
1608130716	400166371	367.46	332.16	354.12	377.11
1608130716	410101405	367.46	332.16	354.12	377.11
1608130716	420185762	367.46	332.16	354.12	377.11
1608130716	430286442	367.46	332.16	354.12	377.11
1608130716	440132980	367.46	332.16	354.12	377.11
1608130716	450201709	367.46	332.16	354.12	377.11
1608130716	460220804	367.46	332.16	354.12	377.11
1608130716	470174415	367.46	332.16	354.12	377.11
1608130716	480157825	367.46	332.16	354.12	377.11
1608130716	490217171	367.46	332.16	354.12	377.11
1608130716	500215886	367.46	332.16	354.12	377.11
1608130716	510213477	367.46	332.16	354.12	377.11
1608130716	520045894	367.46	332.16	354.12	377.11
1608130716	530130344	367.46	332.16	354.12	377.11
1608130716	540188705	367.46	332.16	354.12	377.11
1608130716	550187008	367.46	332.16	354.12	377.11
1608130716	560080326	367.46	332.16	354.12	377.11
1608130716	570178205	367.46	332.16	354.12	377.11
1608130716	580168257	367.46	332.16	354.12	377.11
1608130716	590166133	367.46	332.16	354.12	377.11
1608130716	600102748	367.46	332.16	354.12	377.11
1608130716	610158574	367.46	332.16	354.12	377.11
1608130716	620109696	367.46	332.16	354.12	377.11
1608130716	630236239	367.46	332.16	354.12	377.11
1608130716	640263054	367.46	332.16	354.12	377.11
1608130716	650398530	367.46	332.16	354.12	377.11
1608130716	660359505	367.46	332.16	354.12	377.11
1608130716	670364101	367.46	332.16	354.12	377.11
1608130716	680360310	367.46	332.16	354.12	377.11
1608130716	690295561	367.46	332.16	354.12	377.11
1608130716	700143327	367.46	332.16	354.12	377.11
1608130716	710160049	367.46	332.16	354.12	377.11
1608130716	720153546	367.46	332.16	354.12	377.11
1608130716	730095620	367.46	332.16	354.12	377.11
1608130716	740114310	367.46	332.16	354.12	377.11
1608130716	750160551	367.46	332.16	354.12	377.11
1608130716	760119160	367.46	332.16	354.12	377.11
1608130716	770248463	367.46	332.16	354.12	377.11
1608130716	780126797	367.46	332.16	354.12	377.11
1608130716	790121232	367.46	332.16	354.12	377.11
1608130716	800142341	367.46	332.16	354.12	377.11
1608130716	810140543	367.46	332.16	354.12	377.11
1608130716	820105485	367.46	332.16	354.12	377.11
1608130716	830060584	367.46	332.16	354.12	377.11
1608130716	840265669	367.46	332.16	354.12	377.11
1608130716	850295683	367.46	332.16	354.12	377.11
1608130716	860110220	367.46	332.16	354.12	377.11
1608130716	870141126	367.46	332.16	354.12	377.11
1608130716	880192069	367.46	332.16	354.12	377.11
1608130716	890170361	367.46	332.16	354.12	377.11
1608130716	900174032	367.46	332.16	354.12	377.11
1608130716	910175420	367.46	332.16	354.12	377.11
1608130716	920095539	367.46	332.16	354.12	377.11
1608130716	930180220	367.46	332.16	354.12	377.11
1608130716	940222828	367.46	332.16	354.12	377.11
1608130716	950197425	367.46	332.16	354.12	377.11
1608130716	960082816	367.46	332.16	354.12	377.11
1608130716	970173201	367.46	332.16	354.12	377.11
1608130716	980070661	367.46	332.16	354.12	377.11
1608130716	990341438	367.46	332.16	354.12	377.11
1608130717	165024	367.46	332.16	354.12	377.11
1608130717	10161997	367.46	332.16	354.12	377.11
1608130717	20059948	367.46	332.16	354.12	377.11
1608130717	30128077	367.46	332.16	354.12	377.11
1608130717	40222891	369.4	333.92	355.99	379.09
1608130717	50188205	371.34	335.68	357.86	381.08
1608130717	60153326	373.27	337.44	359.73	383.06
1608130717	69848207	375.21	339.2	361.6	385.05
1608130717	79845221	377.15	340.96	363.48	387.04
1608130717	89821882	379.09	342.72	365.35	389.02
1608130717	99895364	381.02	344.48	367.22	391.01
1608130717	109911384	382.96	346.24	369.09	392.99
1608130717	119899016	384.9	348	370.96	394.98
1608130717	129961976	386.84	349.77	372.83	396.96
1608130717	140194143	388.78	351.53	374.7	398.95
1608130717	150141992	390.71	353.29	376.57	400.94
1608130717	160235885	392.65	355.05	378.45	402.92
1608130717	170201830	394.59	356.81	380.32	404.91
1608130717	180126822	396.53	358.58	382.19	406.89
1608130717	190075058	398.47	360.34	384.06	408.88
1608130717	200150729	400.4	362.1	385.93	410.86
1608130717	210328041	402.34	363.86	387.81	412.85
1608130717	220209066	404.28	365.62	389.68	414.84
1608130717	230180938	406.22	367.39	391.55	416.82
1608130717	240246743	408.16	369.15	393.42	418.81
1608130717	250173305	410.09	370.91	395.29	420.79
1608130717	260181568	412.03	372.68	397.17	422.78
1608130717	270194403	413.97	374.44	399.04	424.76
1608130717	280169263	415.91	376.2	400.91	426.75
1608130717	290094466	417.85	377.97	402.78	428.74
1608130717	300125806	419.79	379.73	404.66	430.72
1608130717	310029471	421.72	381.49	406.53	432.71
1608130717	320058860	423.66	383.26	408.4	434.69
1608130717	330128036	425.6	385.02	410.27	436.68
1608130717	340152011	427.54	386.78	412.15	438.67
1608130717	350223469	429.48	388.55	414.02	440.65
1608130717	360082478	431.42	390.31	415.89	442.64
1608130717	370283892	433.36	392.08	417.77	444.62
1608130717	380104671	435.29	393.84	419.64	446.61
1608130717	390156291	437.23	395.61	421.51	448.59
1608130717	400085236	439.17	397.37	423.39	450.58
1608130717	410215749	441.11	399.14	425.26	452.57
1608130717	420099190	443.05	400.9	427.13	454.55
1608130717	430076334	444.99	402.67	429.01	456.54
1608130717	440198809	446.93	404.43	430.88	458.52
1608130717	450289922	448.87	406.2	432.75	460.51
1608130717	460334817	450.8	407.96	434.63	462.5
1608130717	470212289	452.74	409.73	436.5	464.48
1608130717	480222212	454.68	411.49	438.37	466.47
1608130717	490095809	456.62	413.26	440.25	468.45
1608130717	500257325	458.56	415.02	442.12	470.44
1608130717	510029460	460.5	416.79	444	472.43
1608130717	520347335	462.44	418.56	445.87	474.41
1608130717	530232504	464.38	420.32	447.74	476.4
1608130717	540147714	466.32	422.09	449.62	478.38
1608130717	550111859	468.26	423.86	451.49	480.37
1608130717	560108447	470.2	425.62	453.37	482.36
1608130717	570080487	472.13	427.39	455.24	484.34
1608130717	580140775	474.07	429.16	457.11	486.33
1608130717	590115540	476.01	430.92	458.99	488.31
1608130717	600135382	477.95	432.69	460.86	490.3
1608130717	610053378	479.89	434.46	462.74	492.29
1608130717	620204946	481.83	436.22	464.61	494.27
1608130717	630216808	483.77	437.99	466.49	496.26
1608130717	640233654	485.71	439.76	468.36	498.25
1608130717	650260035	487.65	441.53	470.24	500.23
1608130717	660073632	489.59	443.29	472.11	502.22
1608130717	670245365	491.53	445.06	473.99	504.2
1608130717	680112850	493.47	446.83	475.86	506.19
1608130717	690178336	495.41	448.6	477.74	508.18
1608130717	700186549	497.35	450.37	479.61	510.16
1608130717	710236570	499.29	452.13	481.49	512.15
1608130717	720215258	501.23	453.9	483.36	514.13
1608130717	730111528	503.17	455.67	485.24	516.12
1608130717	740189746	505.11	457.44	487.12	518.11
1608130717	750316165	507.05	459.21	488.99	520.09
1608130717	760105377	508.99	460.98	490.87	522.08
1608130717	770132959	510.93	462.75	492.74	524.07
1608130717	780138139	512.87	464.52	494.62	526.05
1608130717	790179512	514.81	466.28	496.49	528.04
1608130717	800196268	516.75	468.05	498.37	530.02
1608130717	810138688	518.69	469.82	500.25	532.01
1608130717	820272432	520.63	471.59	502.12	534
1608130717	830244892	522.57	473.36	504	535.98
1608130717	840248297	524.51	475.13	505.87	537.97
1608130717	850239239	526.45	476.9	507.75	539.96
1608130717	860240466	528.39	478.67	509.63	541.94
1608130717	870256266	530.33	480.44	511.5	543.93
1608130717	880173164	532.27	482.21	513.38	545.91
1608130717	890006126	534.21	483.98	515.26	547.9
1608130717	900049869	536.15	485.75	517.13	549.89
1608130717	910167914	538.09	487.52	519.01	551.87
1608130717	920161098	540.03	489.3	520.89	553.86
1608130717	930029400	541.97	491.07	522.76	555.85
1608130717	940178573	543.91	492.84	524.64	557.83
1608130717	950178390	545.85	494.61	526.52	559.82
1608130717	960151218	547.79	496.38	528.39	561.8
1608130717	970171408	549.73	498.15	530.27	563.79
1608130717	980178213	551.67	499.92	532.15	565.78
1608130717	990171581	553.61	501.69	534.02	567.76
1608130718	88793	555.55	503.47	535.9	569.75
1608130718	10185242	557.49	505.24	537.78	571.74
1608130718	20222016	559.44	507.01	539.66	573.72
1608130718	30161909	561.38	508.78	541.53	575.71
1608130718	40083574	563.32	510.55	543.41	577.7
1608130718	50182140	565.26	512.33	545.29	579.68
1608130718	60150664	567.2	514.1	547.17	581.67
1608130718	70210527	569.14	515.87	549.04	583.66
1608130718	80195620	571.08	517.64	550.92	585.64
1608130718	90037478	573.02	519.42	552.8	587.63
1608130718	100303618	574.96	521.19	554.68	589.61
1608130718	110311187	576.9	522.96	556.55	591.6
1608130718	120364931	578.84	524.73	558.43	593.59
1608130718	130363101	580.79	526.51	560.31	595.57
1608130718	140358650	582.73	528.28	562.19	597.56
1608130718	150214286	584.67	530.05	564.07	599.55
1608130718	160193038	586.61	531.83	565.95	601.53
1608130718	170138569	588.55	533.6	567.82	603.52
1608130718	180291834	590.49	535.37	569.7	605.51
1608130718	190207339	592.43	537.15	571.58	607.49
1608130718	200158565	594.37	538.92	573.46	609.48
1608130718	210148509	596.32	540.7	575.34	611.47
1608130718	220271725	598.26	542.47	577.22	613.45
1608130718	230242493	600.2	544.24	579.09	615.44
1608130718	240241870	602.14	546.02	580.97	617.43
1608130718	250252874	604.08	547.79	582.85	619.41
1608130718	260051103	606.02	549.57	584.73	621.4
1608130718	270135369	607.96	551.34	586.61	623.39
1608130718	280146397	609.91	553.12	588.49	625.37
1608130718	290188796	611.85	554.89	590.37	627.36
1608130718	300175529	613.79	556.67	592.25	629.35
1608130718	310146612	615.73	558.44	594.13	631.33
1608130718	320185795	617.67	560.22	596.01	633.32
1608130718	330151874	619.61	561.99	597.88	635.31
1608130718	340041409	621.56	563.77	599.76	637.29
1608130718	350152401	623.5	565.54	601.64	639.28
1608130718	360223236	625.44	567.32	603.52	641.27
1608130718	370307267	627.38	569.1	605.4	643.25
1608130718	380281494	629.32	570.87	607.28	645.24
1608130718	390157256	631.26	572.65	609.16	647.23
1608130718	400178694	633.21	574.42	611.04	649.21
1608130718	410136458	635.15	576.2	612.92	651.2
1608130718	420201958	637.09	577.98	614.8	653.19
1608130718	430346561	639.03	579.75	616.68	655.17
1608130718	440317270	640.97	581.53	618.56	657.16
1608130718	450170127	642.92	583.31	620.44	659.15
1608130718	460305515	644.86	585.08	622.32	661.13
1608130718	470291036	646.8	586.86	624.2	663.12
1608130718	480128469	648.74	588.64	626.08	665.11
1608130718	490153053	650.68	590.41	627.96	667.09
1608130718	500183860	652.63	592.19	629.84	669.08
1608130718	510213133	654.57	593.97	631.72	671.07
1608130718	520167742	656.51	595.75	633.6	673.05
1608130718	530116395	658.45	597.52	635.48	675.04
1608130718	540167559	658.45	597.52	635.48	675.04
1608130718	550191524	658.45	597.52	635.48	675.04
1608130718	560119531	658.45	597.52	635.48	675.04
1608130718	570174379	658.45	597.52	635.48	675.04
1608130718	580264684	658.45	597.52	635.48	675.04
1608130718	590182084	658.45	597.52	635.48	675.04
1608130718	600194166	658.45	597.52	635.48	675.04
1608130718	610166482	658.45	597.52	635.48	675.04
1608130718	620214260	658.45	597.52	635.48	675.04
1608130718	630196235	658.45	597.52	635.48	675.04
1608130718	640196736	658.45	597.52	635.48	675.04
1608130718	650246154	658.45	597.52	635.48	675.04
1608130718	660242961	658.45	597.52	635.48	675.04
1608130718	670182188	658.45	597.52	635.48	675.04
1608130718	680121050	658.45	597.52	635.48	675.04
1608130718	690339232	658.45	597.52	635.48	675.04
1608130718	700152718	658.45	597.52	635.48	675.04
1608130718	710104545	658.45	597.52	635.48	675.04
1608130718	720194490	658.45	597.52	635.48	675.04
1608130718	730237379	658.45	597.52	635.48	675.04
1608130718	740235534	658.45	597.52	635.48	675.04
1608130718	750238418	658.45	597.52	635.48	675.04
1608130718	760056801	658.45	597.52	635.48	675.04
1608130718	770266512	658.45	597.52	635.48	675.04
1608130718	780056824	658.45	597.52	635.48	675.04
1608130718	790237650	658.45	597.52	635.48	675.04
1608130718	800343597	658.45	597.52	635.48	675.04
1608130718	810302968	658.45	597.52	635.48	675.04
1608130718	820148920	658.45	597.52	635.48	675.04
1608130718	830160905	658.45	597.52	635.48	675.04
1608130718	840186175	658.45	597.52	635.48	675.04
1608130718	850193485	658.45	597.52	635.48	675.04
1608130718	860189095	658.45	597.52	635.48	675.04
1608130718	870129592	658.45	597.52	635.48	675.04
1608130718	880088669	658.45	597.52	635.48	675.04
1608130718	890400586	658.45	597.52	635.48	675.04
1608130718	900381358	658.45	597.52	635.48	675.04
1608130718	910410461	658.45	597.52	635.48	675.04
1608130718	920151078	658.45	597.52	635.48	675.04
1608130718	930174645	658.45	597.52	635.48	675.04
1608130718	940128959	658.45	597.52	635.48	675.04
1608130718	950142978	658.45	597.52	635.48	675.04
1608130718	960128243	658.45	597.52	635.48	675.04
1608130718	970068261	658.45	597.52	635.48	675.04
1608130718	980257258	658.45	597.52	635.48	675.04
1608130718	990155614	658.45	597.52	635.48	675.04
1608130719	265432	658.45	597.52	635.48	675.04
1608130719	10228655	658.45	597.52	635.48	675.04
1608130719	20121774	658.45	597.52	635.48	675.04
1608130719	30216318	658.45	597.52	635.48	675.04
1608130719	40213271	658.45	597.52	635.48	675.04
1608130719	50009477	658.45	597.52	635.48	675.04
1608130719	60204914	658.45	597.52	635.48	675.04
1608130719	70225123	658.45	597.52	635.48	675.04
1608130719	80213625	658.45	597.52	635.48	675.04
1608130719	90319806	658.45	597.52	635.48	675.04
1608130719	100172445	658.45	597.52	635.48	675.04
1608130719	110158728	658.45	597.52	635.48	675.04
1608130719	120304884	658.45	597.52	635.48	675.04
1608130719	130128466	658.45	597.52	635.48	675.04
1608130719	140259680	658.45	597.52	635.48	675.04
1608130719	150123825	658.45	597.52	635.48	675.04
1608130719	160148653	658.45	597.52	635.48	675.04
1608130719	170212840	658.45	597.52	635.48	675.04
1608130719	180160558	658.45	597.52	635.48	675.04
1608130719	190207168	658.45	597.52	635.48	675.04
1608130719	200088439	658.45	597.52	635.48	675.04
1608130719	210103713	658.45	597.52	635.48	675.04
1608130719	220171313	658.45	597.52	635.48	675.04
1608130719	230152406	658.45	597.52	635.48	675.04
1608130719	240210719	658.45	597.52	635.48	675.04
1608130719	250187170	658.45	597.52	635.48	675.04
1608130719	260264822	658.45	597.52	635.48	675.04
1608130719	270122313	658.45	597.52	635.48	675.04
1608130719	280387704	658.45	597.52	635.48	675.04
1608130719	290191308	658.45	597.52	635.48	675.04
1608130719	300211067	658.45	597.52	635.48	675.04
1608130719	310177448	658.45	597.52	635.48	675.04
1608130719	320197805	658.45	597.52	635.48	675.04
1608130719	330229677	658.45	597.52	635.48	675.04
1608130719	340191705	658.45	597.52	635.48	675.04
1608130719	350183341	658.45	597.52	635.48	675.04
1608130719	360070422	658.45	597.52	635.48	675.04
1608130719	370141114	658.45	597.52	635.48	675.04
1608130719	380197269	658.45	597.52	635.48	675.04
1608130719	390177216	658.45	597.52	635.48	675.04
1608130719	400357124	658.45	597.52	635.48	675.04
1608130719	410212535	658.45	597.52	635.48	675.04
1608130719	420176766	658.45	597.52	635.48	675.04
1608130719	430034188	658.45	597.52	635.48	675.04
1608130719	440182345	658.45	597.52	635.48	675.04
1608130719	450127036	658.45	597.52	635.48	675.04
1608130719	460079133	658.45	597.52	635.48	675.04
1608130719	470131079	658.45	597.52	635.48	675.04
1608130719	480125566	658.45	597.52	635.48	675.04
1608130719	490164908	658.45	597.52	635.48	675.04
1608130719	500223681	658.45	597.52	635.48	675.04
1608130719	510125678	658.45	597.52	635.48	675.04
1608130719	520185548	658.45	597.52	635.48	675.04
1608130719	530151525	658.45	597.52	635.48	675.04
1608130719	540117430	660.4	599.3	637.36	677.03
1608130719	550115283	662.34	601.08	639.25	679.01
1608130719	560239766	664.28	602.86	641.13	681
1608130719	570121530	666.22	604.63	643.01	682.99
1608130719	580032820	668.17	606.41	644.89	684.97
1608130719	590269091	670.11	608.19	646.77	686.96
1608130719	600201851	672.05	609.97	648.65	688.95
1608130719	610222530	673.99	611.75	650.53	690.93
1608130719	620265214	675.94	613.53	652.41	692.92
1608130719	630283485	677.88	615.3	654.29	694.91
1608130719	640186553	679.82	617.08	656.17	696.9
1608130719	650008207	681.76	618.86	658.06	698.88
1608130719	660276412	683.71	620.64	659.94	700.87
1608130719	670329120	685.65	622.42	661.82	702.86
1608130719	680091618	687.59	624.2	663.7	704.84
1608130719	690182675	689.54	625.98	665.58	706.83
1608130719	700102921	691.48	627.76	667.46	708.82
1608130719	710149566	693.42	629.54	669.34	710.8
1608130719	720187350	695.36	631.32	671.23	712.79
1608130719	730279839	697.31	633.1	673.11	714.78
1608130719	740168026	699.25	634.88	674.99	716.76
1608130719	750019116	701.19	636.66	676.87	718.75
1608130719	760106557	703.14	638.44	678.75	720.74
1608130719	770172594	705.08	640.22	680.64	722.73
1608130719	780240808	707.02	642	682.52	724.71
1608130719	790108695	708.96	643.78	684.4	726.7
1608130719	800185587	710.91	645.56	686.28	728.69
1608130719	810158145	712.85	647.34	688.16	730.67
1608130719	820120462	714.79	649.12	690.05	732.66
1608130719	830177503	716.74	650.9	691.93	734.65
1608130719	840153026	718.68	652.68	693.81	736.63
1608130719	850197725	720.62	654.46	695.69	738.62
1608130719	860176195	722.57	656.24	697.58	740.61
1608130719	870206307	724.51	658.02	699.46	742.6
1608130719	880253715	726.45	659.81	701.34	744.58
1608130719	890185328	728.4	661.59	703.22	746.57
1608130719	900273939	730.34	663.37	705.11	748.56
1608130719	910157624	732.28	665.15	706.99	750.54
1608130719	920181849	734.23	666.93	708.87	752.53
1608130719	930112621	736.17	668.71	710.76	754.52
1608130719	940083239	738.11	670.5	712.64	756.51
1608130719	950174232	740.06	672.28	714.52	758.49
1608130719	960235434	742	674.06	716.41	760.48
1608130719	970176962	743.95	675.84	718.29	762.47
1608130719	980161743	745.89	677.62	720.17	764.45
1608130719	990169130	747.83	679.41	722.06	766.44
1608130720	65295	749.78	681.19	723.94	768.43
1608130720	10207011	751.72	682.97	725.82	770.42
1608130720	20135159	753.66	684.76	727.71	772.4
1608130720	30164432	755.61	686.54	729.59	774.39
1608130720	40249710	757.55	688.32	731.47	776.38
1608130720	50173475	759.5	690.1	733.36	778.36
1608130720	60124558	761.44	691.89	735.24	780.35
1608130720	70207523	763.38	693.67	737.12	782.34
1608130720	80181891	765.33	695.45	739.01	784.33
1608130720	90212576	767.27	697.24	740.89	786.31
1608130720	100333278	769.22	699.02	742.78	788.3
1608130720	110254566	771.16	700.81	744.66	790.29
1608130720	120226758	773.1	702.59	746.54	792.27
1608130720	130149839	775.05	704.37	748.43	794.26
1608130720	140086417	776.99	706.16	750.31	796.25
1608130720	150174660	778.94	707.94	752.2	798.24
1608130720	160121442	780.88	709.73	754.08	800.22
1608130720	170282521	782.82	711.51	755.97	802.21
1608130720	180150704	784.77	713.29	757.85	804.2
1608130720	190155492	786.71	715.08	759.73	806.19
1608130720	200270582	788.66	716.86	761.62	808.17
1608130720	210142371	790.6	718.65	763.5	810.16
1608130720	220140341	792.55	720.43	765.39	812.15
1608130720	230147751	794.49	722.22	767.27	814.13
1608130720	240053375	796.43	724	769.16	816.12
1608130720	250151975	798.38	725.79	771.04	818.11
1608130720	260187684	800.32	727.57	772.93	820.1
1608130720	270253852	802.27	729.36	774.81	822.08
1608130720	280169610	804.21	731.15	776.7	824.07
1608130720	290179527	806.16	732.93	778.58	826.06
1608130720	300128212	808.1	734.72	780.47	828.05
1608130720	310123164	810.05	736.5	782.35	830.03
1608130720	320121273	811.99	738.29	784.24	832.02
1608130720	330142162	813.94	740.07	786.12	834.01
1608130720	340230697	815.88	741.86	788.01	836
1608130720	350195911	817.83	743.65	789.9	837.98
1608130720	360140317	819.77	745.43	791.78	839.97
1608130720	370164377	821.71	747.22	793.67	841.96
1608130720	380191998	823.66	749.01	795.55	843.95
1608130720	390133441	825.6	750.79	797.44	845.93
1608130720	400273337	827.55	752.58	799.32	847.92
1608130720	410151751	829.49	754.37	801.21	849.91
1608130720	420172405	831.44	756.15	803.1	851.89
1608130720	430064138	833.38	757.94	804.98	853.88
1608130720	440128490	835.33	759.73	806.87	855.87
1608130720	450137402	837.27	761.52	808.75	857.86
1608130720	460226765	839.22	763.3	810.64	859.84
1608130720	470267282	841.16	765.09	812.53	861.83
1608130720	480095139	843.11	766.88	814.41	863.82
1608130720	490164478	845.05	768.67	816.3	865.81
1608130720	500138399	847	770.45	818.18	867.79
1608130720	510100905	848.95	772.24	820.07	869.78
1608130720	520143160	850.89	774.03	821.96	871.77
1608130720	530215919	852.84	775.82	823.84	873.76
1608130720	540080577	854.78	777.61	825.73	875.74
1608130720	550153789	856.73	779.39	827.62	877.73
1608130720	560125878	858.67	781.18	829.5	879.72
1608130720	570165783	860.62	782.97	831.39	881.71
1608130720	580157638	862.56	784.76	833.28	883.69
1608130720	590155900	864.51	786.55	835.16	885.68
1608130720	600160141	866.45	788.34	837.05	887.67
1608130720	610156515	868.4	790.13	838.94	889.66
1608130720	620179274	870.34	791.92	840.83	891.65
1608130720	630135163	872.29	793.7	842.71	893.63
1608130720	640087968	874.24	795.49	844.6	895.62
1608130720	650426032	876.18	797.28	846.49	897.61
1608130720	660302078	878.13	799.07	848.37	899.6
1608130720	670194470	880.07	800.86	850.26	901.58
1608130720	680144133	882.02	802.65	852.15	903.57
1608130720	690184902	883.96	804.44	854.04	905.56
1608130720	700401885	885.91	806.23	855.92	907.55
1608130720	710200258	887.86	808.02	857.81	909.53
1608130720	720264302	889.8	809.81	859.7	911.52
1608130720	730051211	891.75	811.6	861.59	913.51
1608130720	740316526	893.69	813.39	863.47	915.5
1608130720	750113440	895.64	815.18	865.36	917.48
1608130720	760147812	897.58	816.97	867.25	919.47
1608130720	770184029	899.53	818.76	869.14	921.46
1608130720	780225123	901.48	820.55	871.03	923.45
1608130720	790143786	903.42	822.34	872.91	925.43
1608130720	800132949	905.37	824.14	874.8	927.42
1608130720	810189931	907.31	825.93	876.69	929.41
1608130720	820084866	909.26	827.72	878.58	931.4
1608130720	830213959	911.21	829.51	880.47	933.39
1608130720	840205898	913.15	831.3	882.35	935.37
1608130720	850344777	915.1	833.09	884.24	937.36
1608130720	860397904	917.04	834.88	886.13	939.35
1608130720	870391339	918.99	836.67	888.02	941.34
1608130720	880392652	920.94	838.47	889.91	943.32
1608130720	890209409	922.88	840.26	891.8	945.31
1608130720	900189333	924.83	842.05	893.69	947.3
1608130720	910119009	926.78	843.84	895.57	949.29
1608130720	920166732	928.72	845.63	897.46	951.28
1608130720	930139600	930.67	847.43	899.35	953.26
1608130720	940292683	932.62	849.22	901.24	955.25
1608130720	950285165	934.56	851.01	903.13	957.24
1608130720	960242345	936.51	852.8	905.02	959.23
1608130720	970195652	938.45	854.6	906.91	961.21
1608130720	980145529	940.4	856.39	908.8	963.2
1608130720	990119145	942.35	858.18	910.69	965.19
1608130721	137361	944.29	859.97	912.58	967.18
1608130721	10137685	946.24	861.77	914.46	969.17
1608130721	20240109	948.19	863.56	916.35	971.15
1608130721	30285688	950.13	865.35	918.24	973.14
1608130721	40262167	952.08	867.15	920.13	975.13
1608130721	50159155	954.03	868.94	922.02	977.12
1608130721	60121900	955.97	870.73	923.91	979.11
1608130721	70162099	957.92	872.53	925.8	981.09
1608130721	80130056	959.87	874.32	927.69	983.08
1608130721	90163734	961.81	876.11	929.58	985.07
1608130721	100160499	963.76	877.91	931.47	987.06
1608130721	110204188	965.71	879.7	933.36	989.04
1608130721	120082808	967.65	881.5	935.25	991.03
1608130721	130221992	969.6	883.29	937.14	993.02
1608130721	140201769	971.55	885.08	939.03	995.01
1608130721	150359446	973.5	886.88	940.92	997
1608130721	160153195	975.44	888.67	942.81	998.98
1608130721	170201966	977.39	890.47	944.7	1000.97
1608130721	180143346	979.34	892.26	946.59	1002.96
1608130721	190227451	981.28	894.06	948.48	1004.95
1608130721	200250451	983.23	895.85	950.37	1006.94
1608130721	210190995	985.18	897.65	952.26	1008.92
1608130721	220060695	987.13	899.44	954.15	1010.91
1608130721	230223763	989.07	901.24	956.04	1012.9
1608130721	240247933	991.02	903.03	957.93	1014.89
1608130721	250188654	992.97	904.83	959.82	1016.88
1608130721	260187480	994.91	906.62	961.71	1018.86
1608130721	270178171	996.86	908.42	963.6	1020.85
1608130721	280190495	998.81	910.21	965.49	1022.84
1608130721	290221566	1000.76	912.01	967.39	1024.83
1608130721	300115413	1002.7	913.8	969.28	1026.82
1608130721	310242673	1004.65	915.6	971.17	1028.8
1608130721	320210885	1006.6	917.4	973.06	1030.79
1608130721	330191871	1008.55	919.19	974.95	1032.78
1608130721	340275450	1010.49	920.99	976.84	1034.77
1608130721	350182713	1012.44	922.79	978.73	1036.76
1608130721	360140862	1014.39	924.58	980.62	1038.74
1608130721	370092321	1016.34	926.38	982.51	1040.73
1608130721	380201498	1018.28	928.17	984.4	1042.72
1608130721	390275463	1020.23	929.97	986.3	1044.71
1608130721	400377981	1022.18	931.77	988.19	1046.7
1608130721	410162679	1024.13	933.56	990.08	1048.68
1608130721	420167194	1026.07	935.36	991.97	1050.67
1608130721	430079762	1028.02	937.16	993.86	1052.66
1608130721	440239841	1029.97	938.96	995.75	1054.65
1608130721	450257839	1031.92	940.75	997.65	1056.64
1608130721	460294114	1033.86	942.55	999.54	1058.63
1608130721	470184477	1035.81	944.35	1001.43	1060.61
1608130721	480181857	1037.76	946.15	1003.32	1062.6
1608130721	490199670	1039.71	947.94	1005.21	1064.59
1608130721	500180439	1041.66	949.74	1007.1	1066.58
1608130721	510149776	1043.6	951.54	1009	1068.57
1608130721	520146537	1045.55	953.34	1010.89	1070.55
1608130721	530271362	1047.5	955.13	1012.78	1072.54
1608130721	540284294	1049.45	956.93	1014.67	1074.53
1608130721	550156441	1051.4	958.73	1016.56	1076.52
1608130721	560160707	1053.34	960.53	1018.46	1078.51
1608130721	570171901	1055.29	962.33	1020.35	1080.5
1608130721	580359949	1057.24	964.13	1022.24	1082.48
1608130721	590185491	1059.19	965.92	1024.13	1084.47
1608130721	600109331	1061.14	967.72	1026.03	1086.46
1608130721	610137524	1063.08	969.52	1027.92	1088.45
1608130721	620213090	1065.03	971.32	1029.81	1090.44
1608130721	630418873	1066.98	973.12	1031.7	1092.42
1608130721	640119227	1068.93	974.92	1033.6	1094.41
1608130721	650204561	1070.88	976.72	1035.49	1096.4
1608130721	660200309	1072.83	978.52	1037.38	1098.39
1608130721	670203914	1074.77	980.32	1039.27	1100.38
1608130721	680201187	1076.72	982.12	1041.17	1102.37
1608130721	690136026	1078.67	983.92	1043.06	1104.35
1608130721	700287291	1080.62	985.72	1044.95	1106.34
1608130721	710267154	1082.57	987.51	1046.85	1108.33
1608130721	720207336	1084.52	989.31	1048.74	1110.32
1608130721	730165179	1086.47	991.11	1050.63	1112.31
1608130721	740249764	1088.41	992.91	1052.53	1114.3
1608130721	750136341	1090.36	994.71	1054.42	1116.28
1608130721	760324390	1092.31	996.51	1056.31	1118.27
1608130721	770139500	1094.26	998.32	1058.21	1120.26
1608130721	780178292	1096.21	1000.12	1060.1	1122.25
1608130721	790191285	1098.16	1001.92	1061.99	1124.24
1608130721	800184923	1100.11	1003.72	1063.89	1126.23
1608130721	810185327	1102.05	1005.52	1065.78	1128.21
1608130721	820202432	1104	1007.32	1067.67	1130.2
1608130721	830409382	1105.95	1009.12	1069.57	1132.19
1608130721	840197306	1107.9	1010.92	1071.46	1134.18
1608130721	850194794	1109.85	1012.72	1073.35	1136.17
1608130721	860192978	1111.8	1014.52	1075.25	1138.16
1608130721	870135078	1113.75	1016.32	1077.14	1140.14
1608130721	880103257	1115.7	1018.12	1079.04	1142.13
1608130721	890075639	1117.64	1019.93	1080.93	1144.12
1608130721	900245580	1119.59	1021.73	1082.82	1146.11
1608130721	910289276	1121.54	1023.53	1084.72	1148.1
1608130721	920381956	1123.49	1025.33	1086.61	1150.09
1608130721	930229144	1125.44	1027.13	1088.51	1152.07
1608130721	940268883	1127.39	1028.93	1090.4	1154.06
1608130721	950277853	1129.34	1030.74	1092.29	1156.05
1608130721	960125882	1131.29	1032.54	1094.19	1158.04
1608130721	970288404	1133.24	1034.34	1096.08	1160.03
1608130721	980286603	1135.19	1036.14	1097.98	1162.02
1608130721	990072736	1137.13	1037.94	1099.87	1164.01
1608130722	313775	1139.08	1039.75	1101.77	1165.99
1608130722	10182531	1141.03	1041.55	1103.66	1167.98
1608130722	20169620	1142.98	1043.35	1105.56	1169.97
1608130722	30252363	1144.93	1045.16	1107.45	1171.96
1608130722	40254892	1146.88	1046.96	1109.35	1173.95
1608130722	50139205	1148.83	1048.76	1111.24	1175.94
1608130722	60138373	1150.78	1050.56	1113.14	1177.92
1608130722	70144913	1152.73	1052.37	1115.03	1179.91
1608130722	80157139	1154.68	1054.17	1116.93	1181.9
1608130722	90074215	1156.63	1055.97	1118.82	1183.89
1608130722	100330795	1158.58	1057.78	1120.72	1185.88
1608130722	110132304	1160.53	1059.58	1122.61	1187.87
1608130722	120236864	1162.48	1061.38	1124.51	1189.86
1608130722	130210855	1164.43	1063.19	1126.4	1191.84
1608130722	140220062	1166.38	1064.99	1128.3	1193.83
1608130722	150304359	1168.32	1066.79	1130.19	1195.82
1608130722	160193259	1170.27	1068.6	1132.09	1197.81
1608130722	170106720	1172.22	1070.4	1133.98	1199.8
1608130722	180153051	1174.17	1072.21	1135.88	1201.79
1608130722	190246470	1176.12	1074.01	1137.77	1203.78
1608130722	200166976	1178.07	1075.81	1139.67	1205.76
1608130722	210173722	1180.02	1077.62	1141.56	1207.75
1608130722	220217752	1181.97	1079.42	1143.46	1209.74
1608130722	230200693	1183.92	1081.23	1145.36	1211.73
1608130722	240201540	1185.87	1083.03	1147.25	1213.72
1608130722	250159322	1187.82	1084.84	1149.15	1215.71
1608130722	260195751	1189.77	1086.64	1151.04	1217.7
1608130722	270335411	1191.72	1088.45	1152.94	1219.68
1608130722	280058278	1193.67	1090.25	1154.84	1221.67
1608130722	290210647	1195.62	1092.06	1156.73	1223.66
1608130722	300227516	1197.57	1093.86	1158.63	1225.65
1608130722	310332867	1199.52	1095.67	1160.52	1227.64
1608130722	320344503	1201.47	1097.47	1162.42	1229.63
1608130722	330310275	1203.42	1099.28	1164.32	1231.62
1608130722	340128441	1205.37	1101.08	1166.21	1233.61
1608130722	350297990	1207.32	1102.89	1168.11	1235.59
1608130722	360292887	1209.27	1104.7	1170	1237.58
1608130722	370124681	1211.22	1106.5	1171.9	1239.57
1608130722	380094091	1213.17	1108.31	1173.8	1241.56
1608130722	390422257	1215.12	1110.11	1175.69	1243.55
1608130722	400371913	1217.07	1111.92	1177.59	1245.54
1608130722	410334931	1219.02	1113.73	1179.49	1247.53
1608130722	420277179	1220.97	1115.53	1181.38	1249.52
1608130722	430214500	1222.92	1117.34	1183.28	1251.5
1608130722	440270867	1224.87	1119.14	1185.18	1253.49
1608130722	450114637	1226.82	1120.95	1187.07	1255.48
1608130722	460198721	1228.77	1122.76	1188.97	1257.47
1608130722	470081495	1230.72	1124.56	1190.87	1259.46
1608130722	480238065	1232.67	1126.37	1192.77	1261.45
1608130722	490294634	1234.62	1128.18	1194.66	1263.44
1608130722	500192040	1236.58	1129.98	1196.56	1265.43
1608130722	510220043	1238.53	1131.79	1198.46	1267.41
1608130722	520217316	1240.48	1133.6	1200.35	1269.4
1608130722	530171909	1242.43	1135.41	1202.25	1271.39
1608130722	540194175	1244.38	1137.21	1204.15	1273.38
1608130722	550168279	1246.33	1139.02	1206.05	1275.37
1608130722	560153486	1248.28	1140.83	1207.94	1277.36
1608130722	570075336	1250.23	1142.64	1209.84	1279.35
1608130722	580232634	1252.18	1144.44	1211.74	1281.34
1608130722	590253629	1254.13	1146.25	1213.64	1283.32
1608130722	600246939	1256.08	1148.06	1215.53	1285.31
1608130722	610174625	1258.03	1149.87	1217.43	1287.3
1608130722	620303073	1259.98	1151.68	1219.33	1289.29
1608130722	630241953	1261.93	1153.48	1221.23	1291.28
1608130722	640145752	1263.88	1155.29	1223.12	1293.27
1608130722	650413301	1265.83	1157.1	1225.02	1295.26
1608130722	660311643	1267.79	1158.91	1226.92	1297.25
1608130722	670119786	1269.74	1160.72	1228.82	1299.24
1608130722	680183511	1271.69	1162.53	1230.72	1301.22
1608130722	690223905	1273.64	1164.33	1232.61	1303.21
1608130722	700200753	1275.59	1166.14	1234.51	1305.2
1608130722	710392904	1277.54	1167.95	1236.41	1307.19
1608130722	720289396	1279.49	1169.76	1238.31	1309.18
1608130722	730277523	1281.44	1171.57	1240.21	1311.17
1608130722	740275629	1283.39	1173.38	1242.1	1313.16
1608130722	750276811	1285.34	1175.19	1244	1315.15
1608130722	760284427	1287.29	1177	1245.9	1317.14
1608130722	770270211	1289.25	1178.81	1247.8	1319.12
1608130722	780212416	1291.2	1180.62	1249.7	1321.11
1608130722	790186177	1293.15	1182.43	1251.6	1323.1
1608130722	800200128	1295.1	1184.24	1253.49	1325.09
1608130722	810096834	1297.05	1186.04	1255.39	1327.08
1608130722	820174775	1299	1187.85	1257.29	1329.07
1608130722	830320532	1300.95	1189.66	1259.19	1331.06
1608130722	840287394	1302.9	1191.47	1261.09	1333.05
1608130722	850270567	1304.86	1193.28	1262.99	1335.04
1608130722	860296530	1306.81	1195.09	1264.89	1337.02
1608130722	870204711	1308.76	1196.9	1266.79	1339.01
1608130722	880187657	1310.71	1198.72	1268.69	1341
1608130722	890286593	1312.66	1200.53	1270.58	1342.99
1608130722	900180534	1314.61	1202.34	1272.48	1344.98
1608130722	910156745	1316.56	1204.15	1274.38	1346.97
1608130722	920157729	1318.52	1205.96	1276.28	1348.96
1608130722	930297010	1320.47	1207.77	1278.18	1350.95
1608130722	940156735	1322.42	1209.58	1280.08	1352.94
1608130722	950372037	1324.37	1211.39	1281.98	1354.93
1608130722	960085430	1326.32	1213.2	1283.88	1356.91
1608130722	970275768	1328.27	1215.01	1285.78	1358.9
1608130722	980132234	1330.22	1216.82	1287.68	1360.89
1608130722	990169788	1332.18	1218.63	1289.58	1362.88
1608130723	195601	1334.13	1220.45	1291.48	1364.87
1608130723	10197095	1336.08	1222.26	1293.38	1366.86
1608130723	20085832	1338.03	1224.07	1295.28	1368.85
1608130723	30275954	1339.98	1225.88	1297.18	1370.84
1608130723	40208344	1341.93	1227.69	1299.08	1372.83
1608130723	50131801	1343.89	1229.5	1300.97	1374.82
1608130723	60205575	1345.84	1231.32	1302.87	1376.81
1608130723	70226553	1347.79	1233.13	1304.77	1378.79
1608130723	80248280	1349.74	1234.94	1306.67	1380.78
1608130723	90190478	1351.69	1236.75	1308.57	1382.77
1608130723	100132333	1353.65	1238.56	1310.47	1384.76
1608130723	110125975	1355.6	1240.38	1312.37	1386.75
1608130723	119990920	1357.55	1242.19	1314.27	1388.74
1608130723	129977408	1359.5	1244	1316.17	1390.73
1608130723	139925915	1361.45	1245.81	1318.07	1392.72
1608130723	149941848	1363.4	1247.63	1319.98	1394.71
1608130723	160244386	1365.36	1249.44	1321.88	1396.7
1608130723	170262375	1367.31	1251.25	1323.78	1398.69
1608130723	180236597	1369.26	1253.07	1325.68	1400.67
1608130723	190289471	1371.21	1254.88	1327.58	1402.66
1608130723	200282410	1373.16	1256.69	1329.48	1404.65
1608130723	210277394	1375.12	1258.5	1331.38	1406.64
1608130723	220178519	1377.07	1260.32	1333.28	1408.63
1608130723	230167965	1379.02	1262.13	1335.18	1410.62
1608130723	240081518	1380.97	1263.94	1337.08	1412.61
1608130723	250253525	1382.93	1265.76	1338.98	1414.6
1608130723	260279344	1384.88	1267.57	1340.88	1416.59
1608130723	270263226	1386.83	1269.39	1342.78	1418.58
1608130723	280211225	1388.78	1271.2	1344.68	1420.57
1608130723	290093517	1390.73	1273.01	1346.58	1422.56
1608130723	300176285	1392.69	1274.83	1348.48	1424.55
1608130723	310180111	1394.64	1276.64	1350.39	1426.53
1608130723	320217432	1396.59	1278.46	1352.29	1428.52
1608130723	330206673	1398.54	1280.27	1354.19	1430.51
1608130723	340239368	1400.5	1282.08	1356.09	1432.5
1608130723	350202379	1402.45	1283.9	1357.99	1434.49
1608130723	360456919	1404.4	1285.71	1359.89	1436.48
1608130723	370272322	1406.35	1287.53	1361.79	1438.47
1608130723	380116954	1408.31	1289.34	1363.69	1440.46
1608130723	390202245	1410.26	1291.16	1365.6	1442.45
1608130723	400207691	1412.21	1292.97	1367.5	1444.44
1608130723	410316831	1414.16	1294.79	1369.4	1446.43
1608130723	420100389	1416.12	1296.6	1371.3	1448.42
1608130723	430194631	1418.07	1298.42	1373.2	1450.41
1608130723	440068565	1420.02	1300.23	1375.1	1452.39
1608130723	450224517	1421.97	1302.05	1377	1454.38
1608130723	460213552	1423.93	1303.86	1378.91	1456.37
1608130723	470249676	1425.88	1305.68	1380.81	1458.36
1608130723	480197614	1427.83	1307.49	1382.71	1460.35
1608130723	490149984	1429.79	1309.31	1384.61	1462.34
1608130723	500302520	1431.74	1311.12	1386.51	1464.33
1608130723	510256216	1433.69	1312.94	1388.42	1466.32
1608130723	520269801	1435.64	1314.76	1390.32	1468.31
1608130723	530273186	1437.6	1316.57	1392.22	1470.3
1608130723	540056777	1439.55	1318.39	1394.12	1472.29
1608130723	550214047	1441.5	1320.2	1396.02	1474.28
1608130723	560222265	1443.46	1322.02	1397.93	1476.27
1608130723	570223047	1445.41	1323.84	1399.83	1478.26
1608130723	580298682	1447.36	1325.65	1401.73	1480.25
1608130723	590312226	1449.31	1327.47	1403.63	1482.24
1608130723	600166877	1451.27	1329.28	1405.54	1484.22
1608130723	610169231	1453.22	1331.1	1407.44	1486.21
1608130723	620179152	1455.17	1332.92	1409.34	1488.2
1608130723	630203025	1457.13	1334.73	1411.24	1490.19
1608130723	640113962	1459.08	1336.55	1413.15	1492.18
1608130723	650236370	1461.03	1338.37	1415.05	1494.17
1608130723	660161754	1462.99	1340.19	1416.95	1496.16
1608130723	670162579	1464.94	1342	1418.85	1498.15
1608130723	680168810	1466.89	1343.82	1420.76	1500.14
1608130723	690142513	1468.85	1345.64	1422.66	1502.13
1608130723	700144203	1470.8	1347.45	1424.56	1504.12
1608130723	710201818	1472.75	1349.27	1426.46	1506.11
1608130723	720167000	1474.71	1351.09	1428.37	1508.1
1608130723	730197960	1476.66	1352.91	1430.27	1510.09
1608130723	740184143	1478.61	1354.72	1432.17	1512.08
1608130723	750241699	1480.57	1356.54	1434.08	1514.07
1608130723	760153168	1482.52	1358.36	1435.98	1516.06
1608130723	770135272	1484.47	1360.18	1437.88	1518.04
1608130723	780275856	1486.43	1362	1439.79	1520.03
1608130723	790089816	1488.38	1363.81	1441.69	1522.02
1608130723	800275835	1490.33	1365.63	1443.59	1524.01
1608130723	810175105	1492.29	1367.45	1445.5	1526
1608130723	820077473	1494.24	1369.27	1447.4	1527.99
1608130723	830199305	1496.19	1371.09	1449.3	1529.98
1608130723	840286475	1498.15	1372.9	1451.21	1531.97
1608130723	850335964	1500.1	1374.72	1453.11	1533.96
1608130723	860300998	1502.05	1376.54	1455.01	1535.95
1608130723	870102650	1504.01	1378.36	1456.92	1537.94
1608130723	880302382	1505.96	1380.18	1458.82	1539.93
1608130723	890301599	1507.91	1382	1460.72	1541.92
1608130723	900138512	1509.87	1383.82	1462.63	1543.91
1608130723	910158093	1511.82	1385.64	1464.53	1545.9
1608130723	920110591	1513.78	1387.46	1466.44	1547.89
1608130723	930167187	1515.73	1389.27	1468.34	1549.88
1608130723	940214446	1517.68	1391.09	1470.24	1551.87
1608130723	950231796	1519.64	1392.91	1472.15	1553.86
1608130723	960223912	1521.59	1394.73	1474.05	1555.85
1608130723	970069420	1523.54	1396.55	1475.95	1557.84
1608130723	980188371	1525.5	1398.37	1477.86	1559.83
1608130723	990179765	1527.45	1400.19	1479.76	1561.81
1608130724	176722	1529.41	1402.01	1481.67	1563.8
1608130724	10209251	1531.36	1403.83	1483.57	1565.79
1608130724	20111720	1533.31	1405.65	1485.48	1567.78
1608130724	30302268	1535.27	1407.47	1487.38	1569.77
1608130724	40187549	1535.27	1407.47	1487.38	1569.77
1608130724	50226214	1535.27	1407.47	1487.38	1569.77
1608130724	60208689	1535.27	1407.47	1487.38	1569.77
1608130724	70214579	1535.27	1407.47	1487.38	1569.77
1608130724	80157444	1535.27	1407.47	1487.38	1569.77
1608130724	90134744	1535.27	1407.47	1487.38	1569.77
1608130724	100269529	1535.27	1407.47	1487.38	1569.77
1608130724	110225198	1535.27	1407.47	1487.38	1569.77
1608130724	120199550	1535.27	1407.47	1487.38	1569.77
1608130724	130157314	1535.27	1407.47	1487.38	1569.77
1608130724	140193927	1535.27	1407.47	1487.38	1569.77
1608130724	150288024	1535.27	1407.47	1487.38	1569.77
1608130724	160196824	1535.27	1407.47	1487.38	1569.77
1608130724	170075400	1535.27	1407.47	1487.38	1569.77
1608130724	180234428	1535.27	1407.47	1487.38	1569.77
1608130724	190185961	1535.27	1407.47	1487.38	1569.77
1608130724	200274420	1535.27	1407.47	1487.38	1569.77
1608130724	210086667	1535.27	1407.47	1487.38	1569.77
1608130724	220248251	1535.27	1407.47	1487.38	1569.77
1608130724	230273989	1535.27	1407.47	1487.38	1569.77
1608130724	240187487	1535.27	1407.47	1487.38	1569.77
1608130724	250186937	1535.27	1407.47	1487.38	1569.77
1608130724	260157957	1535.27	1407.47	1487.38	1569.77
1608130724	270056420	1535.27	1407.47	1487.38	1569.77
1608130724	280207136	1535.27	1407.47	1487.38	1569.77
1608130724	290203668	1535.27	1407.47	1487.38	1569.77
1608130724	300191644	1535.27	1407.47	1487.38	1569.77
1608130724	310120227	1535.27	1407.47	1487.38	1569.77
1608130724	320208558	1535.27	1407.47	1487.38	1569.77
1608130724	330207654	1535.27	1407.47	1487.38	1569.77
1608130724	340114867	1535.27	1407.47	1487.38	1569.77
1608130724	350433972	1535.27	1407.47	1487.38	1569.77
1608130724	360183166	1535.27	1407.47	1487.38	1569.77
1608130724	370282194	1535.27	1407.47	1487.38	1569.77
1608130724	380278600	1535.27	1407.47	1487.38	1569.77
1608130724	390118338	1535.27	1407.47	1487.38	1569.77
1608130724	400104359	1535.27	1407.47	1487.38	1569.77
1608130724	410284526	1535.27	1407.47	1487.38	1569.77
1608130724	420213493	1535.27	1407.47	1487.38	1569.77
1608130724	430223194	1535.27	1407.47	1487.38	1569.77
1608130724	440339354	1535.27	1407.47	1487.38	1569.77
1608130724	450240688	1535.27	1407.47	1487.38	1569.77
1608130724	460238588	1535.27	1407.47	1487.38	1569.77
1608130724	470204446	1535.27	1407.47	1487.38	1569.77
1608130724	480216314	1535.27	1407.47	1487.38	1569.77
1608130724	490298793	1535.27	1407.47	1487.38	1569.77
1608130724	500216069	1535.27	1407.47	1487.38	1569.77
1608130724	510292573	1535.27	1407.47	1487.38	1569.77
1608130724	520298431	1535.27	1407.47	1487.38	1569.77
1608130724	530293017	1535.27	1407.47	1487.38	1569.77
1608130724	540321274	1535.27	1407.47	1487.38	1569.77
1608130724	550190620	1535.27	1407.47	1487.38	1569.77
1608130724	560176089	1535.27	1407.47	1487.38	1569.77
1608130724	570095097	1535.27	1407.47	1487.38	1569.77
1608130724	580166939	1535.27	1407.47	1487.38	1569.77
1608130724	590359736	1535.27	1407.47	1487.38	1569.77
1608130724	600094872	1535.27	1407.47	1487.38	1569.77
1608130724	610150756	1535.27	1407.47	1487.38	1569.77
1608130724	620027949	1535.27	1407.47	1487.38	1569.77
1608130724	629996111	1535.27	1407.47	1487.38	1569.77
1608130724	640081188	1535.27	1407.47	1487.38	1569.77
1608130724	650171299	1535.27	1407.47	1487.38	1569.77
1608130724	660378672	1535.27	1407.47	1487.38	1569.77
1608130724	670082548	1535.27	1407.47	1487.38	1569.77
1608130724	680171433	1535.27	1407.47	1487.38	1569.77
1608130724	690090358	1535.27	1407.47	1487.38	1569.77
1608130724	700194930	1535.27	1407.47	1487.38	1569.77
1608130724	710161850	1535.27	1407.47	1487.38	1569.77
1608130724	720396353	1535.27	1407.47	1487.38	1569.77
1608130724	730198968	1535.27	1407.47	1487.38	1569.77
1608130724	740301882	1535.27	1407.47	1487.38	1569.77
1608130724	750187594	1535.27	1407.47	1487.38	1569.77
1608130724	760167028	1535.27	1407.47	1487.38	1569.77
1608130724	770146157	1535.27	1407.47	1487.38	1569.77
1608130724	780211134	1535.27	1407.47	1487.38	1569.77
1608130724	790081699	1535.27	1407.47	1487.38	1569.77
1608130724	800218636	1535.27	1407.47	1487.38	1569.77
1608130724	810257415	1535.27	1407.47	1487.38	1569.77
1608130724	820257773	1535.27	1407.47	1487.38	1569.77
1608130724	830313368	1535.27	1407.47	1487.38	1569.77
1608130724	840403705	1535.27	1407.47	1487.38	1569.77
1608130724	850084938	1535.27	1407.47	1487.38	1569.77
1608130724	860352204	1535.27	1407.47	1487.38	1569.77
1608130724	870217097	1535.27	1407.47	1487.38	1569.77
1608130724	880135634	1535.27	1407.47	1487.38	1569.77
1608130724	890233730	1535.27	1407.47	1487.38	1569.77
1608130724	900365186	1535.27	1407.47	1487.38	1569.77
1608130724	910369227	1535.27	1407.47	1487.38	1569.77
1608130724	920155827	1535.27	1407.47	1487.38	1569.77
1608130724	930181486	1535.27	1407.47	1487.38	1569.77
1608130724	940287541	1535.27	1407.47	1487.38	1569.77
1608130724	950136114	1535.27	1407.47	1487.38	1569.77
1608130724	960173239	1535.27	1407.47	1487.38	1569.77
1608130724	970398211	1535.27	1407.47	1487.38	1569.77
1608130724	980266499	1535.27	1407.47	1487.38	1569.77
1608130724	990203357	1535.27	1407.47	1487.38	1569.77
1608130725	235721	1535.27	1407.47	1487.38	1569.77
1608130725	10080874	1535.27	1407.47	1487.38	1569.77
1608130725	20079562	1535.27	1407.47	1487.38	1569.77
1608130725	30027749	1535.27	1407.47	1487.38	1569.77
1608130725	40230380	1533.31	1405.65	1485.48	1567.78
1608130725	50246959	1531.36	1403.83	1483.57	1565.79
1608130725	60257221	1529.41	1402.01	1481.67	1563.8
1608130725	70190372	1527.45	1400.19	1479.76	1561.81
1608130725	80122476	1525.5	1398.37	1477.86	1559.83
1608130725	90181792	1523.54	1396.55	1475.95	1557.84
1608130725	100243351	1521.59	1394.73	1474.05	1555.85
1608130725	110439116	1519.64	1392.91	1472.15	1553.86
1608130725	120192594	1517.68	1391.09	1470.24	1551.87
1608130725	130246292	1515.73	1389.27	1468.34	1549.88
1608130725	140230516	1513.78	1387.46	1466.44	1547.89
1608130725	150194612	1511.82	1385.64	1464.53	1545.9
1608130725	160331561	1509.87	1383.82	1462.63	1543.91
1608130725	170230340	1507.91	1382	1460.72	1541.92
1608130725	180283453	1505.96	1380.18	1458.82	1539.93
1608130725	190202714	1504.01	1378.36	1456.92	1537.94
1608130725	200347830	1502.05	1376.54	1455.01	1535.95
1608130725	210293979	1500.1	1374.72	1453.11	1533.96
1608130725	220194415	1498.15	1372.9	1451.21	1531.97
1608130725	230260688	1496.19	1371.09	1449.3	1529.98
1608130725	240288169	1494.24	1369.27	1447.4	1527.99
1608130725	250190281	1492.29	1367.45	1445.5	1526
1608130725	260178308	1490.33	1365.63	1443.59	1524.01
1608130725	270107365	1488.38	1363.81	1441.69	1522.02
1608130725	280320030	1486.43	1362	1439.79	1520.03
1608130725	290386207	1484.47	1360.18	1437.88	1518.04
1608130725	300191394	1482.52	1358.36	1435.98	1516.06
1608130725	310305565	1480.57	1356.54	1434.08	1514.07
1608130725	320130896	1478.61	1354.72	1432.17	1512.08
1608130725	330193453	1476.66	1352.91	1430.27	1510.09
1608130725	340287892	1474.71	1351.09	1428.37	1508.1
1608130725	350293132	1472.75	1349.27	1426.46	1506.11
1608130725	360236144	1470.8	1347.45	1424.56	1504.12
1608130725	370114953	1468.85	1345.64	1422.66	1502.13
1608130725	380313224	1466.89	1343.82	1420.76	1500.14
1608130725	390156828	1464.94	1342	1418.85	1498.15
1608130725	400173169	1462.99	1340.19	1416.95	1496.16
1608130725	410227828	1461.03	1338.37	1415.05	1494.17
1608130725	420295610	1459.08	1336.55	1413.15	1492.18
1608130725	430193808	1457.13	1334.73	1411.24	1490.19
1608130725	440189918	1455.17	1332.92	1409.34	1488.2
1608130725	450151205	1453.22	1331.1	1407.44	1486.21
1608130725	460164698	1451.27	1329.28	1405.54	1484.22
1608130725	470142131	1449.31	1327.47	1403.63	1482.24
1608130725	480313431	1447.36	1325.65	1401.73	1480.25
1608130725	490321106	1445.41	1323.84	1399.83	1478.26
1608130725	500213067	1443.46	1322.02	1397.93	1476.27
1608130725	510291000	1441.5	1320.2	1396.02	1474.28
1608130725	520279016	1439.55	1318.39	1394.12	1472.29
1608130725	530106334	1437.6	1316.57	1392.22	1470.3
1608130725	540098890	1435.64	1314.76	1390.32	1468.31
1608130725	550197963	1433.69	1312.94	1388.42	1466.32
1608130725	560070131	1431.74	1311.12	1386.51	1464.33
1608130725	570198281	1429.79	1309.31	1384.61	1462.34
1608130725	580198275	1427.83	1307.49	1382.71	1460.35
1608130725	590239619	1425.88	1305.68	1380.81	1458.36
1608130725	600178284	1423.93	1303.86	1378.91	1456.37
1608130725	610246296	1421.97	1302.05	1377	1454.38
1608130725	620229048	1420.02	1300.23	1375.1	1452.39
1608130725	630145031	1418.07	1298.42	1373.2	1450.41
1608130725	640196737	1416.12	1296.6	1371.3	1448.42
1608130725	650173935	1414.16	1294.79	1369.4	1446.43
1608130725	660105391	1412.21	1292.97	1367.5	1444.44
1608130725	670203523	1410.26	1291.16	1365.6	1442.45
1608130725	680229460	1408.31	1289.34	1363.69	1440.46
1608130725	690324925	1406.35	1287.53	1361.79	1438.47
1608130725	700227135	1404.4	1285.71	1359.89	1436.48
1608130725	710185664	1402.45	1283.9	1357.99	1434.49
1608130725	720198580	1400.5	1282.08	1356.09	1432.5
1608130725	730235721	1398.54	1280.27	1354.19	1430.51
1608130725	740197173	1396.59	1278.46	1352.29	1428.52
1608130725	750213876	1394.64	1276.64	1350.39	1426.53
1608130725	760259471	1392.69	1274.83	1348.48	1424.55
1608130725	770223610	1390.73	1273.01	1346.58	1422.56
1608130725	780219226	1388.78	1271.2	1344.68	1420.57
1608130725	790213048	1386.83	1269.39	1342.78	1418.58
1608130725	800219893	1384.88	1267.57	1340.88	1416.59
1608130725	810208640	1382.93	1265.76	1338.98	1414.6
1608130725	820167139	1380.97	1263.94	1337.08	1412.61
1608130725	830297832	1379.02	1262.13	1335.18	1410.62
1608130725	840194529	1377.07	1260.32	1333.28	1408.63
1608130725	850178872	1375.12	1258.5	1331.38	1406.64
1608130725	860228953	1373.16	1256.69	1329.48	1404.65
1608130725	870192124	1371.21	1254.88	1327.58	1402.66
1608130725	880259198	1369.26	1253.07	1325.68	1400.67
1608130725	890279692	1367.31	1251.25	1323.78	1398.69
1608130725	900113088	1365.36	1249.44	1321.88	1396.7
1608130725	910296514	1363.4	1247.63	1319.98	1394.71
1608130725	920137563	1361.45	1245.81	1318.07	1392.72
1608130725	930294689	1359.5	1244	1316.17	1390.73
1608130725	940206942	1357.55	1242.19	1314.27	1388.74
1608130725	950100094	1355.6	1240.38	1312.37	1386.75
1608130725	960405808	1353.65	1238.56	1310.47	1384.76
1608130725	970192258	1351.69	1236.75	1308.57	1382.77
1608130725	980197331	1349.74	1234.94	1306.67	1380.78
1608130725	990186553	1347.79	1233.13	1304.77	1378.79
1608130726	280971	1345.84	1231.32	1302.87	1376.81
1608130726	10296009	1343.89	1229.5	1300.97	1374.82
1608130726	20355205	1341.93	1227.69	1299.08	1372.83
1608130726	30202787	1339.98	1225.88	1297.18	1370.84
1608130726	40204527	1338.03	1224.07	1295.28	1368.85
1608130726	50337160	1336.08	1222.26	1293.38	1366.86
1608130726	60206793	1334.13	1220.45	1291.48	1364.87
1608130726	70259050	1332.18	1218.63	1289.58	1362.88
1608130726	80341770	1330.22	1216.82	1287.68	1360.89
1608130726	90233122	1328.27	1215.01	1285.78	1358.9
1608130726	100378824	1326.32	1213.2	1283.88	1356.91
1608130726	110151378	1324.37	1211.39	1281.98	1354.93
1608130726	120194673	1322.42	1209.58	1280.08	1352.94
1608130726	130175549	1320.47	1207.77	1278.18	1350.95
1608130726	140145771	1318.52	1205.96	1276.28	1348.96
1608130726	150231734	1316.56	1204.15	1274.38	1346.97
1608130726	160238444	1314.61	1202.34	1272.48	1344.98
1608130726	170469710	1312.66	1200.53	1270.58	1342.99
1608130726	180237818	1310.71	1198.72	1268.69	1341
1608130726	190224108	1308.76	1196.9	1266.79	1339.01
1608130726	200158829	1306.81	1195.09	1264.89	1337.02
1608130726	210113793	1304.86	1193.28	1262.99	1335.04
1608130726	220424142	1302.9	1191.47	1261.09	1333.05
1608130726	230218899	1300.95	1189.66	1259.19	1331.06
1608130726	240151575	1299	1187.85	1257.29	1329.07
1608130726	250105174	1297.05	1186.04	1255.39	1327.08
1608130726	260224558	1295.1	1184.24	1253.49	1325.09
1608130726	270234218	1293.15	1182.43	1251.6	1323.1
1608130726	280307357	1291.2	1180.62	1249.7	1321.11
1608130726	290244683	1289.25	1178.81	1247.8	1319.12
1608130726	300151055	1287.29	1177	1245.9	1317.14
1608130726	310202287	1285.34	1175.19	1244	1315.15
1608130726	320192189	1283.39	1173.38	1242.1	1313.16
1608130726	330287165	1281.44	1171.57	1240.21	1311.17
1608130726	340150511	1279.49	1169.76	1238.31	1309.18
1608130726	350084620	1277.54	1167.95	1236.41	1307.19
1608130726	360079811	1275.59	1166.14	1234.51	1305.2
1608130726	370265039	1273.64	1164.33	1232.61	1303.21
1608130726	380251193	1271.69	1162.53	1230.72	1301.22
1608130726	390308355	1269.74	1160.72	1228.82	1299.24
1608130726	400217179	1267.79	1158.91	1226.92	1297.25
1608130726	410225749	1265.83	1157.1	1225.02	1295.26
1608130726	420209569	1263.88	1155.29	1223.12	1293.27
1608130726	430193970	1261.93	1153.48	1221.23	1291.28
1608130726	440188852	1259.98	1151.68	1219.33	1289.29
1608130726	450272257	1258.03	1149.87	1217.43	1287.3
1608130726	460254863	1256.08	1148.06	1215.53	1285.31
1608130726	470231952	1254.13	1146.25	1213.64	1283.32
1608130726	480318587	1252.18	1144.44	1211.74	1281.34
1608130726	490241230	1250.23	1142.64	1209.84	1279.35
1608130726	500317166	1248.28	1140.83	1207.94	1277.36
1608130726	510242999	1246.33	1139.02	1206.05	1275.37
1608130726	520256605	1244.38	1137.21	1204.15	1273.38
1608130726	530114270	1242.43	1135.41	1202.25	1271.39
1608130726	540315950	1240.48	1133.6	1200.35	1269.4
1608130726	550353906	1238.53	1131.79	1198.46	1267.41
1608130726	560201987	1236.58	1129.98	1196.56	1265.43
1608130726	570300594	1234.62	1128.18	1194.66	1263.44
1608130726	580146873	1232.67	1126.37	1192.77	1261.45
1608130726	590472246	1230.72	1124.56	1190.87	1259.46
1608130726	600344614	1228.77	1122.76	1188.97	1257.47
1608130726	610239034	1226.82	1120.95	1187.07	1255.48
1608130726	620267583	1224.87	1119.14	1185.18	1253.49
1608130726	630208153	1222.92	1117.34	1183.28	1251.5
1608130726	640202880	1220.97	1115.53	1181.38	1249.52
1608130726	650175679	1219.02	1113.73	1179.49	1247.53
1608130726	660220130	1217.07	1111.92	1177.59	1245.54
1608130726	670197799	1215.12	1110.11	1175.69	1243.55
1608130726	680140695	1213.17	1108.31	1173.8	1241.56
1608130726	690055766	1211.22	1106.5	1171.9	1239.57
1608130726	700086641	1209.27	1104.7	1170	1237.58
1608130726	710101356	1207.32	1102.89	1168.11	1235.59
1608130726	720106452	1205.37	1101.08	1166.21	1233.61
1608130726	730202232	1203.42	1099.28	1164.32	1231.62
1608130726	740422251	1201.47	1097.47	1162.42	1229.63
1608130726	750245872	1199.52	1095.67	1160.52	1227.64
1608130726	760339491	1197.57	1093.86	1158.63	1225.65
1608130726	770203392	1195.62	1092.06	1156.73	1223.66
1608130726	810227364	1187.82	1084.84	1149.15	1215.71
1608130726	820115969	1185.87	1083.03	1147.25	1213.72
1608130726	830424985	1183.92	1081.23	1145.36	1211.73
1608130726	840191298	1181.97	1079.42	1143.46	1209.74
1608130726	850138780	1180.02	1077.62	1141.56	1207.75
1608130726	860199611	1178.07	1075.81	1139.67	1205.76
1608130726	870268755	1176.12	1074.01	1137.77	1203.78
1608130726	880247982	1174.17	1072.21	1135.88	1201.79
1608130726	890417443	1172.22	1070.4	1133.98	1199.8
1608130726	900412129	1170.27	1068.6	1132.09	1197.81
1608130726	910430411	1168.32	1066.79	1130.19	1195.82
1608130726	920240497	1166.38	1064.99	1128.3	1193.83
1608130726	930238841	1164.43	1063.19	1126.4	1191.84
1608130726	940214282	1162.48	1061.38	1124.51	1189.86
1608130726	950132461	1160.53	1059.58	1122.61	1187.87
1608130726	960161627	1158.58	1057.78	1120.72	1185.88
1608130726	970243142	1156.63	1055.97	1118.82	1183.89
1608130726	980224029	1154.68	1054.17	1116.93	1181.9
1608130726	990189220	1152.73	1052.37	1115.03	1179.91
1608130727	228037	1150.78	1050.56	1113.14	1177.92
1608130727	10256914	1148.83	1048.76	1111.24	1175.94
1608130727	20200628	1146.88	1046.96	1109.35	1173.95
1608130727	30195651	1144.93	1045.16	1107.45	1171.96
1608130727	40211739	1142.98	1043.35	1105.56	1169.97
1608130727	50110481	1141.03	1041.55	1103.66	1167.98
1608130727	59905531	1139.08	1039.75	1101.77	1165.99
1608130727	69994622	1137.13	1037.94	1099.87	1164.01
1608130727	79941262	1135.19	1036.14	1097.98	1162.02
1608130727	90040624	1133.24	1034.34	1096.08	1160.03
1608130727	99921435	1131.29	1032.54	1094.19	1158.04
1608130727	110032388	1129.34	1030.74	1092.29	1156.05
1608130727	120147898	1127.39	1028.93	1090.4	1154.06
1608130727	130253470	1125.44	1027.13	1088.51	1152.07
1608130727	140073267	1123.49	1025.33	1086.61	1150.09
1608130727	150105760	1121.54	1023.53	1084.72	1148.1
1608130727	160141185	1119.59	1021.73	1082.82	1146.11
1608130727	170111456	1117.64	1019.93	1080.93	1144.12
1608130727	180015744	1115.7	1018.12	1079.04	1142.13
1608130727	189969954	1113.75	1016.32	1077.14	1140.14
1608130727	199927190	1111.8	1014.52	1075.25	1138.16
1608130727	210142498	1109.85	1012.72	1073.35	1136.17
1608130727	220458599	1107.9	1010.92	1071.46	1134.18
1608130727	230005475	1105.95	1009.12	1069.57	1132.19
1608130727	239954628	1104	1007.32	1067.67	1130.2
1608130727	250151100	1102.05	1005.52	1065.78	1128.21
1608130727	260211955	1100.11	1003.72	1063.89	1126.23
1608130727	270286097	1098.16	1001.92	1061.99	1124.24
1608130727	280246201	1096.21	1000.12	1060.1	1122.25
1608130727	290232341	1094.26	998.32	1058.21	1120.26
1608130727	300112696	1092.31	996.51	1056.31	1118.27
1608130727	310145267	1090.36	994.71	1054.42	1116.28
1608130727	320220852	1088.41	992.91	1052.53	1114.3
1608130727	330165062	1086.47	991.11	1050.63	1112.31
1608130727	340204052	1084.52	989.31	1048.74	1110.32
1608130727	350433742	1082.57	987.51	1046.85	1108.33
1608130727	360234548	1080.62	985.72	1044.95	1106.34
1608130727	370460688	1078.67	983.92	1043.06	1104.35
1608130727	380214800	1076.72	982.12	1041.17	1102.37
1608130727	390221129	1074.77	980.32	1039.27	1100.38
1608130727	400194956	1072.83	978.52	1037.38	1098.39
1608130727	410035276	1070.88	976.72	1035.49	1096.4
1608130727	420063036	1068.93	974.92	1033.6	1094.41
1608130727	430008382	1066.98	973.12	1031.7	1092.42
1608130727	440168568	1065.03	971.32	1029.81	1090.44
1608130727	450301765	1063.08	969.52	1027.92	1088.45
1608130727	460234172	1061.14	967.72	1026.03	1086.46
1608130727	470225720	1059.19	965.92	1024.13	1084.47
1608130727	480240528	1057.24	964.13	1022.24	1082.48
1608130727	490263762	1055.29	962.33	1020.35	1080.5
1608130727	500133935	1053.34	960.53	1018.46	1078.51
1608130727	510233255	1051.4	958.73	1016.56	1076.52
1608130727	520324330	1049.45	956.93	1014.67	1074.53
1608130727	530198900	1047.5	955.13	1012.78	1072.54
1608130727	540223633	1045.55	953.34	1010.89	1070.55
1608130727	550347890	1043.6	951.54	1009	1068.57
1608130727	560189883	1041.66	949.74	1007.1	1066.58
1608130727	570234329	1039.71	947.94	1005.21	1064.59
1608130727	580151634	1037.76	946.15	1003.32	1062.6
1608130727	590125174	1035.81	944.35	1001.43	1060.61
1608130727	600446400	1033.86	942.55	999.54	1058.63
1608130727	610365993	1031.92	940.75	997.65	1056.64
1608130727	620103229	1029.97	938.96	995.75	1054.65
1608130727	630512719	1028.02	937.16	993.86	1052.66
1608130727	640294617	1026.07	935.36	991.97	1050.67
1608130727	650248695	1024.13	933.56	990.08	1048.68
1608130727	660220307	1022.18	931.77	988.19	1046.7
1608130727	670205853	1020.23	929.97	986.3	1044.71
1608130727	680212144	1018.28	928.17	984.4	1042.72
1608130727	690200693	1016.34	926.38	982.51	1040.73
1608130727	700204012	1014.39	924.58	980.62	1038.74
1608130727	710202569	1012.44	922.79	978.73	1036.76
1608130727	720138978	1010.49	920.99	976.84	1034.77
1608130727	730223806	1008.55	919.19	974.95	1032.78
1608130727	740234138	1006.6	917.4	973.06	1030.79
1608130727	750357336	1004.65	915.6	971.17	1028.8
1608130727	760326117	1002.7	913.8	969.28	1026.82
1608130727	770186291	1000.76	912.01	967.39	1024.83
1608130727	780186329	998.81	910.21	965.49	1022.84
1608130727	790415457	996.86	908.42	963.6	1020.85
1608130727	800374897	994.91	906.62	961.71	1018.86
1608130727	810381203	992.97	904.83	959.82	1016.88
1608130727	820155246	991.02	903.03	957.93	1014.89
1608130727	830425981	989.07	901.24	956.04	1012.9
1608130727	840186410	987.13	899.44	954.15	1010.91
1608130727	850262129	985.18	897.65	952.26	1008.92
1608130727	860246471	983.23	895.85	950.37	1006.94
1608130727	870150199	981.28	894.06	948.48	1004.95
1608130727	880251247	979.34	892.26	946.59	1002.96
1608130727	890339821	977.39	890.47	944.7	1000.97
1608130727	900153248	975.44	888.67	942.81	998.98
1608130727	910094785	973.5	886.88	940.92	997
1608130727	920151004	971.55	885.08	939.03	995.01
1608130727	930267956	969.6	883.29	937.14	993.02
1608130727	940205601	967.65	881.5	935.25	991.03
1608130727	950328961	965.71	879.7	933.36	989.04
1608130727	960205469	963.76	877.91	931.47	987.06
1608130727	970204255	961.81	876.11	929.58	985.07
1608130727	980209995	959.87	874.32	927.69	983.08
1608130727	990222733	957.92	872.53	925.8	981.09
1608130728	387935	955.97	870.73	923.91	979.11
1608130728	10150963	954.03	868.94	922.02	977.12
1608130728	20265307	952.08	867.15	920.13	975.13
1608130728	30195903	950.13	865.35	918.24	973.14
1608130728	40246941	948.19	863.56	916.35	971.15
1608130728	50270194	946.24	861.77	914.46	969.17
1608130728	60241744	944.29	859.97	912.58	967.18
1608130728	70232703	942.35	858.18	910.69	965.19
1608130728	80268350	940.4	856.39	908.8	963.2
1608130728	90251375	938.45	854.6	906.91	961.21
1608130728	100213408	936.51	852.8	905.02	959.23
1608130728	110103052	934.56	851.01	903.13	957.24
1608130728	120158419	932.62	849.22	901.24	955.25
1608130728	130477805	930.67	847.43	899.35	953.26
1608130728	140482509	928.72	845.63	897.46	951.28
1608130728	150471863	926.78	843.84	895.57	949.29
1608130728	160446673	924.83	842.05	893.69	947.3
1608130728	170228332	922.88	840.26	891.8	945.31
1608130728	180219243	920.94	838.47	889.91	943.32
1608130728	190462818	918.99	836.67	888.02	941.34
1608130728	200163767	917.04	834.88	886.13	939.35
1608130728	210138216	915.1	833.09	884.24	937.36
1608130728	220253724	913.15	831.3	882.35	935.37
1608130728	230244981	911.21	829.51	880.47	933.39
1608130728	240228649	909.26	827.72	878.58	931.4
1608130728	250258482	907.31	825.93	876.69	929.41
1608130728	260173619	905.37	824.14	874.8	927.42
1608130728	270236291	903.42	822.34	872.91	925.43
1608130728	280177048	901.48	820.55	871.03	923.45
1608130728	290153491	899.53	818.76	869.14	921.46
1608130728	300183649	897.58	816.97	867.25	919.47
1608130728	310236860	895.64	815.18	865.36	917.48
1608130728	320251897	893.69	813.39	863.47	915.5
1608130728	330233306	891.75	811.6	861.59	913.51
1608130728	340432094	889.8	809.81	859.7	911.52
1608130728	350151669	887.86	808.02	857.81	909.53
1608130728	360433903	885.91	806.23	855.92	907.55
1608130728	370201342	883.96	804.44	854.04	905.56
1608130728	380231733	882.02	802.65	852.15	903.57
1608130728	390181410	880.07	800.86	850.26	901.58
1608130728	400135637	878.13	799.07	848.37	899.6
1608130728	410202141	876.18	797.28	846.49	897.61
1608130728	420240539	874.24	795.49	844.6	895.62
1608130728	430222834	872.29	793.7	842.71	893.63
1608130728	440204870	870.34	791.92	840.83	891.65
1608130728	450197987	868.4	790.13	838.94	889.66
1608130728	460186344	866.45	788.34	837.05	887.67
1608130728	470307787	864.51	786.55	835.16	885.68
1608130728	480211563	862.56	784.76	833.28	883.69
1608130728	490318568	860.62	782.97	831.39	881.71
1608130728	500202350	858.67	781.18	829.5	879.72
1608130728	510216934	856.73	779.39	827.62	877.73
1608130728	520245930	854.78	777.61	825.73	875.74
1608130728	530236001	852.84	775.82	823.84	873.76
1608130728	540265648	850.89	774.03	821.96	871.77
1608130728	550229007	848.95	772.24	820.07	869.78
1608130728	560178558	847	770.45	818.18	867.79
1608130728	570247460	845.05	768.67	816.3	865.81
1608130728	580232094	843.11	766.88	814.41	863.82
1608130728	590245290	841.16	765.09	812.53	861.83
1608130728	600290065	839.22	763.3	810.64	859.84
1608130728	610105101	837.27	761.52	808.75	857.86
1608130728	620266513	835.33	759.73	806.87	855.87
1608130728	630248473	833.38	757.94	804.98	853.88
1608130728	640273724	831.44	756.15	803.1	851.89
1608130728	650269553	829.49	754.37	801.21	849.91
1608130728	660282474	827.55	752.58	799.32	847.92
1608130728	670146644	825.6	750.79	797.44	845.93
1608130728	680179889	823.66	749.01	795.55	843.95
1608130728	690140628	821.71	747.22	793.67	841.96
1608130728	700152494	819.77	745.43	791.78	839.97
1608130728	710314880	817.83	743.65	789.9	837.98
1608130728	720211623	815.88	741.86	788.01	836
1608130728	730218674	813.94	740.07	786.12	834.01
1608130728	740325204	811.99	738.29	784.24	832.02
1608130728	750323593	810.05	736.5	782.35	830.03
1608130728	760189877	808.1	734.72	780.47	828.05
1608130728	770318458	806.16	732.93	778.58	826.06
1608130728	780330689	804.21	731.15	776.7	824.07
1608130728	790339379	802.27	729.36	774.81	822.08
1608130728	800172823	800.32	727.57	772.93	820.1
1608130728	810243449	798.38	725.79	771.04	818.11
1608130728	820276974	796.43	724	769.16	816.12
1608130728	830258716	794.49	722.22	767.27	814.13
1608130728	840356950	792.55	720.43	765.39	812.15
1608130728	850142509	790.6	718.65	763.5	810.16
1608130728	860253573	788.66	716.86	761.62	808.17
1608130728	870104334	786.71	715.08	759.73	806.19
1608130728	880205265	784.77	713.29	757.85	804.2
1608130728	890240224	782.82	711.51	755.97	802.21
1608130728	900346987	780.88	709.73	754.08	800.22
1608130728	910121229	778.94	707.94	752.2	798.24
1608130728	920249628	776.99	706.16	750.31	796.25
1608130728	930377397	775.05	704.37	748.43	794.26
1608130728	940360318	773.1	702.59	746.54	792.27
1608130728	950386248	771.16	700.81	744.66	790.29
1608130728	960269310	769.22	699.02	742.78	788.3
1608130728	970297713	767.27	697.24	740.89	786.31
1608130728	980162230	765.33	695.45	739.01	784.33
1608130728	990176939	763.38	693.67	737.12	782.34
1608130729	165281	761.44	691.89	735.24	780.35
1608130729	10428455	759.5	690.1	733.36	778.36
1608130729	20257577	757.55	688.32	731.47	776.38
1608130729	30197820	755.61	686.54	729.59	774.39
1608130729	40287426	753.66	684.76	727.71	772.4
1608130729	50232324	751.72	682.97	725.82	770.42
1608130729	60335166	749.78	681.19	723.94	768.43
1608130729	70335296	747.83	679.41	722.06	766.44
1608130729	80214597	745.89	677.62	720.17	764.45
1608130729	90314321	743.95	675.84	718.29	762.47
1608130729	100228794	742	674.06	716.41	760.48
1608130729	110322213	740.06	672.28	714.52	758.49
1608130729	120415368	738.11	670.5	712.64	756.51
1608130729	130195215	736.17	668.71	710.76	754.52
1608130729	140263764	734.23	666.93	708.87	752.53
1608130729	150175472	732.28	665.15	706.99	750.54
1608130729	160325458	730.34	663.37	705.11	748.56
1608130729	170194365	728.4	661.59	703.22	746.57
1608130729	180210952	726.45	659.81	701.34	744.58
1608130729	190446132	724.51	658.02	699.46	742.6
1608130729	200374697	722.57	656.24	697.58	740.61
1608130729	210415475	720.62	654.46	695.69	738.62
1608130729	220223426	718.68	652.68	693.81	736.63
1608130729	230215150	716.74	650.9	691.93	734.65
1608130729	240221258	714.79	649.12	690.05	732.66
1608130729	250132770	712.85	647.34	688.16	730.67
1608130729	260215477	710.91	645.56	686.28	728.69
1608130729	270174970	708.96	643.78	684.4	726.7
1608130729	280321541	707.02	642	682.52	724.71
1608130729	290220335	705.08	640.22	680.64	722.73
1608130729	300262807	703.14	638.44	678.75	720.74
1608130729	310232055	701.19	636.66	676.87	718.75
1608130729	320342952	699.25	634.88	674.99	716.76
1608130729	330195153	697.31	633.1	673.11	714.78
1608130729	340279206	695.36	631.32	671.23	712.79
1608130729	350084487	693.42	629.54	669.34	710.8
1608130729	360345516	691.48	627.76	667.46	708.82
1608130729	370253976	689.54	625.98	665.58	706.83
1608130729	380182221	687.59	624.2	663.7	704.84
1608130729	390238406	685.65	622.42	661.82	702.86
1608130729	400359420	683.71	620.64	659.94	700.87
1608130729	410352014	681.76	618.86	658.06	698.88
1608130729	420238550	679.82	617.08	656.17	696.9
1608130729	430249610	677.88	615.3	654.29	694.91
1608130729	440319093	675.94	613.53	652.41	692.92
1608130729	450219121	673.99	611.75	650.53	690.93
1608130729	460242324	672.05	609.97	648.65	688.95
1608130729	470133892	670.11	608.19	646.77	686.96
1608130729	480296422	668.17	606.41	644.89	684.97
1608130729	490241243	666.22	604.63	643.01	682.99
1608130729	500272333	664.28	602.86	641.13	681
1608130729	510189292	662.34	601.08	639.25	679.01
1608130729	520227826	660.4	599.3	637.36	677.03
1608130729	530126158	658.45	597.52	635.48	675.04
1608130729	540263720	658.45	597.52	635.48	675.04
1608130729	550249436	658.45	597.52	635.48	675.04
1608130729	560141048	658.45	597.52	635.48	675.04
1608130729	570143608	658.45	597.52	635.48	675.04
1608130729	580282746	658.45	597.52	635.48	675.04
1608130729	590395506	658.45	597.52	635.48	675.04
1608130729	600357449	658.45	597.52	635.48	675.04
1608130729	610326439	658.45	597.52	635.48	675.04
1608130729	620322227	658.45	597.52	635.48	675.04
1608130729	630320322	658.45	597.52	635.48	675.04
1608130729	640222738	658.45	597.52	635.48	675.04
1608130729	650318430	658.45	597.52	635.48	675.04
1608130729	660272255	658.45	597.52	635.48	675.04
1608130729	670287119	658.45	597.52	635.48	675.04
1608130729	680254783	658.45	597.52	635.48	675.04
1608130729	690251118	658.45	597.52	635.48	675.04
1608130729	700232619	658.45	597.52	635.48	675.04
1608130729	710213338	658.45	597.52	635.48	675.04
1608130729	720206871	658.45	597.52	635.48	675.04
1608130729	730187237	658.45	597.52	635.48	675.04
1608130729	740171178	658.45	597.52	635.48	675.04
1608130729	750259833	658.45	597.52	635.48	675.04
1608130729	760244731	658.45	597.52	635.48	675.04
1608130729	770141453	658.45	597.52	635.48	675.04
1608130729	780352884	658.45	597.52	635.48	675.04
1608130729	790306192	658.45	597.52	635.48	675.04
1608130729	800185696	658.45	597.52	635.48	675.04
1608130729	810395474	658.45	597.52	635.48	675.04
1608130729	820223976	658.45	597.52	635.48	675.04
1608130729	830190406	658.45	597.52	635.48	675.04
1608130729	840225040	658.45	597.52	635.48	675.04
1608130729	850340643	658.45	597.52	635.48	675.04
1608130729	860136007	658.45	597.52	635.48	675.04
1608130729	870270277	658.45	597.52	635.48	675.04
1608130729	880235280	658.45	597.52	635.48	675.04
1608130729	890233638	658.45	597.52	635.48	675.04
1608130729	900409817	658.45	597.52	635.48	675.04
1608130729	910400152	658.45	597.52	635.48	675.04
1608130729	920260631	658.45	597.52	635.48	675.04
1608130729	930180244	658.45	597.52	635.48	675.04
1608130729	940389969	658.45	597.52	635.48	675.04
1608130729	950268938	658.45	597.52	635.48	675.04
1608130729	960238676	658.45	597.52	635.48	675.04
1608130729	970260350	658.45	597.52	635.48	675.04
1608130729	980237453	658.45	597.52	635.48	675.04
1608130729	990268368	658.45	597.52	635.48	675.04
1608130730	355120	658.45	597.52	635.48	675.04
1608130730	10226534	658.45	597.52	635.48	675.04
1608130730	20219229	658.45	597.52	635.48	675.04
1608130730	30408542	658.45	597.52	635.48	675.04
1608130730	40314800	658.45	597.52	635.48	675.04
1608130730	50330729	658.45	597.52	635.48	675.04
1608130730	60142149	658.45	597.52	635.48	675.04
1608130730	70402029	658.45	597.52	635.48	675.04
1608130730	80249993	658.45	597.52	635.48	675.04
1608130730	90165096	658.45	597.52	635.48	675.04
1608130730	100234661	658.45	597.52	635.48	675.04
1608130730	110170720	658.45	597.52	635.48	675.04
1608130730	120236092	658.45	597.52	635.48	675.04
1608130730	130165777	658.45	597.52	635.48	675.04
1608130730	140313027	658.45	597.52	635.48	675.04
1608130730	150324774	658.45	597.52	635.48	675.04
1608130730	160160131	658.45	597.52	635.48	675.04
1608130730	170194151	658.45	597.52	635.48	675.04
1608130730	180281646	658.45	597.52	635.48	675.04
1608130730	190264277	658.45	597.52	635.48	675.04
1608130730	200286815	658.45	597.52	635.48	675.04
1608130730	210219885	658.45	597.52	635.48	675.04
1608130730	220426219	658.45	597.52	635.48	675.04
1608130730	230245584	658.45	597.52	635.48	675.04
1608130730	240212837	658.45	597.52	635.48	675.04
1608130730	250134139	658.45	597.52	635.48	675.04
1608130730	260295661	658.45	597.52	635.48	675.04
1608130730	270309872	658.45	597.52	635.48	675.04
1608130730	280264399	658.45	597.52	635.48	675.04
1608130730	290270122	658.45	597.52	635.48	675.04
1608130730	300231589	658.45	597.52	635.48	675.04
1608130730	310230785	658.45	597.52	635.48	675.04
1608130730	320247133	658.45	597.52	635.48	675.04
1608130730	330227715	658.45	597.52	635.48	675.04
1608130730	340233195	658.45	597.52	635.48	675.04
1608130730	350198239	658.45	597.52	635.48	675.04
1608130730	360251854	658.45	597.52	635.48	675.04
1608130730	370281111	658.45	597.52	635.48	675.04
1608130730	380292897	658.45	597.52	635.48	675.04
1608130730	390261395	658.45	597.52	635.48	675.04
1608130730	400264284	658.45	597.52	635.48	675.04
1608130730	410246836	658.45	597.52	635.48	675.04
1608130730	420257175	658.45	597.52	635.48	675.04
1608130730	430165519	658.45	597.52	635.48	675.04
1608130730	440273039	658.45	597.52	635.48	675.04
1608130730	450218865	658.45	597.52	635.48	675.04
1608130730	460238388	658.45	597.52	635.48	675.04
1608130730	470239156	658.45	597.52	635.48	675.04
1608130730	480464871	658.45	597.52	635.48	675.04
1608130730	490157950	658.45	597.52	635.48	675.04
1608130730	500082267	658.45	597.52	635.48	675.04
1608130730	510226758	658.45	597.52	635.48	675.04
1608130730	520174930	658.45	597.52	635.48	675.04
1608130730	530318754	658.45	597.52	635.48	675.04
1608130730	540156456	656.51	595.75	633.6	673.05
1608130730	550363305	654.57	593.97	631.72	671.07
1608130730	560263810	652.63	592.19	629.84	669.08
1608130730	570266274	650.68	590.41	627.96	667.09
1608130730	580417954	648.74	588.64	626.08	665.11
1608130730	590369321	646.8	586.86	624.2	663.12
1608130730	600336509	644.86	585.08	622.32	661.13
1608130730	610254538	642.92	583.31	620.44	659.15
1608130730	620258008	640.97	581.53	618.56	657.16
1608130730	630229225	639.03	579.75	616.68	655.17
1608130730	640253269	637.09	577.98	614.8	653.19
1608130730	650130726	635.15	576.2	612.92	651.2
1608130730	660409372	633.21	574.42	611.04	649.21
1608130730	670213882	631.26	572.65	609.16	647.23
1608130730	680288788	629.32	570.87	607.28	645.24
1608130730	690316950	627.38	569.1	605.4	643.25
1608130730	700247663	625.44	567.32	603.52	641.27
1608130730	710151351	623.5	565.54	601.64	639.28
1608130730	720415700	621.56	563.77	599.76	637.29
1608130730	730238135	619.61	561.99	597.88	635.31
1608130730	740104578	617.67	560.22	596.01	633.32
1608130730	750440736	615.73	558.44	594.13	631.33
1608130730	760351190	613.79	556.67	592.25	629.35
1608130730	770499080	611.85	554.89	590.37	627.36
1608130730	780488624	609.91	553.12	588.49	625.37
1608130730	790443893	607.96	551.34	586.61	623.39
1608130730	800462536	606.02	549.57	584.73	621.4
1608130730	810469019	604.08	547.79	582.85	619.41
1608130730	820147139	602.14	546.02	580.97	617.43
1608130730	830079572	600.2	544.24	579.09	615.44
1608130730	840280376	598.26	542.47	577.22	613.45
1608130730	850157571	596.32	540.7	575.34	611.47
1608130730	860220662	594.37	538.92	573.46	609.48
1608130730	870219617	592.43	537.15	571.58	607.49
1608130730	880264692	590.49	535.37	569.7	605.51
1608130730	890132591	588.55	533.6	567.82	603.52
1608130730	900235982	586.61	531.83	565.95	601.53
1608130730	910237770	584.67	530.05	564.07	599.55
1608130730	920276680	582.73	528.28	562.19	597.56
1608130730	930275227	580.79	526.51	560.31	595.57
1608130730	940093304	578.84	524.73	558.43	593.59
1608130730	950180048	576.9	522.96	556.55	591.6
1608130730	960411282	574.96	521.19	554.68	589.61
1608130730	970397010	573.02	519.42	552.8	587.63
1608130730	980302384	571.08	517.64	550.92	585.64
1608130730	990180752	569.14	515.87	549.04	583.66
1608130731	259328	567.2	514.1	547.17	581.67
1608130731	10276347	565.26	512.33	545.29	579.68
1608130731	20243122	563.32	510.55	543.41	577.7
1608130731	30257311	561.38	508.78	541.53	575.71
1608130731	40285562	559.44	507.01	539.66	573.72
1608130731	50372916	557.49	505.24	537.78	571.74
1608130731	60471834	555.55	503.47	535.9	569.75
1608130731	70272371	553.61	501.69	534.02	567.76
1608130731	80292114	551.67	499.92	532.15	565.78
1608130731	90229320	549.73	498.15	530.27	563.79
1608130731	100268978	547.79	496.38	528.39	561.8
1608130731	110237683	545.85	494.61	526.52	559.82
1608130731	120215369	543.91	492.84	524.64	557.83
1608130731	130116589	541.97	491.07	522.76	555.85
1608130731	140294937	540.03	489.3	520.89	553.86
1608130731	150504502	538.09	487.52	519.01	551.87
1608130731	160258034	536.15	485.75	517.13	549.89
1608130731	170266264	534.21	483.98	515.26	547.9
1608130731	180248003	532.27	482.21	513.38	545.91
1608130731	190247006	530.33	480.44	511.5	543.93
1608130731	200405507	528.39	478.67	509.63	541.94
1608130731	210374714	526.45	476.9	507.75	539.96
1608130731	220259374	524.51	475.13	505.87	537.97
1608130731	230112576	522.57	473.36	504	535.98
1608130731	240194100	520.63	471.59	502.12	534
1608130731	250224813	518.69	469.82	500.25	532.01
1608130731	260264698	516.75	468.05	498.37	530.02
1608130731	270287068	514.81	466.28	496.49	528.04
1608130731	280184790	512.87	464.52	494.62	526.05
1608130731	290245346	510.93	462.75	492.74	524.07
1608130731	300192419	508.99	460.98	490.87	522.08
1608130731	310251610	507.05	459.21	488.99	520.09
1608130731	320289718	505.11	457.44	487.12	518.11
1608130731	330112730	503.17	455.67	485.24	516.12
1608130731	340199080	501.23	453.9	483.36	514.13
1608130731	350336413	499.29	452.13	481.49	512.15
1608130731	360251071	497.35	450.37	479.61	510.16
1608130731	370260266	495.41	448.6	477.74	508.18
1608130731	380276269	493.47	446.83	475.86	506.19
1608130731	390210234	491.53	445.06	473.99	504.2
1608130731	400412117	489.59	443.29	472.11	502.22
1608130731	410498419	487.65	441.53	470.24	500.23
1608130731	420281720	485.71	439.76	468.36	498.25
1608130731	430151141	483.77	437.99	466.49	496.26
1608130731	440292825	481.83	436.22	464.61	494.27
1608130731	450299821	479.89	434.46	462.74	492.29
1608130731	460296099	477.95	432.69	460.86	490.3
1608130731	470429425	476.01	430.92	458.99	488.31
1608130731	480273122	474.07	429.16	457.11	486.33
1608130731	490260762	472.13	427.39	455.24	484.34
1608130731	500420186	470.2	425.62	453.37	482.36
1608130731	510269612	468.26	423.86	451.49	480.37
1608130731	520138401	466.32	422.09	449.62	478.38
1608130731	530265287	464.38	420.32	447.74	476.4
1608130731	540279759	462.44	418.56	445.87	474.41
1608130731	550279185	460.5	416.79	444	472.43
1608130731	560240964	458.56	415.02	442.12	470.44
1608130731	570280038	456.62	413.26	440.25	468.45
1608130731	580350033	454.68	411.49	438.37	466.47
1608130731	590212383	452.74	409.73	436.5	464.48
1608130731	600251109	450.8	407.96	434.63	462.5
1608130731	610262969	448.87	406.2	432.75	460.51
1608130731	620232907	446.93	404.43	430.88	458.52
1608130731	630318221	444.99	402.67	429.01	456.54
1608130731	640214554	443.05	400.9	427.13	454.55
1608130731	650271991	441.11	399.14	425.26	452.57
1608130731	660216877	439.17	397.37	423.39	450.58
1608130731	670178597	437.23	395.61	421.51	448.59
1608130731	680270032	435.29	393.84	419.64	446.61
1608130731	690429713	433.36	392.08	417.77	444.62
1608130731	700403832	431.42	390.31	415.89	442.64
1608130731	710405790	429.48	388.55	414.02	440.65
1608130731	720177989	427.54	386.78	412.15	438.67
1608130731	730431162	425.6	385.02	410.27	436.68
1608130731	740238311	423.66	383.26	408.4	434.69
1608130731	750298949	421.72	381.49	406.53	432.71
1608130731	760239388	419.79	379.73	404.66	430.72
1608130731	770393672	417.85	377.97	402.78	428.74
1608130731	780172964	415.91	376.2	400.91	426.75
1608130731	790371149	413.97	374.44	399.04	424.76
1608130731	800161802	412.03	372.68	397.17	422.78
1608130731	810234315	410.09	370.91	395.29	420.79
1608130731	820054097	408.16	369.15	393.42	418.81
1608130731	830166298	406.22	367.39	391.55	416.82
1608130731	840143341	404.28	365.62	389.68	414.84
1608130731	850072721	402.34	363.86	387.81	412.85
1608130731	860203537	400.4	362.1	385.93	410.86
1608130731	870335279	398.47	360.34	384.06	408.88
1608130731	880245797	396.53	358.58	382.19	406.89
1608130731	890334085	394.59	356.81	380.32	404.91
1608130731	900222867	392.65	355.05	378.45	402.92
1608130731	910303739	390.71	353.29	376.57	400.94
1608130731	920290376	388.78	351.53	374.7	398.95
1608130731	930350032	386.84	349.77	372.83	396.96
1608130731	940377704	384.9	348	370.96	394.98
1608130731	950350484	382.96	346.24	369.09	392.99
1608130731	960206403	381.02	344.48	367.22	391.01
1608130731	970337325	379.09	342.72	365.35	389.02
1608130731	980302041	377.15	340.96	363.48	387.04
1608130731	990182711	375.21	339.2	361.6	385.05
1608130732	210045	373.27	337.44	359.73	383.06
1608130732	10249886	371.34	335.68	357.86	381.08
1608130732	20454130	369.4	333.92	355.99	379.09
1608130732	30242323	367.46	332.16	354.12	377.11
1608130732	40298264	365.52	330.4	352.25	375.12
1608130732	50304653	363.59	328.64	350.38	373.14
1608130732	60257978	361.65	326.88	348.51	371.15
1608130732	70377906	359.71	325.12	346.64	369.16
1608130732	80449954	357.77	323.36	344.77	367.18
1608130732	90421842	355.84	321.6	342.9	365.19
1608130732	100258841	353.9	319.84	341.03	363.21
1608130732	110243006	351.96	318.08	339.16	361.22
1608130732	120377373	350.03	316.32	337.29	359.24
1608130732	130285905	348.09	314.56	335.42	357.25
1608130732	140274752	346.15	312.8	333.55	355.27
1608130732	150287662	344.21	311.04	331.68	353.28
1608130732	160219065	342.28	309.28	329.81	351.3
1608130732	170261002	340.34	307.52	327.94	349.31
1608130732	180258299	338.4	305.77	326.07	347.32
1608130732	190271942	336.47	304.01	324.2	345.34
1608130732	200262357	334.53	302.25	322.33	343.35
1608130732	210203539	332.59	300.49	320.46	341.37
1608130732	220274570	330.66	298.73	318.59	339.38
1608130732	230251637	328.72	296.98	316.72	337.4
1608130732	240276256	326.78	295.22	314.85	335.41
1608130732	250284548	324.85	293.46	312.98	333.43
1608130732	260273754	322.91	291.7	311.11	331.44
1608130732	270271322	320.97	289.95	309.24	329.46
1608130732	280285876	319.04	288.19	307.37	327.47
1608130732	290263204	317.1	286.43	305.51	325.48
1608130732	300203722	315.16	284.67	303.64	323.5
1608130732	310351107	313.23	282.92	301.77	321.51
1608130732	320279750	311.29	281.16	299.9	319.53
1608130732	330293658	309.35	279.4	298.03	317.54
1608130732	340279123	307.42	277.65	296.16	315.56
1608130732	350277630	305.48	275.89	294.29	313.57
1608130732	360278272	303.54	274.13	292.42	311.59
1608130732	370288834	301.61	272.38	290.56	309.6
1608130732	380266767	299.67	270.62	288.69	307.62
1608130732	390229842	297.74	268.87	286.82	305.63
1608130732	400289889	295.8	267.11	284.95	303.65
1608130732	410302854	293.86	265.35	283.08	301.66
1608130732	420263318	291.93	263.6	281.22	299.68
1608130732	430263061	289.99	261.84	279.35	297.69
1608130732	440247089	288.05	260.09	277.48	295.7
1608130732	450224887	286.12	258.33	275.61	293.72
1608130732	460189344	284.18	256.58	273.74	291.73
1608130732	470233737	282.25	254.82	271.88	289.75
1608130732	480240396	280.31	253.07	270.01	287.76
1608130732	490243238	278.37	251.31	268.14	285.78
1608130732	500216665	276.44	249.56	266.27	283.79
1608130732	510226388	274.5	247.8	264.41	281.81
1608130732	520295147	272.57	246.05	262.54	279.82
1608130732	530283818	270.63	244.3	260.67	277.84
1608130732	540300607	268.7	242.54	258.81	275.85
1608130732	550243049	266.76	240.79	256.94	273.87
1608130732	560360979	264.82	239.03	255.07	271.88
1608130732	570280785	262.89	237.28	253.2	269.9
1608130732	580241640	260.95	235.53	251.34	267.91
1608130732	590230880	259.02	233.77	249.47	265.93
1608130732	600358392	257.08	232.02	247.6	263.94
1608130732	610219810	255.15	230.27	245.74	261.96
1608130732	620230467	253.21	228.51	243.87	259.97
1608130732	630357038	251.28	226.76	242	257.99
1608130732	640220339	249.34	225.01	240.14	256
1608130732	650221571	247.41	223.26	238.27	254.02
1608130732	660264580	245.47	221.5	236.4	252.03
1608130732	670281677	243.54	219.75	234.54	250.05
1608130732	680203709	241.6	218	232.67	248.06
1608130732	690224183	239.66	216.25	230.81	246.08
1608130732	700249471	237.73	214.49	228.94	244.09
1608130732	710330740	235.79	212.74	227.07	242.11
1608130732	720248112	233.86	210.99	225.21	240.12
1608130732	730362454	231.92	209.24	223.34	238.14
1608130732	740251506	229.99	207.49	221.48	236.15
1608130732	750290964	228.05	205.74	219.61	234.17
1608130732	760289827	226.12	203.98	217.75	232.18
1608130732	770308897	224.19	202.23	215.88	230.2
1608130732	780224986	222.25	200.48	214.02	228.21
1608130732	790220544	220.32	198.73	212.15	226.23
1608130732	800247527	218.38	196.98	210.28	224.24
1608130732	810311420	216.45	195.23	208.42	222.26
1608130732	820295300	214.51	193.48	206.55	220.27
1608130732	830264520	212.58	191.73	204.69	218.29
1608130732	840455554	210.64	189.98	202.82	216.3
1608130732	850303369	208.71	188.23	200.96	214.32
1608130732	860309955	206.77	186.48	199.09	212.33
1608130732	870227468	204.84	184.73	197.23	210.35
1608130732	880261837	202.9	182.98	195.37	208.36
1608130732	890148298	200.97	181.23	193.5	206.38
1608130732	900360111	199.04	179.48	191.64	204.39
1608130732	910206564	197.1	177.73	189.77	202.41
1608130732	920249437	195.17	175.98	187.91	200.42
1608130732	930237766	193.23	174.23	186.04	198.44
1608130732	940282180	191.3	172.48	184.18	196.45
1608130732	950285349	189.36	170.74	182.31	194.47
1608130732	960294505	187.43	168.99	180.45	192.48
1608130732	970250373	185.5	167.24	178.59	190.5
1608130732	980304095	183.56	165.49	176.72	188.51
1608130732	990303993	181.63	163.74	174.86	186.53
1608130733	342954	179.69	161.99	173	184.54
1608130733	10297223	177.76	160.25	171.13	182.56
1608130733	20411485	175.83	158.5	169.27	180.57
1608130733	30390078	173.89	156.75	167.4	178.59
1608130733	40277231	171.96	155	165.54	176.61
1608130733	50424530	170.02	153.25	163.68	174.62
1608130733	60318445	168.09	151.51	161.81	172.64
1608130733	70278318	166.16	149.76	159.95	170.65
1608130733	80250328	164.22	148.01	158.09	168.67
1608130733	90459275	162.29	146.27	156.22	166.68
1608130733	100336656	160.36	144.52	154.36	164.7
1608130733	110260761	158.42	142.77	152.5	162.71
1608130733	120284105	156.49	141.03	150.64	160.73
1608130733	130316758	154.55	139.28	148.77	158.74
1608130733	140313350	152.62	137.53	146.91	156.76
1608130733	150481189	150.69	135.79	145.05	154.77
1608130733	160471788	148.75	134.04	143.19	152.79
1608130733	170283696	146.82	132.29	141.32	150.8
1608130733	180129090	144.89	130.55	139.46	148.82
1608130733	190293691	142.95	128.8	137.6	146.84
1608130733	200289817	141.02	127.06	135.74	144.85
1608130733	210378385	139.09	125.31	133.87	142.87
1608130733	220284006	137.15	123.57	132.01	140.88
1608130733	230291447	135.22	121.82	130.15	138.9
1608130733	240154915	133.29	120.08	128.29	136.91
1608130733	250336585	131.36	118.33	126.43	134.93
1608130733	260165758	129.42	116.59	124.56	132.94
1608130733	270419038	127.49	114.84	122.7	130.96
1608130733	280175223	125.56	113.1	120.84	128.98
1608130733	290346193	123.62	111.35	118.98	126.99
1608130733	300325712	121.69	109.61	117.12	125.01
1608130733	310448542	119.76	107.87	115.26	123.02
1608130733	320182742	117.82	106.12	113.39	121.04
1608130733	330279329	115.89	104.38	111.53	119.05
1608130733	340194203	113.96	102.63	109.67	117.07
1608130733	350347465	112.03	100.89	107.81	115.08
1608130733	360318558	110.09	99.15	105.95	113.1
1608130733	370361409	108.16	97.4	104.09	111.12
1608130733	380214775	106.23	95.66	102.23	109.13
1608130733	390222308	104.3	93.92	100.37	107.15
1608130733	400410651	102.36	92.18	98.51	105.16
1608130733	410245344	100.43	90.43	96.65	103.18
1608130733	420229288	98.5	88.69	94.79	101.19
1608130733	430230914	96.57	86.95	92.92	99.21
1608130733	440234134	94.63	85.21	91.06	97.22
1608130733	450205013	92.7	83.46	89.2	95.24
1608130733	460244040	90.77	81.72	87.34	93.26
1608130733	470227863	88.84	79.98	85.48	91.27
1608130733	480302809	86.91	78.24	83.62	89.29
1608130733	490273940	84.97	76.5	81.76	87.3
1608130733	500521848	83.04	74.75	79.9	85.32
1608130733	510243478	81.11	73.01	78.04	83.33
1608130733	520154463	79.18	71.27	76.18	81.35
1608130733	530230454	77.24	69.53	74.32	79.37
1608130733	540156178	75.31	67.79	72.46	77.38
1608130733	550161409	73.38	66.05	70.61	75.4
1608130733	560271960	71.45	64.31	68.75	73.41
1608130733	570121807	69.52	62.57	66.89	71.43
1608130733	580293846	67.59	60.83	65.03	69.44
1608130733	590271299	65.65	59.09	63.17	67.46
1608130733	600344854	63.72	57.35	61.31	65.48
1608130733	610313278	61.79	55.61	59.45	63.49
1608130733	620387026	59.86	53.87	57.59	61.51
1608130733	630189588	57.93	52.13	55.73	59.52
1608130733	640159465	56	50.39	53.87	57.54
1608130733	650222593	54.06	48.65	52.01	55.56
1608130733	660253502	52.13	46.91	50.16	53.57
1608130733	670207815	50.2	45.17	48.3	51.59
1608130733	680325931	48.27	43.43	46.44	49.6
1608130733	690339186	46.34	41.69	44.58	47.62
1608130733	700310402	44.41	39.95	42.72	45.64
1608130733	710380314	42.48	38.21	40.86	43.65
1608130733	720286428	40.54	36.47	39.01	41.67
1608130733	730316072	38.61	34.74	37.15	39.68
1608130733	740212628	36.68	33	35.29	37.7
1608130733	750223319	34.75	31.26	33.43	35.71
1608130733	760282441	32.82	29.52	31.57	33.73
1608130733	770250854	30.89	27.78	29.72	31.75
1608130733	780236100	28.96	26.05	27.86	29.76
1608130733	790393065	27.03	24.31	26	27.78
1608130733	800326890	25.1	22.57	24.14	25.79
1608130733	810405792	23.16	20.83	22.28	23.81
1608130733	820271885	21.23	19.1	20.43	21.83
1608130733	830238544	19.3	17.36	18.57	19.84
1608130733	840240377	17.37	15.62	16.71	17.86
1608130733	850246356	15.44	13.89	14.86	15.88
1608130733	860242755	13.51	12.15	13	13.89
1608130733	870186200	11.58	10.41	11.14	11.91
1608130733	880426764	9.65	8.68	9.28	9.92
1608130733	890346891	7.72	6.94	7.43	7.94
1608130733	900566816	5.79	5.21	5.57	5.96
1608130733	910237158	3.86	3.47	3.71	3.97
1608130733	920351340	1.93	1.73	1.86	1.99
1608130733	930211044	0	0	0	0
1608130733	940257345	0	0	0	0
1608130733	950414064	0	0	0	0
1608130733	960258486	0	0	0	0
1608130733	970310561	0	0	0	0
1608130733	980123074	0	0	0	0
1608130733	990236454	0	0	0	0
1608130734	273016	0	0	0	0
1608130734	10274885	0	0	0	0
1608130734	20269963	0	0	0	0
1608130734	30500405	0	0	0	0
1608130734	40291976	0	0	0	0
1608130734	50482249	0	0	0	0
1608130734	60291262	0	0	0	0
1608130734	70239633	0	0	0	0
1608130734	80248326	0	0	0	0
1608130734	90244471	0	0	0	0
1608130734	100234412	0	0	0	0
1608130734	110223419	0	0	0	0
1608130734	120212279	0	0	0	0
1608130734	130213788	0	0	0	0
1608130734	140366333	0	0	0	0
1608130734	150295547	0	0	0	0
1608130734	160286291	0	0	0	0
1608130734	170259016	0	0	0	0
1608130734	180413345	0	0	0	0
1608130734	190461242	0	0	0	0
1608130734	200206796	0	0	0	0
1608130734	210214391	0	0	0	0
1608130734	220227404	0	0	0	0
1608130734	230439717	0	0	0	0
1608130734	240240777	0	0	0	0
1608130734	250181719	0	0	0	0
1608130734	260430778	0	0	0	0
1608130734	270142924	0	0	0	0
1608130734	280475194	0	0	0	0
1608130734	290199272	0	0	0	0
1608130734	300520594	0	0	0	0
1608130734	310494273	0	0	0	0
1608130734	320134602	0	0	0	0
1608130734	330298053	0	0	0	0
1608130734	340198788	0	0	0	0
1608130734	350203212	0	0	0	0
1608130734	360155681	0	0	0	0
1608130734	370230233	0	0	0	0
1608130734	380503794	0	0	0	0
1608130734	390429906	0	0	0	0
1608130734	400276926	0	0	0	0
1608130734	410310687	0	0	0	0
1608130734	420276094	0	0	0	0
1608130734	430299195	0	0	0	0
1608130734	440270520	0	0	0	0
1608130734	450239752	0	0	0	0
1608130734	460257729	0	0	0	0
1608130734	470288629	0	0	0	0
1608130734	480322857	0	0	0	0
1608130734	490291033	0	0	0	0
1608130734	500361880	0	0	0	0
1608130734	510290191	0	0	0	0
1608130734	520254136	0	0	0	0
1608130734	530291922	0	0	0	0
1608130734	540476260	0	0	0	0
1608130734	550460577	0	0	0	0
1608130734	560317980	0	0	0	0
1608130734	570314604	0	0	0	0
1608130734	580243034	0	0	0	0
1608130734	590334916	0	0	0	0
1608130734	600293730	0	0	0	0
1608130734	610452448	0	0	0	0
1608130734	620206726	0	0	0	0
1608130734	630268363	0	0	0	0
1608130734	640377626	0	0	0	0
1608130734	650286170	0	0	0	0
1608130734	660243514	0	0	0	0
1608130734	670404484	0	0	0	0
1608130734	680296822	0	0	0	0
1608130734	690326251	0	0	0	0
1608130734	700276332	0	0	0	0
1608130734	710193098	0	0	0	0
1608130734	720213899	0	0	0	0
1608130734	730299470	0	0	0	0
1608130734	740295033	0	0	0	0
1608130734	750496967	0	0	0	0
1608130734	760149969	0	0	0	0
1608130734	770503311	0	0	0	0
1608130734	780288762	0	0	0	0
1608130734	790249908	0	0	0	0
1608130734	800455544	0	0	0	0
1608130734	810252006	0	0	0	0
1608130734	820285208	0	0	0	0
1608130734	830403801	0	0	0	0
1608130734	840302719	0	0	0	0
1608130734	850374121	0	0	0	0
1608130734	860200723	0	0	0	0
1608130734	870265127	0	0	0	0
1608130734	880342302	0	0	0	0
1608130734	890262135	0	0	0	0
1608130734	900292848	0	0	0	0
1608130734	910295120	0	0	0	0
1608130734	920409415	0	0	0	0
1608130734	930243964	0	0	0	0
