time_sec	time_nanosec	joint_velocity_0	joint_velocity_1	joint_velocity_2	joint_velocity_3
1608130714	600005651	0	0	0	0
1608130714	609976897	0	0	0	0
1608130714	619935111	0	0	0	0
1608130714	629731200	0	0	0	0
1608130714	639778752	0	0	0	0
1608130714	649718428	0	0	0	0
1608130714	659886819	0	0	0	0
1608130714	670177418	0	0	0	0
1608130714	680118641	0	0	0	0
1608130714	690433118	0	0	0	0
1608130714	700274850	0	0	0	0
1608130714	710264538	0	0	0	0
1608130714	720658966	0	0	0	0
1608130714	730513398	0	0	0	0
1608130714	740214389	0	0	0	0
1608130714	750219562	0	0	0	0
1608130714	760226053	0	0	0	0
1608130714	770249893	0	0	0	0
1608130714	780584124	0	0	0	0
1608130714	790186062	0	0	0	0
1608130714	800295752	0	0	0	0
1608130714	810652771	0	0	0	0
1608130714	820692638	0	0	0	0
1608130714	830277922	0	0	0	0
1608130714	840026899	0	0	0	0
1608130714	850040601	0	0	0	0
1608130714	860698125	0	0	0	0
1608130714	870253203	0	0	0	0
1608130714	880216620	0	0	0	0
1608130714	890169860	0	0	0	0
1608130714	900283364	0	0	0	0
1608130714	910278344	0	0	0	0
1608130714	920211042	0	0	0	0
1608130714	930250746	0	0	0	0
1608130714	940026821	0	0	0	0
1608130714	950649499	0	0	0	0
1608130714	960049271	0	0	0	0
1608130714	970346448	0	0	0	0
1608130714	980418564	0	0	0	0
1608130714	990333037	0	0	0	0
1608130715	277602	0	0	0	0
1608130715	10316794	0	0	0	0
1608130715	20201539	0	0	0	0
1608130715	30276656	0	0	0	0
1608130715	40195294	0	0	0	0
1608130715	50218008	0	0	0	0
1608130715	60182348	0	0	0	0
1608130715	70259711	0	0	0	0
1608130715	80234322	0	0	0	0
1608130715	90299344	0	0	0	0
1608130715	100278316	0	0	0	0
1608130715	110216958	0	0	0	0
1608130715	120291850	0	0	0	0
1608130715	130040722	0	0	0	0
1608130715	140361662	0	0	0	0
1608130715	149974452	0	0	0	0
1608130715	160279921	0	0	0	0
1608130715	170126148	0	0	0	0
1608130715	180240409	0	0	0	0
1608130715	190200529	0	0	0	0
1608130715	200293204	0	0	0	0
1608130715	209998386	0	0	0	0
1608130715	220255986	0	0	0	0
1608130715	230351719	0	0	0	0
1608130715	240225552	0	0	0	0
1608130715	250268368	0	0	0	0
1608130715	260257539	0	0	0	0
1608130715	270395104	0	0	0	0
1608130715	280278880	0	0	0	0
1608130715	290259069	0	0	0	0
1608130715	300252224	0	0	0	0
1608130715	310249600	0	0	0	0
1608130715	320279426	0	0	0	0
1608130715	330262415	0	0	0	0
1608130715	340259623	0	0	0	0
1608130715	350264475	0	0	0	0
1608130715	360206067	0	0	0	0
1608130715	370289767	0	0	0	0
1608130715	380624600	0	0	0	0
1608130715	390407858	0	0	0	0
1608130715	400212293	0	0	0	0
1608130715	410010629	0	0	0	0
1608130715	420009797	0	0	0	0
1608130715	430029956	0	0	0	0
1608130715	440405862	0	0	0	0
1608130715	450271778	0	0	0	0
1608130715	460587375	0	0	0	0
1608130715	470309815	0	0	0	0
1608130715	480297994	0	0	0	0
1608130715	490675529	0	0	0	0
1608130715	500026091	0	0	0	0
1608130715	510182563	0	0	0	0
1608130715	520380602	0	0	0	0
1608130715	530298239	0	0	0	0
1608130715	540214276	0	0	0	0
1608130715	550426456	0	0	0	0
1608130715	560236121	0	0	0	0
1608130715	570292518	0	0	0	0
1608130715	579949875	0	0	0	0
1608130715	590473848	0	0	0	0
1608130715	600650877	0	0	0	0
1608130715	610231176	0	0	0	0
1608130715	620229224	0	0	0	0
1608130715	630372499	0	0	0	0
1608130715	639997611	0	0	0	0
1608130715	650049439	0	0	0	0
1608130715	660306295	0	0	0	0
1608130715	670197311	0	0	0	0
1608130715	680138831	0	0	0	0
1608130715	690070150	0	0	0	0
1608130715	700272682	0	0	0	0
1608130715	710273319	0	0	0	0
1608130715	720219921	0	0	0	0
1608130715	730385045	0	0	0	0
1608130715	740480890	0	0	0	0
1608130715	750555377	0	0	0	0
1608130715	760398163	0	0	0	0
1608130715	770559994	0	0	0	0
1608130715	780501874	0	0	0	0
1608130715	790427598	0	0	0	0
1608130715	800275126	0	0	0	0
1608130715	810291413	0	0	0	0
1608130715	820039464	0	0	0	0
1608130715	830246241	0	0	0	0
1608130715	840352298	0	0	0	0
1608130715	850256221	0	0	0	0
1608130715	860289976	0	0	0	0
1608130715	870295654	0	0	0	0
1608130715	880049785	0	0	0	0
1608130715	890225103	0	0	0	0
1608130715	900296354	0	0	0	0
1608130715	910432587	0	0	0	0
1608130715	920585516	0	0	0	0
1608130715	930381545	0	0	0	0
1608130715	940076066	0	0	0	0
1608130715	950114948	0	0	0	0
1608130715	960276519	0	0	0	0
1608130715	970268811	0	0	0	0
1608130715	980274732	0	0	0	0
1608130715	990428308	0	0	0	0
1608130716	280400	0	0	0	0
1608130716	10142868	0	0	0	0
1608130716	20415401	0	0	0	0
1608130716	30300460	0	0	0	0
1608130716	40222253	0	0	0	0
1608130716	50327608	0	0	0	0
1608130716	60316175	0	0	0	0
1608130716	70352835	0	0	0	0
1608130716	80418928	0	0	0	0
1608130716	90312707	0	0	0	0
1608130716	100219195	0	0	0	0
1608130716	110306049	0	0	0	0
1608130716	120242472	0	0	0	0
1608130716	130334759	0	0	0	0
1608130716	140547636	0	0	0	0
1608130716	150286355	0	0	0	0
1608130716	160259233	0	0	0	0
1608130716	170310593	0	0	0	0
1608130716	180542305	0	0	0	0
1608130716	190300530	0	0	0	0
1608130716	200272290	0	0	0	0
1608130716	210685804	0	0	0	0
1608130716	220546997	0	0	0	0
1608130716	230278151	0	0	0	0
1608130716	240243839	0	0	0	0
1608130716	250277513	0	0	0	0
1608130716	260403529	0	0	0	0
1608130716	270526935	0	0	0	0
1608130716	280209718	0	0	0	0
1608130716	290255221	0	0	0	0
1608130716	300292614	0	0	0	0
1608130716	310288999	0	0	0	0
1608130716	320439726	0	0	0	0
1608130716	330231952	0	0	0	0
1608130716	340574200	0	0	0	0
1608130716	350451067	0	0	0	0
1608130716	360433449	0	0	0	0
1608130716	370300773	0	0	0	0
1608130716	380275839	0	0	0	0
1608130716	390201565	0	0	0	0
1608130716	400285325	0	0	0	0
1608130716	410223439	0	0	0	0
1608130716	420295090	0	0	0	0
1608130716	430394321	0	0	0	0
1608130716	440255128	0	0	0	0
1608130716	450324509	0	0	0	0
1608130716	460340487	0	0	0	0
1608130716	470297598	0	0	0	0
1608130716	480264217	0	0	0	0
1608130716	490324424	0	0	0	0
1608130716	499935296	0	0	0	0
1608130716	509937916	0	0	0	0
1608130716	520164168	0	0	0	0
1608130716	530245393	0	0	0	0
1608130716	540305676	0	0	0	0
1608130716	550431291	0	0	0	0
1608130716	560256913	0	0	0	0
1608130716	570301477	0	0	0	0
1608130716	580284743	0	0	0	0
1608130716	590540876	0	0	0	0
1608130716	600618637	0	0	0	0
1608130716	610278223	0	0	0	0
1608130716	620231179	0	0	0	0
1608130716	629955850	0	0	0	0
1608130716	639981442	0	0	0	0
1608130716	650072286	0	0	0	0
1608130716	660049899	0	0	0	0
1608130716	670042084	0	0	0	0
1608130716	680043043	0	0	0	0
1608130716	690409022	0	0	0	0
1608130716	700261563	0	0	0	0
1608130716	710266116	0	0	0	0
1608130716	720274159	0	0	0	0
1608130716	730242431	0	0	0	0
1608130716	740690701	0	0	0	0
1608130716	750306807	0	0	0	0
1608130716	760258842	0	0	0	0
1608130716	770390488	0	0	0	0
1608130716	780266788	0	0	0	0
1608130716	790264120	0	0	0	0
1608130716	800283317	0	0	0	0
1608130716	810283479	0	0	0	0
1608130716	820247898	0	0	0	0
1608130716	830202902	0	0	0	0
1608130716	840405116	0	0	0	0
1608130716	850434627	0	0	0	0
1608130716	860683225	0	0	0	0
1608130716	870532936	0	0	0	0
1608130716	880309350	0	0	0	0
1608130716	890291292	0	0	0	0
1608130716	900290864	0	0	0	0
1608130716	910295636	0	0	0	0
1608130716	920228886	0	0	0	0
1608130716	930328216	0	0	0	0
1608130716	940346099	0	0	0	0
1608130716	950316739	0	0	0	0
1608130716	960203620	0	0	0	0
1608130716	970293564	0	0	0	0
1608130716	980181831	0	0	0	0
1608130716	990035502	0	0	0	0
1608130717	282387	0	0	0	0
1608130717	10280114	0	0	0	0
1608130717	20178273	0	0	0	0
1608130717	30370772	0	0	0	0
1608130717	40386098	0	0	0	0
1608130717	50946892	0	0	0	0
1608130717	60292842	0	0	0	0
1608130717	69929000	0	0	0	0
1608130717	80066544	0	0	0	0
1608130717	89867553	0	0	0	0
1608130717	99943983	0	0	0	0
1608130717	109965612	0	0	0	0
1608130717	119774916	0	0	0	0
1608130717	130060124	0	0	0	0
1608130717	140344070	0	0	0	0
1608130717	150286187	0	0	0	0
1608130717	160372814	0	0	0	0
1608130717	170313883	0	0	0	0
1608130717	180239209	0	0	0	0
1608130717	190597310	0	0	0	0
1608130717	200266951	0	0	0	0
1608130717	210018600	0	0	0	0
1608130717	220325422	0	0	0	0
1608130717	230300672	0	0	0	0
1608130717	240369216	0	0	0	0
1608130717	250293688	0	0	0	0
1608130717	260317529	0	0	0	0
1608130717	270320112	0	0	0	0
1608130717	280288366	0	0	0	0
1608130717	290278921	0	0	0	0
1608130717	300236509	0	0	0	0
1608130717	310515922	0	0	0	0
1608130717	320305424	0	0	0	0
1608130717	330639228	0	0	0	0
1608130717	340268146	0	0	0	0
1608130717	350360426	0	0	0	0
1608130717	360580057	0	0	0	0
1608130717	370009314	0	0	0	0
1608130717	380612935	0	0	0	0
1608130717	390274746	0	0	0	0
1608130717	400202659	0	0	0	0
1608130717	410330844	0	0	0	0
1608130717	420228307	0	0	0	0
1608130717	430194763	0	0	0	0
1608130717	440320601	0	0	0	0
1608130717	450405878	0	0	0	0
1608130717	460450526	0	0	0	0
1608130717	470321340	0	0	0	0
1608130717	480331234	0	0	0	0
1608130717	490594385	0	0	0	0
1608130717	500365918	0	0	0	0
1608130717	510865570	0	0	0	0
1608130717	520009958	0	0	0	0
1608130717	530368069	0	0	0	0
1608130717	540716972	0	0	0	0
1608130717	550695737	0	0	0	0
1608130717	560247911	0	0	0	0
1608130717	570634861	0	0	0	0
1608130717	580695730	0	0	0	0
1608130717	590259131	0	0	0	0
1608130717	600274946	0	0	0	0
1608130717	610607279	0	0	0	0
1608130717	620353152	0	0	0	0
1608130717	630354955	0	0	0	0
1608130717	640371810	0	0	0	0
1608130717	650399578	0	0	0	0
1608130717	660628624	0	0	0	0
1608130717	670384537	0	0	0	0
1608130717	680228078	0	0	0	0
1608130717	689940815	0	0	0	0
1608130717	700853954	0	0	0	0
1608130717	709981779	0	0	0	0
1608130717	720460659	0	0	0	0
1608130717	730225828	0	0	0	0
1608130717	740309885	0	0	0	0
1608130717	750453641	0	0	0	0
1608130717	760657208	0	0	0	0
1608130717	770276453	0	0	0	0
1608130717	780276804	0	0	0	0
1608130717	790325895	0	0	0	0
1608130717	800330238	0	0	0	0
1608130717	810279027	0	0	0	0
1608130717	820417178	0	0	0	0
1608130717	830380224	0	0	0	0
1608130717	840385455	0	0	0	0
1608130717	850374301	0	0	0	0
1608130717	860373967	0	0	0	0
1608130717	870396465	0	0	0	0
1608130717	880303477	0	0	0	0
1608130717	890628571	0	0	0	0
1608130717	900160665	0	0	0	0
1608130717	910399708	0	0	0	0
1608130717	920285577	0	0	0	0
1608130717	930202870	0	0	0	0
1608130717	940413129	0	0	0	0
1608130717	950287589	0	0	0	0
1608130717	960270385	0	0	0	0
1608130717	970293850	0	0	0	0
1608130717	980297714	0	0	0	0
1608130717	990292184	0	0	0	0
1608130718	314504	0	0	0	0
1608130718	10304901	0	0	0	0
1608130718	20347133	0	0	0	0
1608130718	30309232	0	0	0	0
1608130718	40316514	0	0	0	0
1608130718	50327098	0	0	0	0
1608130718	60265738	0	0	0	0
1608130718	70325185	0	0	0	0
1608130718	80313920	0	0	0	0
1608130718	90157964	0	0	0	0
1608130718	100031512	0	0	0	0
1608130718	110037789	0	0	0	0
1608130718	120053822	0	0	0	0
1608130718	130055193	0	0	0	0
1608130718	140053370	0	0	0	0
1608130718	150322434	0	0	0	0
1608130718	160311517	0	0	0	0
1608130718	170254270	0	0	0	0
1608130718	180427560	0	0	0	0
1608130718	190344823	0	0	0	0
1608130718	200301730	0	0	0	0
1608130718	210295705	0	0	0	0
1608130718	220414481	0	0	0	0
1608130718	230377986	0	0	0	0
1608130718	240378279	0	0	0	0
1608130718	249936503	0	0	0	0
1608130718	260605865	0	0	0	0
1608130718	270278473	0	0	0	0
1608130718	280377728	0	0	0	0
1608130718	290296907	0	0	0	0
1608130718	300298544	0	0	0	0
1608130718	310286136	0	0	0	0
1608130718	320309589	0	0	0	0
1608130718	330375586	0	0	0	0
1608130718	340259343	0	0	0	0
1608130718	350266235	0	0	0	0
1608130718	360331694	0	0	0	0
1608130718	370033430	0	0	0	0
1608130718	380425414	0	0	0	0
1608130718	390265925	0	0	0	0
1608130718	400300953	0	0	0	0
1608130718	410495167	0	0	0	0
1608130718	420323722	0	0	0	0
1608130718	430459599	0	0	0	0
1608130718	440431685	0	0	0	0
1608130718	450290116	0	0	0	0
1608130718	460413292	0	0	0	0
1608130718	470405082	0	0	0	0
1608130718	480242755	0	0	0	0
1608130718	490267653	0	0	0	0
1608130718	500298989	0	0	0	0
1608130718	510332528	0	0	0	0
1608130718	520284451	0	0	0	0
1608130718	530235099	0	0	0	0
1608130718	540285669	0	0	0	0
1608130718	550311053	0	0	0	0
1608130718	560355083	0	0	0	0
1608130718	570525673	0	0	0	0
1608130718	580412889	0	0	0	0
1608130718	590300845	0	0	0	0
1608130718	600315585	0	0	0	0
1608130718	610281943	0	0	0	0
1608130718	620334193	0	0	0	0
1608130718	630313244	0	0	0	0
1608130718	640314088	0	0	0	0
1608130718	650352538	0	0	0	0
1608130718	660349740	0	0	0	0
1608130718	670291645	0	0	0	0
1608130718	680265375	0	0	0	0
1608130718	690016878	0	0	0	0
1608130718	700719592	0	0	0	0
1608130718	710677529	0	0	0	0
1608130718	720343370	0	0	0	0
1608130718	730372612	0	0	0	0
1608130718	740372605	0	0	0	0
1608130718	750373091	0	0	0	0
1608130718	760605228	0	0	0	0
1608130718	770406132	0	0	0	0
1608130718	780168954	0	0	0	0
1608130718	790347123	0	0	0	0
1608130718	800053041	0	0	0	0
1608130718	810023315	0	0	0	0
1608130718	820385643	0	0	0	0
1608130718	830279747	0	0	0	0
1608130718	840306349	0	0	0	0
1608130718	850312191	0	0	0	0
1608130718	860307186	0	0	0	0
1608130718	870242724	0	0	0	0
1608130718	880310555	0	0	0	0
1608130718	890081673	0	0	0	0
1608130718	900067583	0	0	0	0
1608130718	910067910	0	0	0	0
1608130718	920270780	0	0	0	0
1608130718	930309657	0	0	0	0
1608130718	940238727	0	0	0	0
1608130718	950260396	0	0	0	0
1608130718	960273639	0	0	0	0
1608130718	970625708	0	0	0	0
1608130718	980395450	0	0	0	0
1608130718	990389206	0	0	0	0
1608130719	402539	0	0	0	0
1608130719	10365564	0	0	0	0
1608130719	20676184	0	0	0	0
1608130719	30364983	0	0	0	0
1608130719	40351998	0	0	0	0
1608130719	50141880	0	0	0	0
1608130719	60342404	0	0	0	0
1608130719	70365377	0	0	0	0
1608130719	80348993	0	0	0	0
1608130719	90461644	0	0	0	0
1608130719	100314074	0	0	0	0
1608130719	110299974	0	0	0	0
1608130719	120419796	0	0	0	0
1608130719	130286196	0	0	0	0
1608130719	140372882	0	0	0	0
1608130719	150623725	0	0	0	0
1608130719	160260802	0	0	0	0
1608130719	170325145	0	0	0	0
1608130719	180306693	0	0	0	0
1608130719	190369731	0	0	0	0
1608130719	200230015	0	0	0	0
1608130719	210239746	0	0	0	0
1608130719	220289173	0	0	0	0
1608130719	230506628	0	0	0	0
1608130719	240329858	0	0	0	0
1608130719	249916807	0	0	0	0
1608130719	259966556	0	0	0	0
1608130719	270252338	0	0	0	0
1608130719	280538785	0	0	0	0
1608130719	290316030	0	0	0	0
1608130719	300330391	0	0	0	0
1608130719	310300176	0	0	0	0
1608130719	320318701	0	0	0	0
1608130719	330352586	0	0	0	0
1608130719	340312532	0	0	0	0
1608130719	350303930	0	0	0	0
1608130719	360182335	0	0	0	0
1608130719	370263186	0	0	0	0
1608130719	380307724	0	0	0	0
1608130719	390300463	0	0	0	0
1608130719	400470250	0	0	0	0
1608130719	410328393	0	0	0	0
1608130719	420298747	0	0	0	0
1608130719	430529428	0	0	0	0
1608130719	440300435	0	0	0	0
1608130719	450240117	0	0	0	0
1608130719	460187780	0	0	0	0
1608130719	470330011	0	0	0	0
1608130719	480271269	0	0	0	0
1608130719	490408225	0	0	0	0
1608130719	500332373	0	0	0	0
1608130719	510245071	0	0	0	0
1608130719	520611943	0	0	0	0
1608130719	530412834	0	0	0	0
1608130719	540232553	0	0	0	0
1608130719	550512760	0	0	0	0
1608130719	560351473	0	0	0	0
1608130719	570244386	0	0	0	0
1608130719	580160359	0	0	0	0
1608130719	590382181	0	0	0	0
1608130719	600318093	0	0	0	0
1608130719	610328362	0	0	0	0
1608130719	620374840	0	0	0	0
1608130719	630395841	0	0	0	0
1608130719	640294946	0	0	0	0
1608130719	650199860	0	0	0	0
1608130719	660389795	0	0	0	0
1608130719	670445230	0	0	0	0
1608130719	680213167	0	0	0	0
1608130719	690310315	0	0	0	0
1608130719	700421520	0	0	0	0
1608130719	710713291	0	0	0	0
1608130719	720574517	0	0	0	0
1608130719	730391628	0	0	0	0
1608130719	740537734	0	0	0	0
1608130719	750256022	0	0	0	0
1608130719	760354425	0	0	0	0
1608130719	770298656	0	0	0	0
1608130719	780395902	0	0	0	0
1608130719	790606785	0	0	0	0
1608130719	800304276	0	0	0	0
1608130719	810278054	0	0	0	0
1608130719	819895268	0	0	0	0
1608130719	830296602	0	0	0	0
1608130719	840272874	0	0	0	0
1608130719	850306417	0	0	0	0
1608130719	860425248	0	0	0	0
1608130719	870331784	0	0	0	0
1608130719	880404888	0	0	0	0
1608130719	890306861	0	0	0	0
1608130719	900399295	0	0	0	0
1608130719	910276646	0	0	0	0
1608130719	920301102	0	0	0	0
1608130719	930230309	0	0	0	0
1608130719	940306380	0	0	0	0
1608130719	950280176	0	0	0	0
1608130719	960352413	0	0	0	0
1608130719	970410630	0	0	0	0
1608130719	980280600	0	0	0	0
1608130719	990801090	0	0	0	0
1608130720	237429	0	0	0	0
1608130720	10351819	0	0	0	0
1608130720	20363803	0	0	0	0
1608130720	30304109	0	0	0	0
1608130720	40389375	0	0	0	0
1608130720	50316170	0	0	0	0
1608130720	60265248	0	0	0	0
1608130720	70359583	0	0	0	0
1608130720	80301006	0	0	0	0
1608130720	90335182	0	0	0	0
1608130720	100442835	0	0	0	0
1608130720	109981694	0	0	0	0
1608130720	120374200	0	0	0	0
1608130720	130291317	0	0	0	0
1608130720	140634727	0	0	0	0
1608130720	150317793	0	0	0	0
1608130720	160261856	0	0	0	0
1608130720	170425555	0	0	0	0
1608130720	180289104	0	0	0	0
1608130720	190298756	0	0	0	0
1608130720	200405943	0	0	0	0
1608130720	210283425	0	0	0	0
1608130720	220689768	0	0	0	0
1608130720	230288125	0	0	0	0
1608130720	240379395	0	0	0	0
1608130720	250292404	0	0	0	0
1608130720	260331663	0	0	0	0
1608130720	270407024	0	0	0	0
1608130720	280920412	0	0	0	0
1608130720	290779484	0	0	0	0
1608130720	300684171	0	0	0	0
1608130720	310701073	0	0	0	0
1608130720	320680984	0	0	0	0
1608130720	330283802	0	0	0	0
1608130720	340372076	0	0	0	0
1608130720	350343457	0	0	0	0
1608130720	360283058	0	0	0	0
1608130720	370313082	0	0	0	0
1608130720	380331889	0	0	0	0
1608130720	390276769	0	0	0	0
1608130720	400410630	0	0	0	0
1608130720	410294416	0	0	0	0
1608130720	420315020	0	0	0	0
1608130720	430623767	0	0	0	0
1608130720	440267499	0	0	0	0
1608130720	450736811	0	0	0	0
1608130720	460364204	0	0	0	0
1608130720	470409165	0	0	0	0
1608130720	480233894	0	0	0	0
1608130720	490307648	0	0	0	0
1608130720	500277974	0	0	0	0
1608130720	510243882	0	0	0	0
1608130720	520285222	0	0	0	0
1608130720	530352466	0	0	0	0
1608130720	540216481	0	0	0	0
1608130720	550272113	0	0	0	0
1608130720	560353456	0	0	0	0
1608130720	570399678	0	0	0	0
1608130720	580381666	0	0	0	0
1608130720	590382915	0	0	0	0
1608130720	600384354	0	0	0	0
1608130720	610516701	0	0	0	0
1608130720	620550189	0	0	0	0
1608130720	630245614	0	0	0	0
1608130720	640200049	0	0	0	0
1608130720	650080253	0	0	0	0
1608130720	660411991	0	0	0	0
1608130720	670315684	0	0	0	0
1608130720	680261259	0	0	0	0
1608130720	690304565	0	0	0	0
1608130720	700056841	0	0	0	0
1608130720	710317831	0	0	0	0
1608130720	720374456	0	0	0	0
1608130720	730164359	0	0	0	0
1608130720	740430468	0	0	0	0
1608130720	750428186	0	0	0	0
1608130720	760266445	0	0	0	0
1608130720	770308696	0	0	0	0
1608130720	780371279	0	0	0	0
1608130720	790286998	0	0	0	0
1608130720	800273788	0	0	0	0
1608130720	810322967	0	0	0	0
1608130720	820201438	0	0	0	0
1608130720	830592343	0	0	0	0
1608130720	840576988	0	0	0	0
1608130720	850459587	0	0	0	0
1608130720	860091520	0	0	0	0
1608130720	870085623	0	0	0	0
1608130720	880089619	0	0	0	0
1608130720	890331440	0	0	0	0
1608130720	900703168	0	0	0	0
1608130720	910698376	0	0	0	0
1608130720	920292075	0	0	0	0
1608130720	930281138	0	0	0	0
1608130720	940434425	0	0	0	0
1608130720	950421408	0	0	0	0
1608130720	960376774	0	0	0	0
1608130720	970339148	0	0	0	0
1608130720	980286662	0	0	0	0
1608130720	990262432	0	0	0	0
1608130721	690137	0	0	0	0
1608130721	10736863	0	0	0	0
1608130721	20380734	0	0	0	0
1608130721	30426592	0	0	0	0
1608130721	40420660	0	0	0	0
1608130721	50309671	0	0	0	0
1608130721	60262540	0	0	0	0
1608130721	70304669	0	0	0	0
1608130721	80268815	0	0	0	0
1608130721	90306227	0	0	0	0
1608130721	100300276	0	0	0	0
1608130721	110349113	0	0	0	0
1608130721	120411461	0	0	0	0
1608130721	130381178	0	0	0	0
1608130721	140323311	0	0	0	0
1608130721	150067086	0	0	0	0
1608130721	160272641	0	0	0	0
1608130721	170329427	0	0	0	0
1608130721	180259969	0	0	0	0
1608130721	190351244	0	0	0	0
1608130721	200369572	0	0	0	0
1608130721	209970984	0	0	0	0
1608130721	220343177	0	0	0	0
1608130721	230386374	0	0	0	0
1608130721	240373715	0	0	0	0
1608130721	250447044	0	0	0	0
1608130721	260304121	0	0	0	0
1608130721	270530348	0	0	0	0
1608130721	280307474	0	0	0	0
1608130721	290331635	0	0	0	0
1608130721	300305063	0	0	0	0
1608130721	310349677	0	0	0	0
1608130721	320577026	0	0	0	0
1608130721	330328436	0	0	0	0
1608130721	340387653	0	0	0	0
1608130721	350303228	0	0	0	0
1608130721	360266349	0	0	0	0
1608130721	370396803	0	0	0	0
1608130721	380433680	0	0	0	0
1608130721	390387641	0	0	0	0
1608130721	400072784	0	0	0	0
1608130721	410275146	0	0	0	0
1608130721	420280486	0	0	0	0
1608130721	430314843	0	0	0	0
1608130721	440349004	0	0	0	0
1608130721	450366668	0	0	0	0
1608130721	460406347	0	0	0	0
1608130721	470307218	0	0	0	0
1608130721	480299680	0	0	0	0
1608130721	490608958	0	0	0	0
1608130721	500298194	0	0	0	0
1608130721	510265082	0	0	0	0
1608130721	520375543	0	0	0	0
1608130721	530407969	0	0	0	0
1608130721	540424418	0	0	0	0
1608130721	550743111	0	0	0	0
1608130721	560666738	0	0	0	0
1608130721	570281995	0	0	0	0
1608130721	580473191	0	0	0	0
1608130721	590299354	0	0	0	0
1608130721	600469758	0	0	0	0
1608130721	610254497	0	0	0	0
1608130721	620335408	0	0	0	0
1608130721	630565638	0	0	0	0
1608130721	640269668	0	0	0	0
1608130721	650582894	0	0	0	0
1608130721	660317091	0	0	0	0
1608130721	670803343	0	0	0	0
1608130721	680345053	0	0	0	0
1608130721	690729652	0	0	0	0
1608130721	699975433	0	0	0	0
1608130721	710403463	0	0	0	0
1608130721	720351427	0	0	0	0
1608130721	730309077	0	0	0	0
1608130721	740361067	0	0	0	0
1608130721	750239625	0	0	0	0
1608130721	760432452	0	0	0	0
1608130721	770649547	0	0	0	0
1608130721	780296670	0	0	0	0
1608130721	790338341	0	0	0	0
1608130721	800304188	0	0	0	0
1608130721	810305832	0	0	0	0
1608130721	820325752	0	0	0	0
1608130721	830092526	0	0	0	0
1608130721	840549278	0	0	0	0
1608130721	850541227	0	0	0	0
1608130721	860443390	0	0	0	0
1608130721	870277243	0	0	0	0
1608130721	880277663	0	0	0	0
1608130721	890248941	0	0	0	0
1608130721	900355502	0	0	0	0
1608130721	910398193	0	0	0	0
1608130721	920068801	0	0	0	0
1608130721	930346378	0	0	0	0
1608130721	940411063	0	0	0	0
1608130721	950415585	0	0	0	0
1608130721	960695671	0	0	0	0
1608130721	970428682	0	0	0	0
1608130721	980421961	0	0	0	0
1608130721	990640615	0	0	0	0
1608130722	453800	0	0	0	0
1608130722	10325004	0	0	0	0
1608130722	20753462	0	0	0	0
1608130722	30388750	0	0	0	0
1608130722	40394190	0	0	0	0
1608130722	50278847	0	0	0	0
1608130722	60276648	0	0	0	0
1608130722	70482574	0	0	0	0
1608130722	80296883	0	0	0	0
1608130722	90639193	0	0	0	0
1608130722	100468153	0	0	0	0
1608130722	110306363	0	0	0	0
1608130722	120386498	0	0	0	0
1608130722	130478320	0	0	0	0
1608130722	140372724	0	0	0	0
1608130722	150410281	0	0	0	0
1608130722	160312374	0	0	0	0
1608130722	170640581	0	0	0	0
1608130722	180260623	0	0	0	0
1608130722	190354275	0	0	0	0
1608130722	200418238	0	0	0	0
1608130722	210291535	0	0	0	0
1608130722	220478316	0	0	0	0
1608130722	230320748	0	0	0	0
1608130722	240358307	0	0	0	0
1608130722	250279428	0	0	0	0
1608130722	260314511	0	0	0	0
1608130722	270448992	0	0	0	0
1608130722	280167994	0	0	0	0
1608130722	290332367	0	0	0	0
1608130722	300491518	0	0	0	0
1608130722	310441011	0	0	0	0
1608130722	320489078	0	0	0	0
1608130722	330445642	0	0	0	0
1608130722	340269758	0	0	0	0
1608130722	350434232	0	0	0	0
1608130722	360431529	0	0	0	0
1608130722	370879247	0	0	0	0
1608130722	380584688	0	0	0	0
1608130722	390081767	0	0	0	0
1608130722	400054548	0	0	0	0
1608130722	410050776	0	0	0	0
1608130722	420013044	0	0	0	0
1608130722	429958997	0	0	0	0
1608130722	440408903	0	0	0	0
1608130722	450684000	0	0	0	0
1608130722	460562591	0	0	0	0
1608130722	470197520	0	0	0	0
1608130722	480503545	0	0	0	0
1608130722	490412195	0	0	0	0
1608130722	500514361	0	0	0	0
1608130722	510340533	0	0	0	0
1608130722	520603923	0	0	0	0
1608130722	530541356	0	0	0	0
1608130722	540456960	0	0	0	0
1608130722	550313846	0	0	0	0
1608130722	560292992	0	0	0	0
1608130722	570626149	0	0	0	0
1608130722	580356891	0	0	0	0
1608130722	590406617	0	0	0	0
1608130722	600365187	0	0	0	0
1608130722	610293140	0	0	0	0
1608130722	620419258	0	0	0	0
1608130722	630352008	0	0	0	0
1608130722	640274679	0	0	0	0
1608130722	650086303	0	0	0	0
1608130722	660424162	0	0	0	0
1608130722	670237977	0	0	0	0
1608130722	680546259	0	0	0	0
1608130722	690345698	0	0	0	0
1608130722	700348978	0	0	0	0
1608130722	710071421	0	0	0	0
1608130722	720428670	0	0	0	0
1608130722	730413693	0	0	0	0
1608130722	740411614	0	0	0	0
1608130722	750412718	0	0	0	0
1608130722	760420833	0	0	0	0
1608130722	770409418	0	0	0	0
1608130722	780581613	0	0	0	0
1608130722	790436980	0	0	0	0
1608130722	800315905	0	0	0	0
1608130722	810208112	0	0	0	0
1608130722	820293802	0	0	0	0
1608130722	830458002	0	0	0	0
1608130722	840423856	0	0	0	0
1608130722	850407496	0	0	0	0
1608130722	860433291	0	0	0	0
1608130722	870348279	0	0	0	0
1608130722	880333024	0	0	0	0
1608130722	890427649	0	0	0	0
1608130722	900761017	0	0	0	0
1608130722	910295031	0	0	0	0
1608130722	920735170	0	0	0	0
1608130722	930431454	0	0	0	0
1608130722	940297007	0	0	0	0
1608130722	950038175	0	0	0	0
1608130722	960228070	0	0	0	0
1608130722	970416638	0	0	0	0
1608130722	980647121	0	0	0	0
1608130722	990289604	0	0	0	0
1608130723	315689	0	0	0	0
1608130723	10316382	0	0	0	0
1608130723	20589987	0	0	0	0
1608130723	30384951	0	0	0	0
1608130723	40341067	0	0	0	0
1608130723	50250850	0	0	0	0
1608130723	60323076	0	0	0	0
1608130723	70353288	0	0	0	0
1608130723	80366805	0	0	0	0
1608130723	90313701	0	0	0	0
1608130723	100643989	0	0	0	0
1608130723	110493380	0	0	0	0
1608130723	120135456	0	0	0	0
1608130723	130119687	0	0	0	0
1608130723	139991798	0	0	0	0
1608130723	150173227	0	0	0	0
1608130723	160362299	0	0	0	0
1608130723	170389355	0	0	0	0
1608130723	180381652	0	0	0	0
1608130723	190433424	0	0	0	0
1608130723	200418694	0	0	0	0
1608130723	210413728	0	0	0	0
1608130723	220322041	0	0	0	0
1608130723	230307474	0	0	0	0
1608130723	240644131	0	0	0	0
1608130723	250391423	0	0	0	0
1608130723	260416099	0	0	0	0
1608130723	270414938	0	0	0	0
1608130723	280333212	0	0	0	0
1608130723	290208630	0	0	0	0
1608130723	300295379	0	0	0	0
1608130723	310300086	0	0	0	0
1608130723	320340189	0	0	0	0
1608130723	330327152	0	0	0	0
1608130723	340353605	0	0	0	0
1608130723	350323366	0	0	0	0
1608130723	360094805	0	0	0	0
1608130723	370383594	0	0	0	0
1608130723	380359574	0	0	0	0
1608130723	390322976	0	0	0	0
1608130723	400330483	0	0	0	0
1608130723	410425507	0	0	0	0
1608130723	420448743	0	0	0	0
1608130723	430312072	0	0	0	0
1608130723	440577506	0	0	0	0
1608130723	450344349	0	0	0	0
1608130723	460331001	0	0	0	0
1608130723	470628265	0	0	0	0
1608130723	480344639	0	0	0	0
1608130723	490745829	0	0	0	0
1608130723	500439135	0	0	0	0
1608130723	510393119	0	0	0	0
1608130723	520408118	0	0	0	0
1608130723	530408535	0	0	0	0
1608130723	540363222	0	0	0	0
1608130723	550332001	0	0	0	0
1608130723	560342144	0	0	0	0
1608130723	570518028	0	0	0	0
1608130723	580441876	0	0	0	0
1608130723	590458823	0	0	0	0
1608130723	600279464	0	0	0	0
1608130723	610282408	0	0	0	0
1608130723	620292344	0	0	0	0
1608130723	630322080	0	0	0	0
1608130723	640235254	0	0	0	0
1608130723	650499852	0	0	0	0
1608130723	660279933	0	0	0	0
1608130723	670285650	0	0	0	0
1608130723	680280544	0	0	0	0
1608130723	690597753	0	0	0	0
1608130723	700373902	0	0	0	0
1608130723	710445142	0	0	0	0
1608130723	720411374	0	0	0	0
1608130723	730546243	0	0	0	0
1608130723	740330730	0	0	0	0
1608130723	750386548	0	0	0	0
1608130723	760292967	0	0	0	0
1608130723	770720764	0	0	0	0
1608130723	780410632	0	0	0	0
1608130723	790643431	0	0	0	0
1608130723	800410932	0	0	0	0
1608130723	810323731	0	0	0	0
1608130723	820218003	0	0	0	0
1608130723	830814675	0	0	0	0
1608130723	840428233	0	0	0	0
1608130723	850475778	0	0	0	0
1608130723	860437972	0	0	0	0
1608130723	870245206	0	0	0	0
1608130723	880435762	0	0	0	0
1608130723	890440460	0	0	0	0
1608130723	900713813	0	0	0	0
1608130723	910780499	0	0	0	0
1608130723	920253163	0	0	0	0
1608130723	930314755	0	0	0	0
1608130723	940590082	0	0	0	0
1608130723	950353275	0	0	0	0
1608130723	960371431	0	0	0	0
1608130723	970180298	0	0	0	0
1608130723	980435562	0	0	0	0
1608130723	990293751	0	0	0	0
1608130724	288392	0	0	0	0
1608130724	10585900	0	0	0	0
1608130724	20237360	0	0	0	0
1608130724	30411648	0	0	0	0
1608130724	40307503	0	0	0	0
1608130724	50347131	0	0	0	0
1608130724	60569053	0	0	0	0
1608130724	70335562	0	0	0	0
1608130724	80284255	0	0	0	0
1608130724	90374757	0	0	0	0
1608130724	100001059	0	0	0	0
1608130724	110337589	0	0	0	0
1608130724	120574597	0	0	0	0
1608130724	130283045	0	0	0	0
1608130724	140306432	0	0	0	0
1608130724	150406555	0	0	0	0
1608130724	160314121	0	0	0	0
1608130724	170317606	0	0	0	0
1608130724	180350264	0	0	0	0
1608130724	190802025	0	0	0	0
1608130724	200410217	0	0	0	0
1608130724	210228210	0	0	0	0
1608130724	220396589	0	0	0	0
1608130724	230413506	0	0	0	0
1608130724	240329972	0	0	0	0
1608130724	250783111	0	0	0	0
1608130724	260840015	0	0	0	0
1608130724	270273075	0	0	0	0
1608130724	280323880	0	0	0	0
1608130724	290861175	0	0	0	0
1608130724	300758028	0	0	0	0
1608130724	310645688	0	0	0	0
1608130724	320332993	0	0	0	0
1608130724	330330305	0	0	0	0
1608130724	340481234	0	0	0	0
1608130724	350101413	0	0	0	0
1608130724	360760188	0	0	0	0
1608130724	370420133	0	0	0	0
1608130724	380415039	0	0	0	0
1608130724	390215061	0	0	0	0
1608130724	399882236	0	0	0	0
1608130724	410421328	0	0	0	0
1608130724	420798430	0	0	0	0
1608130724	430345565	0	0	0	0
1608130724	440075951	0	0	0	0
1608130724	450394257	0	0	0	0
1608130724	460345781	0	0	0	0
1608130724	470577065	0	0	0	0
1608130724	480329539	0	0	0	0
1608130724	490413111	0	0	0	0
1608130724	500329783	0	0	0	0
1608130724	510402745	0	0	0	0
1608130724	520422016	0	0	0	0
1608130724	530406654	0	0	0	0
1608130724	540432714	0	0	0	0
1608130724	550444839	0	0	0	0
1608130724	560288381	0	0	0	0
1608130724	570421920	0	0	0	0
1608130724	580286523	0	0	0	0
1608130724	590473876	0	0	0	0
1608130724	600289320	0	0	0	0
1608130724	610230997	0	0	0	0
1608130724	620153566	0	0	0	0
1608130724	630119144	0	0	0	0
1608130724	640168222	0	0	0	0
1608130724	650285219	0	0	0	0
1608130724	660079073	0	0	0	0
1608130724	670593720	0	0	0	0
1608130724	680282824	0	0	0	0
1608130724	690202854	0	0	0	0
1608130724	700307594	0	0	0	0
1608130724	710277948	0	0	0	0
1608130724	720106171	0	0	0	0
1608130724	730767232	0	0	0	0
1608130724	740411565	0	0	0	0
1608130724	750420274	0	0	0	0
1608130724	760287128	0	0	0	0
1608130724	770264653	0	0	0	0
1608130724	780329328	0	0	0	0
1608130724	790436343	0	0	0	0
1608130724	800476500	0	0	0	0
1608130724	810367438	0	0	0	0
1608130724	820382078	0	0	0	0
1608130724	830424794	0	0	0	0
1608130724	840101972	0	0	0	0
1608130724	850199138	0	0	0	0
1608130724	860465515	0	0	0	0
1608130724	870336981	0	0	0	0
1608130724	880506175	0	0	0	0
1608130724	890345933	0	0	0	0
1608130724	900476839	0	0	0	0
1608130724	910480934	0	0	0	0
1608130724	920383066	0	0	0	0
1608130724	930420242	0	0	0	0
1608130724	939998187	0	0	0	0
1608130724	950243662	0	0	0	0
1608130724	960290030	0	0	0	0
1608130724	970094908	0	0	0	0
1608130724	980394481	0	0	0	0
1608130724	990592850	0	0	0	0
1608130725	38141	0	0	0	0
1608130725	10165821	0	0	0	0
1608130725	20166611	0	0	0	0
1608130725	30113087	0	0	0	0
1608130725	40350066	0	0	0	0
1608130725	50030597	0	0	0	0
1608130725	60364204	0	0	0	0
1608130725	70310825	0	0	0	0
1608130725	80473346	0	0	0	0
1608130725	90303912	0	0	0	0
1608130725	100500728	0	0	0	0
1608130725	110099903	0	0	0	0
1608130725	120314965	0	0	0	0
1608130725	129976920	0	0	0	0
1608130725	140351509	0	0	0	0
1608130725	150339334	0	0	0	0
1608130725	160066353	0	0	0	0
1608130725	170379766	0	0	0	0
1608130725	180420278	0	0	0	0
1608130725	190344114	0	0	0	0
1608130725	200487305	0	0	0	0
1608130725	210429904	0	0	0	0
1608130725	220338634	0	0	0	0
1608130725	230398984	0	0	0	0
1608130725	240425229	0	0	0	0
1608130725	250330466	0	0	0	0
1608130725	260317624	0	0	0	0
1608130725	270249384	0	0	0	0
1608130725	280459193	0	0	0	0
1608130725	290061415	0	0	0	0
1608130725	300334906	0	0	0	0
1608130725	310441665	0	0	0	0
1608130725	320682584	0	0	0	0
1608130725	330333363	0	0	0	0
1608130725	340426739	0	0	0	0
1608130725	350428506	0	0	0	0
1608130725	360380053	0	0	0	0
1608130725	370255379	0	0	0	0
1608130725	380451651	0	0	0	0
1608130725	390746003	0	0	0	0
1608130725	400682747	0	0	0	0
1608130725	410372731	0	0	0	0
1608130725	420435840	0	0	0	0
1608130725	430769384	0	0	0	0
1608130725	440330488	0	0	0	0
1608130725	450291392	0	0	0	0
1608130725	460303936	0	0	0	0
1608130725	470719993	0	0	0	0
1608130725	480450825	0	0	0	0
1608130725	490459053	0	0	0	0
1608130725	500355111	0	0	0	0
1608130725	510426758	0	0	0	0
1608130725	520417790	0	0	0	0
1608130725	530317748	0	0	0	0
1608130725	540303174	0	0	0	0
1608130725	550741584	0	0	0	0
1608130725	560563021	0	0	0	0
1608130725	570314245	0	0	0	0
1608130725	580452018	0	0	0	0
1608130725	590358115	0	0	0	0
1608130725	600696586	0	0	0	0
1608130725	610364667	0	0	0	0
1608130725	620350993	0	0	0	0
1608130725	630694261	0	0	0	0
1608130725	640310769	0	0	0	0
1608130725	650411399	0	0	0	0
1608130725	660614375	0	0	0	0
1608130725	670318649	0	0	0	0
1608130725	680769973	0	0	0	0
1608130725	690436011	0	0	0	0
1608130725	700342644	0	0	0	0
1608130725	710299544	0	0	0	0
1608130725	720458033	0	0	0	0
1608130725	730380214	0	0	0	0
1608130725	740543860	0	0	0	0
1608130725	750579800	0	0	0	0
1608130725	760367468	0	0	0	0
1608130725	770729532	0	0	0	0
1608130725	780337889	0	0	0	0
1608130725	790328305	0	0	0	0
1608130725	800365404	0	0	0	0
1608130725	810351107	0	0	0	0
1608130725	820725218	0	0	0	0
1608130725	830435026	0	0	0	0
1608130725	840843458	0	0	0	0
1608130725	850288188	0	0	0	0
1608130725	860465566	0	0	0	0
1608130725	870552037	0	0	0	0
1608130725	880377161	0	0	0	0
1608130725	890419994	0	0	0	0
1608130725	900672759	0	0	0	0
1608130725	910432182	0	0	0	0
1608130725	920365331	0	0	0	0
1608130725	930430547	0	0	0	0
1608130725	940346423	0	0	0	0
1608130725	950241160	0	0	0	0
1608130725	960085116	0	0	0	0
1608130725	970342613	0	0	0	0
1608130725	980762434	0	0	0	0
1608130725	990763860	0	0	0	0
1608130726	416326	0	0	0	0
1608130726	10403137	0	0	0	0
1608130726	20471498	0	0	0	0
1608130726	30594884	0	0	0	0
1608130726	40350177	0	0	0	0
1608130726	49999015	0	0	0	0
1608130726	60349405	0	0	0	0
1608130726	70544108	0	0	0	0
1608130726	80074465	0	0	0	0
1608130726	90355369	0	0	0	0
1608130726	100517244	0	0	0	0
1608130726	110260710	0	0	0	0
1608130726	120315908	0	0	0	0
1608130726	130287639	0	0	0	0
1608130726	140614789	0	0	0	0
1608130726	150377036	0	0	0	0
1608130726	160356755	0	0	0	0
1608130726	170609657	0	0	0	0
1608130726	180367834	0	0	0	0
1608130726	190470954	0	0	0	0
1608130726	200270216	0	0	0	0
1608130726	210609672	0	0	0	0
1608130726	220107382	0	0	0	0
1608130726	230006054	0	0	0	0
1608130726	240379745	0	0	0	0
1608130726	250216298	0	0	0	0
1608130726	260465729	0	0	0	0
1608130726	270357744	0	0	0	0
1608130726	280414999	0	0	0	0
1608130726	290364039	0	0	0	0
1608130726	300501602	0	0	0	0
1608130726	310320590	0	0	0	0
1608130726	320311266	0	0	0	0
1608130726	330408551	0	0	0	0
1608130726	340269532	0	0	0	0
1608130726	350200262	0	0	0	0
1608130726	360194727	0	0	0	0
1608130726	370430487	0	0	0	0
1608130726	380397847	0	0	0	0
1608130726	390448173	0	0	0	0
1608130726	400360090	0	0	0	0
1608130726	409975189	0	0	0	0
1608130726	420331212	0	0	0	0
1608130726	430307615	0	0	0	0
1608130726	440531104	0	0	0	0
1608130726	450398601	0	0	0	0
1608130726	460374107	0	0	0	0
1608130726	470351578	0	0	0	0
1608130726	480436478	0	0	0	0
1608130726	490359697	0	0	0	0
1608130726	500035473	0	0	0	0
1608130726	510360588	0	0	0	0
1608130726	520377390	0	0	0	0
1608130726	530227944	0	0	0	0
1608130726	540464275	0	0	0	0
1608130726	550468090	0	0	0	0
1608130726	560320898	0	0	0	0
1608130726	570443615	0	0	0	0
1608130726	580256226	0	0	0	0
1608130726	590158970	0	0	0	0
1608130726	600047389	0	0	0	0
1608130726	610357104	0	0	0	0
1608130726	620388230	0	0	0	0
1608130726	630703194	0	0	0	0
1608130726	640337050	0	0	0	0
1608130726	650401229	0	0	0	0
1608130726	660575031	0	0	0	0
1608130726	670323785	0	0	0	0
1608130726	680847860	0	0	0	0
1608130726	690161421	0	0	0	0
1608130726	700294963	0	0	0	0
1608130726	710216943	0	0	0	0
1608130726	720222197	0	0	0	0
1608130726	730454540	0	0	0	0
1608130726	740115372	0	0	0	0
1608130726	750367809	0	0	0	0
1608130726	760452959	0	0	0	0
1608130726	770325056	0	0	0	0
1608130726	780032249	0	0	0	0
1608130726	790087932	0	0	0	0
1608130726	800187492	0	0	0	0
1608130726	810334961	0	0	0	0
1608130726	820232360	0	0	0	0
1608130726	830119568	0	0	0	0
1608130726	840716636	0	0	0	0
1608130726	850632641	0	0	0	0
1608130726	860314274	0	0	0	0
1608130726	870399044	0	0	0	0
1608130726	880373719	0	0	0	0
1608130726	890109044	0	0	0	0
1608130726	900105325	0	0	0	0
1608130726	910121634	0	0	0	0
1608130726	920362794	0	0	0	0
1608130726	930357513	0	0	0	0
1608130726	940336121	0	0	0	0
1608130726	950244033	0	0	0	0
1608130726	960273473	0	0	0	0
1608130726	970622625	0	0	0	0
1608130726	980598272	0	0	0	0
1608130726	990557614	0	0	0	0
1608130727	888921	0	0	0	0
1608130727	10361672	0	0	0	0
1608130727	20774402	0	0	0	0
1608130727	30316542	0	0	0	0
1608130727	40374804	0	0	0	0
1608130727	50577502	0	0	0	0
1608130727	60012530	0	0	0	0
1608130727	70067894	0	0	0	0
1608130727	80008233	0	0	0	0
1608130727	89894240	0	0	0	0
1608130727	99987783	0	0	0	0
1608130727	110104567	0	0	0	0
1608130727	120241338	0	0	0	0
1608130727	130024005	0	0	0	0
1608130727	140196126	0	0	0	0
1608130727	150224138	0	0	0	0
1608130727	160250481	0	0	0	0
1608130727	170207626	0	0	0	0
1608130727	180433047	0	0	0	0
1608130727	190016783	0	0	0	0
1608130727	199979340	0	0	0	0
1608130727	210473890	0	0	0	0
1608130727	220107866	0	0	0	0
1608130727	230101382	0	0	0	0
1608130727	240051613	0	0	0	0
1608130727	250321977	0	0	0	0
1608130727	260336069	0	0	0	0
1608130727	270411802	0	0	0	0
1608130727	280631831	0	0	0	0
1608130727	290488590	0	0	0	0
1608130727	300229118	0	0	0	0
1608130727	310377319	0	0	0	0
1608130727	320338055	0	0	0	0
1608130727	330278317	0	0	0	0
1608130727	340458725	0	0	0	0
1608130727	350100814	0	0	0	0
1608130727	360607577	0	0	0	0
1608130727	370613351	0	0	0	0
1608130727	380365020	0	0	0	0
1608130727	390898141	0	0	0	0
1608130727	400581424	0	0	0	0
1608130727	410198279	0	0	0	0
1608130727	420234013	0	0	0	0
1608130727	430094722	0	0	0	0
1608130727	440245544	0	0	0	0
1608130727	450406115	0	0	0	0
1608130727	460356659	0	0	0	0
1608130727	470935055	0	0	0	0
1608130727	480359372	0	0	0	0
1608130727	490384432	0	0	0	0
1608130727	500244993	0	0	0	0
1608130727	510350444	0	0	0	0
1608130727	520438307	0	0	0	0
1608130727	530303136	0	0	0	0
1608130727	540343378	0	0	0	0
1608130727	550458200	0	0	0	0
1608130727	560303553	0	0	0	0
1608130727	570959396	0	0	0	0
1608130727	580667523	0	0	0	0
1608130727	590240422	0	0	0	0
1608130727	600136479	0	0	0	0
1608130727	610478728	0	0	0	0
1608130727	620472479	0	0	0	0
1608130727	630170861	0	0	0	0
1608130727	640437826	0	0	0	0
1608130727	650388913	0	0	0	0
1608130727	660363067	0	0	0	0
1608130727	670349886	0	0	0	0
1608130727	680352760	0	0	0	0
1608130727	690343415	0	0	0	0
1608130727	700343899	0	0	0	0
1608130727	710342753	0	0	0	0
1608130727	720698572	0	0	0	0
1608130727	730368494	0	0	0	0
1608130727	740388717	0	0	0	0
1608130727	750496484	0	0	0	0
1608130727	760460935	0	0	0	0
1608130727	770336250	0	0	0	0
1608130727	780305402	0	0	0	0
1608130727	790530512	0	0	0	0
1608130727	800483413	0	0	0	0
1608130727	810494737	0	0	0	0
1608130727	820270034	0	0	0	0
1608130727	830566300	0	0	0	0
1608130727	840751109	0	0	0	0
1608130727	850407955	0	0	0	0
1608130727	860392363	0	0	0	0
1608130727	870732136	0	0	0	0
1608130727	880397059	0	0	0	0
1608130727	890483823	0	0	0	0
1608130727	900260782	0	0	0	0
1608130727	910384956	0	0	0	0
1608130727	920674351	0	0	0	0
1608130727	930462567	0	0	0	0
1608130727	940733400	0	0	0	0
1608130727	950436942	0	0	0	0
1608130727	960336845	0	0	0	0
1608130727	970323687	0	0	0	0
1608130727	980735765	0	0	0	0
1608130727	990332297	0	0	0	0
1608130728	500741	0	0	0	0
1608130728	10654050	0	0	0	0
1608130728	20048415	0	0	0	0
1608130728	30546841	0	0	0	0
1608130728	40374218	0	0	0	0
1608130728	50390304	0	0	0	0
1608130728	60361146	0	0	0	0
1608130728	70352173	0	0	0	0
1608130728	80049745	0	0	0	0
1608130728	90369986	0	0	0	0
1608130728	100667228	0	0	0	0
1608130728	110221331	0	0	0	0
1608130728	120273199	0	0	0	0
1608130728	130156173	0	0	0	0
1608130728	140150048	0	0	0	0
1608130728	150165464	0	0	0	0
1608130728	160130177	0	0	0	0
1608130728	170348819	0	0	0	0
1608130728	180333433	0	0	0	0
1608130728	190977775	0	0	0	0
1608130728	200270080	0	0	0	0
1608130728	210249680	0	0	0	0
1608130728	220376583	0	0	0	0
1608130728	230368319	0	0	0	0
1608130728	240351404	0	0	0	0
1608130728	250377358	0	0	0	0
1608130728	260286347	0	0	0	0
1608130728	270345476	0	0	0	0
1608130728	280299487	0	0	0	0
1608130728	290266403	0	0	0	0
1608130728	300302199	0	0	0	0
1608130728	310345345	0	0	0	0
1608130728	320513480	0	0	0	0
1608130728	330485950	0	0	0	0
1608130728	340544491	0	0	0	0
1608130728	350381330	0	0	0	0
1608130728	360096817	0	0	0	0
1608130728	370346083	0	0	0	0
1608130728	380374273	0	0	0	0
1608130728	390786963	0	0	0	0
1608130728	400276855	0	0	0	0
1608130728	410343529	0	0	0	0
1608130728	420389193	0	0	0	0
1608130728	430363890	0	0	0	0
1608130728	440346930	0	0	0	0
1608130728	450337928	0	0	0	0
1608130728	460325797	0	0	0	0
1608130728	470446755	0	0	0	0
1608130728	480351205	0	0	0	0
1608130728	490457684	0	0	0	0
1608130728	500755412	0	0	0	0
1608130728	510978593	0	0	0	0
1608130728	520364229	0	0	0	0
1608130728	530356291	0	0	0	0
1608130728	540407432	0	0	0	0
1608130728	550347879	0	0	0	0
1608130728	560297170	0	0	0	0
1608130728	570367768	0	0	0	0
1608130728	580617019	0	0	0	0
1608130728	590348535	0	0	0	0
1608130728	600402597	0	0	0	0
1608130728	610216407	0	0	0	0
1608130728	620399014	0	0	0	0
1608130728	630364482	0	0	0	0
1608130728	640397862	0	0	0	0
1608130728	650415554	0	0	0	0
1608130728	660421806	0	0	0	0
1608130728	670282532	0	0	0	0
1608130728	680322428	0	0	0	0
1608130728	690709956	0	0	0	0
1608130728	700292046	0	0	0	0
1608130728	710451676	0	0	0	0
1608130728	720445831	0	0	0	0
1608130728	730809667	0	0	0	0
1608130728	740463844	0	0	0	0
1608130728	750458039	0	0	0	0
1608130728	760739620	0	0	0	0
1608130728	770459531	0	0	0	0
1608130728	780468535	0	0	0	0
1608130728	790476902	0	0	0	0
1608130728	800315045	0	0	0	0
1608130728	810391185	0	0	0	0
1608130728	820405452	0	0	0	0
1608130728	830614256	0	0	0	0
1608130728	840466360	0	0	0	0
1608130728	850254331	0	0	0	0
1608130728	860406057	0	0	0	0
1608130728	870213691	0	0	0	0
1608130728	880426385	0	0	0	0
1608130728	890351705	0	0	0	0
1608130728	900459380	0	0	0	0
1608130728	910312308	0	0	0	0
1608130728	920374717	0	0	0	0
1608130728	930507608	0	0	0	0
1608130728	940474962	0	0	0	0
1608130728	950499418	0	0	0	0
1608130728	960385699	0	0	0	0
1608130728	970417929	0	0	0	0
1608130728	980791809	0	0	0	0
1608130728	990322099	0	0	0	0
1608130729	726649	0	0	0	0
1608130729	10099960	0	0	0	0
1608130729	20406866	0	0	0	0
1608130729	30532378	0	0	0	0
1608130729	40410696	0	0	0	0
1608130729	50473221	0	0	0	0
1608130729	60441640	0	0	0	0
1608130729	70443894	0	0	0	0
1608130729	80321000	0	0	0	0
1608130729	90421153	0	0	0	0
1608130729	100348138	0	0	0	0
1608130729	110476663	0	0	0	0
1608130729	120558035	0	0	0	0
1608130729	130333223	0	0	0	0
1608130729	140383970	0	0	0	0
1608130729	150692466	0	0	0	0
1608130729	160434194	0	0	0	0
1608130729	170634090	0	0	0	0
1608130729	180318173	0	0	0	0
1608130729	190109268	0	0	0	0
1608130729	200515899	0	0	0	0
1608130729	210095791	0	0	0	0
1608130729	220369147	0	0	0	0
1608130729	230355007	0	0	0	0
1608130729	240365139	0	0	0	0
1608130729	250707496	0	0	0	0
1608130729	260356325	0	0	0	0
1608130729	270317868	0	0	0	0
1608130729	280459473	0	0	0	0
1608130729	290360618	0	0	0	0
1608130729	300407077	0	0	0	0
1608130729	310351913	0	0	0	0
1608130729	320453125	0	0	0	0
1608130729	330716008	0	0	0	0
1608130729	340385759	0	0	0	0
1608130729	350259118	0	0	0	0
1608130729	360452337	0	0	0	0
1608130729	370907659	0	0	0	0
1608130729	380296184	0	0	0	0
1608130729	390479079	0	0	0	0
1608130729	400472504	0	0	0	0
1608130729	410495341	0	0	0	0
1608130729	420362073	0	0	0	0
1608130729	430512835	0	0	0	0
1608130729	440429770	0	0	0	0
1608130729	450465365	0	0	0	0
1608130729	460823145	0	0	0	0
1608130729	470257218	0	0	0	0
1608130729	480446739	0	0	0	0
1608130729	490387370	0	0	0	0
1608130729	500421062	0	0	0	0
1608130729	510775274	0	0	0	0
1608130729	520373558	0	0	0	0
1608130729	530501163	0	0	0	0
1608130729	540411559	0	0	0	0
1608130729	550777962	0	0	0	0
1608130729	560247080	0	0	0	0
1608130729	570257211	0	0	0	0
1608130729	580403192	0	0	0	0
1608130729	590538340	0	0	0	0
1608130729	600495260	0	0	0	0
1608130729	610464049	0	0	0	0
1608130729	620461642	0	0	0	0
1608130729	630455224	0	0	0	0
1608130729	640364035	0	0	0	0
1608130729	650454596	0	0	0	0
1608130729	660417591	0	0	0	0
1608130729	670428132	0	0	0	0
1608130729	680398360	0	0	0	0
1608130729	690490137	0	0	0	0
1608130729	700742599	0	0	0	0
1608130729	710439016	0	0	0	0
1608130729	720762565	0	0	0	0
1608130729	730325598	0	0	0	0
1608130729	740400539	0	0	0	0
1608130729	750404172	0	0	0	0
1608130729	760386266	0	0	0	0
1608130729	770707464	0	0	0	0
1608130729	780491513	0	0	0	0
1608130729	790445799	0	0	0	0
1608130729	800747602	0	0	0	0
1608130729	810081824	0	0	0	0
1608130729	820369058	0	0	0	0
1608130729	830762035	0	0	0	0
1608130729	840367196	0	0	0	0
1608130729	850478288	0	0	0	0
1608130729	860684758	0	0	0	0
1608130729	870418265	0	0	0	0
1608130729	880464905	0	0	0	0
1608130729	890346857	0	0	0	0
1608130729	900523304	0	0	0	0
1608130729	910511890	0	0	0	0
1608130729	920502667	0	0	0	0
1608130729	930408281	0	0	0	0
1608130729	940502217	0	0	0	0
1608130729	950514570	0	0	0	0
1608130729	960346640	0	0	0	0
1608130729	970647863	0	0	0	0
1608130729	980355456	0	0	0	0
1608130729	990378038	0	0	0	0
1608130730	463398	0	0	0	0
1608130730	10475957	0	0	0	0
1608130730	20562571	0	0	0	0
1608130730	30123883	0	0	0	0
1608130730	40425047	0	0	0	0
1608130730	50437214	0	0	0	0
1608130730	60267407	0	0	0	0
1608130730	70517289	0	0	0	0
1608130730	80400396	0	0	0	0
1608130730	90278757	0	0	0	0
1608130730	100344708	0	0	0	0
1608130730	110275903	0	0	0	0
1608130730	120359097	0	0	0	0
1608130730	130277091	0	0	0	0
1608130730	140425133	0	0	0	0
1608130730	150055579	0	0	0	0
1608130730	160271654	0	0	0	0
1608130730	170308420	0	0	0	0
1608130730	180402978	0	0	0	0
1608130730	190384161	0	0	0	0
1608130730	200404596	0	0	0	0
1608130730	210360748	0	0	0	0
1608130730	220092861	0	0	0	0
1608130730	230363934	0	0	0	0
1608130730	240460409	0	0	0	0
1608130730	250711465	0	0	0	0
1608130730	260420433	0	0	0	0
1608130730	270420165	0	0	0	0
1608130730	280526258	0	0	0	0
1608130730	290376968	0	0	0	0
1608130730	300479432	0	0	0	0
1608130730	310477147	0	0	0	0
1608130730	320363538	0	0	0	0
1608130730	330471955	0	0	0	0
1608130730	340345052	0	0	0	0
1608130730	350316812	0	0	0	0
1608130730	360779799	0	0	0	0
1608130730	370403044	0	0	0	0
1608130730	380414106	0	0	0	0
1608130730	390499103	0	0	0	0
1608130730	400495401	0	0	0	0
1608130730	410478590	0	0	0	0
1608130730	420378200	0	0	0	0
1608130730	430632223	0	0	0	0
1608130730	440392535	0	0	0	0
1608130730	450325897	0	0	0	0
1608130730	460351728	0	0	0	0
1608130730	470685268	0	0	0	0
1608130730	480128000	0	0	0	0
1608130730	490300146	0	0	0	0
1608130730	500384858	0	0	0	0
1608130730	510366876	0	0	0	0
1608130730	520723452	0	0	0	0
1608130730	530453302	0	0	0	0
1608130730	540296015	0	0	0	0
1608130730	550500394	0	0	0	0
1608130730	560793666	0	0	0	0
1608130730	570387925	0	0	0	0
1608130730	580531499	0	0	0	0
1608130730	590507042	0	0	0	0
1608130730	600473536	0	0	0	0
1608130730	610516865	0	0	0	0
1608130730	620377182	0	0	0	0
1608130730	630335618	0	0	0	0
1608130730	640373075	0	0	0	0
1608130730	650600092	0	0	0	0
1608130730	660087393	0	0	0	0
1608130730	670483935	0	0	0	0
1608130730	680406959	0	0	0	0
1608130730	690425556	0	0	0	0
1608130730	700609856	0	0	0	0
1608130730	710266308	0	0	0	0
1608130730	720530018	0	0	0	0
1608130730	730806907	0	0	0	0
1608130730	740596205	0	0	0	0
1608130730	750135958	0	0	0	0
1608130730	760461702	0	0	0	0
1608130730	770177046	0	0	0	0
1608130730	780150846	0	0	0	0
1608130730	790125645	0	0	0	0
1608130730	800144099	0	0	0	0
1608130730	810148160	0	0	0	0
1608130730	820266963	0	0	0	0
1608130730	830246150	0	0	0	0
1608130730	840394036	0	0	0	0
1608130730	850272488	0	0	0	0
1608130730	860335737	0	0	0	0
1608130730	870744049	0	0	0	0
1608130730	880384370	0	0	0	0
1608130730	890372403	0	0	0	0
1608130730	900339555	0	0	0	0
1608130730	910351137	0	0	0	0
1608130730	920397694	0	0	0	0
1608130730	930391739	0	0	0	0
1608130730	940564698	0	0	0	0
1608130730	950289329	0	0	0	0
1608130730	960552779	0	0	0	0
1608130730	970511404	0	0	0	0
1608130730	980447503	0	0	0	0
1608130730	990291174	0	0	0	0
1608130731	377940	0	0	0	0
1608130731	10395700	0	0	0	0
1608130731	20363608	0	0	0	0
1608130731	30385890	0	0	0	0
1608130731	40015683	0	0	0	0
1608130731	50483938	0	0	0	0
1608130731	60596683	0	0	0	0
1608130731	70420728	0	0	0	0
1608130731	80425545	0	0	0	0
1608130731	90350408	0	0	0	0
1608130731	100390273	0	0	0	0
1608130731	110356715	0	0	0	0
1608130731	120470856	0	0	0	0
1608130731	130625472	0	0	0	0
1608130731	140415817	0	0	0	0
1608130731	150171546	0	0	0	0
1608130731	160375141	0	0	0	0
1608130731	170386353	0	0	0	0
1608130731	180355934	0	0	0	0
1608130731	190484114	0	0	0	0
1608130731	200551703	0	0	0	0
1608130731	210484266	0	0	0	0
1608130731	220381666	0	0	0	0
1608130731	230618395	0	0	0	0
1608130731	240302532	0	0	0	0
1608130731	250343553	0	0	0	0
1608130731	260386028	0	0	0	0
1608130731	270423092	0	0	0	0
1608130731	280293916	0	0	0	0
1608130731	290365474	0	0	0	0
1608130731	300307557	0	0	0	0
1608130731	310369411	0	0	0	0
1608130731	320441452	0	0	0	0
1608130731	330219498	0	0	0	0
1608130731	340315400	0	0	0	0
1608130731	350471962	0	0	0	0
1608130731	360397477	0	0	0	0
1608130731	370802713	0	0	0	0
1608130731	380394970	0	0	0	0
1608130731	390323943	0	0	0	0
1608130731	400526360	0	0	0	0
1608130731	410150866	0	0	0	0
1608130731	420396550	0	0	0	0
1608130731	430686410	0	0	0	0
1608130731	440414074	0	0	0	0
1608130731	450439960	0	0	0	0
1608130731	460458267	0	0	0	0
1608130731	470136325	0	0	0	0
1608130731	480391921	0	0	0	0
1608130731	490377002	0	0	0	0
1608130731	500126506	0	0	0	0
1608130731	510415164	0	0	0	0
1608130731	520283860	0	0	0	0
1608130731	530408735	0	0	0	0
1608130731	540412509	0	0	0	0
1608130731	550412464	0	0	0	0
1608130731	560362083	0	0	0	0
1608130731	570397368	0	0	0	0
1608130731	580457917	0	0	0	0
1608130731	590330658	0	0	0	0
1608130731	600369437	0	0	0	0
1608130731	610635570	0	0	0	0
1608130731	620354295	0	0	0	0
1608130731	630467457	0	0	0	0
1608130731	640330945	0	0	0	0
1608130731	650392338	0	0	0	0
1608130731	660337421	0	0	0	0
1608130731	670392821	0	0	0	0
1608130731	680417278	0	0	0	0
1608130731	690149553	0	0	0	0
1608130731	700517251	0	0	0	0
1608130731	710524268	0	0	0	0
1608130731	720415183	0	0	0	0
1608130731	730543974	0	0	0	0
1608130731	740601306	0	0	0	0
1608130731	750421890	0	0	0	0
1608130731	760352308	0	0	0	0
1608130731	770508032	0	0	0	0
1608130731	780677856	0	0	0	0
1608130731	790509424	0	0	0	0
1608130731	800701176	0	0	0	0
1608130731	810375244	0	0	0	0
1608130731	820507282	0	0	0	0
1608130731	830242578	0	0	0	0
1608130731	840228088	0	0	0	0
1608130731	850492881	0	0	0	0
1608130731	860759043	0	0	0	0
1608130731	870473433	0	0	0	0
1608130731	880385993	0	0	0	0
1608130731	890472795	0	0	0	0
1608130731	900363233	0	0	0	0
1608130731	910439784	0	0	0	0
1608130731	920439859	0	0	0	0
1608130731	930493596	0	0	0	0
1608130731	940515751	0	0	0	0
1608130731	950490446	0	0	0	0
1608130731	960763071	0	0	0	0
1608130731	970476499	0	0	0	0
1608130731	980438980	0	0	0	0
1608130731	990777161	0	0	0	0
1608130732	786272	0	0	0	0
1608130732	10358399	0	0	0	0
1608130732	20148519	0	0	0	0
1608130732	30363780	0	0	0	0
1608130732	40421851	0	0	0	0
1608130732	50550758	0	0	0	0
1608130732	60489970	0	0	0	0
1608130732	70082090	0	0	0	0
1608130732	80161679	0	0	0	0
1608130732	90535322	0	0	0	0
1608130732	100732478	0	0	0	0
1608130732	110356388	0	0	0	0
1608130732	120489102	0	0	0	0
1608130732	130421488	0	0	0	0
1608130732	140394514	0	0	0	0
1608130732	150405347	0	0	0	0
1608130732	160331488	0	0	0	0
1608130732	170505459	0	0	0	0
1608130732	180376283	0	0	0	0
1608130732	190390506	0	0	0	0
1608130732	200382660	0	0	0	0
1608130732	210310161	0	0	0	0
1608130732	220395569	0	0	0	0
1608130732	230367296	0	0	0	0
1608130732	240396303	0	0	0	0
1608130732	250403489	0	0	0	0
1608130732	260391093	0	0	0	0
1608130732	270380847	0	0	0	0
1608130732	280404156	0	0	0	0
1608130732	290382350	0	0	0	0
1608130732	300315101	0	0	0	0
1608130732	310464777	0	0	0	0
1608130732	320401951	0	0	0	0
1608130732	330413665	0	0	0	0
1608130732	340399878	0	0	0	0
1608130732	350395483	0	0	0	0
1608130732	360397220	0	0	0	0
1608130732	370411296	0	0	0	0
1608130732	380385430	0	0	0	0
1608130732	390351649	0	0	0	0
1608130732	400398770	0	0	0	0
1608130732	410874584	0	0	0	0
1608130732	420380420	0	0	0	0
1608130732	430488207	0	0	0	0
1608130732	440473077	0	0	0	0
1608130732	450446725	0	0	0	0
1608130732	460305195	0	0	0	0
1608130732	470463303	0	0	0	0
1608130732	480352968	0	0	0	0
1608130732	490362691	0	0	0	0
1608130732	500325844	0	0	0	0
1608130732	510484394	0	0	0	0
1608130732	520417473	0	0	0	0
1608130732	530404427	0	0	0	0
1608130732	540417042	0	0	0	0
1608130732	550384420	0	0	0	0
1608130732	560098814	0	0	0	0
1608130732	570427289	0	0	0	0
1608130732	580381593	0	0	0	0
1608130732	590372619	0	0	0	0
1608130732	600493840	0	0	0	0
1608130732	610362061	0	0	0	0
1608130732	620376491	0	0	0	0
1608130732	630493548	0	0	0	0
1608130732	640772979	0	0	0	0
1608130732	650794637	0	0	0	0
1608130732	660385390	0	0	0	0
1608130732	670476704	0	0	0	0
1608130732	680317570	0	0	0	0
1608130732	690716278	0	0	0	0
1608130732	700393562	0	0	0	0
1608130732	710470924	0	0	0	0
1608130732	720391631	0	0	0	0
1608130732	730498609	0	0	0	0
1608130732	740394332	0	0	0	0
1608130732	750434735	0	0	0	0
1608130732	760436877	0	0	0	0
1608130732	770449306	0	0	0	0
1608130732	780793152	0	0	0	0
1608130732	790361328	0	0	0	0
1608130732	800388936	0	0	0	0
1608130732	810428850	0	0	0	0
1608130732	820417393	0	0	0	0
1608130732	830443688	0	0	0	0
1608130732	840143903	0	0	0	0
1608130732	850447914	0	0	0	0
1608130732	860445930	0	0	0	0
1608130732	870370335	0	0	0	0
1608130732	880405956	0	0	0	0
1608130732	890735830	0	0	0	0
1608130732	900497144	0	0	0	0
1608130732	910820301	0	0	0	0
1608130732	920391302	0	0	0	0
1608130732	930829099	0	0	0	0
1608130732	940428681	0	0	0	0
1608130732	950428960	0	0	0	0
1608130732	960440856	0	0	0	0
1608130732	970394898	0	0	0	0
1608130732	980449677	0	0	0	0
1608130732	990442982	0	0	0	0
1608130733	479885	0	0	0	0
1608130733	10702132	0	0	0	0
1608130733	20521958	0	0	0	0
1608130733	30505492	0	0	0	0
1608130733	40399293	0	0	0	0
1608130733	50562549	0	0	0	0
1608130733	60441188	0	0	0	0
1608130733	70398219	0	0	0	0
1608130733	80386342	0	0	0	0
1608130733	90148420	0	0	0	0
1608130733	100592844	0	0	0	0
1608130733	110379086	0	0	0	0
1608130733	120534429	0	0	0	0
1608130733	130434221	0	0	0	0
1608130733	140431691	0	0	0	0
1608130733	150178145	0	0	0	0
1608130733	160164810	0	0	0	0
1608130733	170406298	0	0	0	0
1608130733	180630908	0	0	0	0
1608130733	190412033	0	0	0	0
1608130733	200413080	0	0	0	0
1608130733	210516783	0	0	0	0
1608130733	220432177	0	0	0	0
1608130733	230427525	0	0	0	0
1608130733	240701130	0	0	0	0
1608130733	250472866	0	0	0	0
1608130733	260661870	0	0	0	0
1608130733	270108038	0	0	0	0
1608130733	280313441	0	0	0	0
1608130733	290484713	0	0	0	0
1608130733	300475582	0	0	0	0
1608130733	310560374	0	0	0	0
1608130733	320353384	0	0	0	0
1608130733	330885099	0	0	0	0
1608130733	340748273	0	0	0	0
1608130733	350482977	0	0	0	0
1608130733	360454437	0	0	0	0
1608130733	370501312	0	0	0	0
1608130733	380769375	0	0	0	0
1608130733	390810380	0	0	0	0
1608130733	400549609	0	0	0	0
1608130733	410386935	0	0	0	0
1608130733	420372470	0	0	0	0
1608130733	430371707	0	0	0	0
1608130733	440379037	0	0	0	0
1608130733	450433008	0	0	0	0
1608130733	460385126	0	0	0	0
1608130733	470337012	0	0	0	0
1608130733	480420139	0	0	0	0
1608130733	490420990	0	0	0	0
1608130733	500185106	0	0	0	0
1608130733	510387896	0	0	0	0
1608130733	520717123	0	0	0	0
1608130733	530374955	0	0	0	0
1608130733	540706151	0	0	0	0
1608130733	550298322	0	0	0	0
1608130733	560388392	0	0	0	0
1608130733	570241852	0	0	0	0
1608130733	580412984	0	0	0	0
1608130733	590594848	0	0	0	0
1608130733	600619240	0	0	0	0
1608130733	610088211	0	0	0	0
1608130733	620505801	0	0	0	0
1608130733	630299882	0	0	0	0
1608130733	640286396	0	0	0	0
1608130733	650338839	0	0	0	0
1608130733	660372595	0	0	0	0
1608130733	670856767	0	0	0	0
1608130733	680450897	0	0	0	0
1608130733	690450851	0	0	0	0
1608130733	700570435	0	0	0	0
1608130733	710492372	0	0	0	0
1608130733	720393389	0	0	0	0
1608130733	730434242	0	0	0	0
1608130733	740561576	0	0	0	0
1608130733	750340998	0	0	0	0
1608130733	760401019	0	0	0	0
1608130733	770372482	0	0	0	0
1608130733	780357572	0	0	0	0
1608130733	790504827	0	0	0	0
1608130733	800450685	0	0	0	0
1608130733	810542071	0	0	0	0
1608130733	820387637	0	0	0	0
1608130733	830350159	0	0	0	0
1608130733	840467668	0	0	0	0
1608130733	850357242	0	0	0	0
1608130733	860468163	0	0	0	0
1608130733	870299605	0	0	0	0
1608130733	880541518	0	0	0	0
1608130733	890466325	0	0	0	0
1608130733	900227919	0	0	0	0
1608130733	910350623	0	0	0	0
1608130733	920464689	0	0	0	0
1608130733	930346530	0	0	0	0
1608130733	940390728	0	0	0	0
1608130733	950549967	0	0	0	0
1608130733	960397964	0	0	0	0
1608130733	970449139	0	0	0	0
1608130733	980342130	0	0	0	0
1608130733	990378963	0	0	0	0
1608130734	416968	0	0	0	0
1608130734	10419362	0	0	0	0
1608130734	20941879	0	0	0	0
1608130734	30183332	0	0	0	0
1608130734	40412504	0	0	0	0
1608130734	50178210	0	0	0	0
1608130734	60067215	0	0	0	0
1608130734	70361768	0	0	0	0
1608130734	80484451	0	0	0	0
1608130734	90477548	0	0	0	0
1608130734	100349904	0	0	0	0
1608130734	110483664	0	0	0	0
1608130734	120720896	0	0	0	0
1608130734	130337319	0	0	0	0
1608130734	140475989	0	0	0	0
1608130734	150397769	0	0	0	0
1608130734	160405006	0	0	0	0
1608130734	170409481	0	0	0	0
1608130734	180544519	0	0	0	0
1608130734	190157892	0	0	0	0
1608130734	200325202	0	0	0	0
1608130734	210329783	0	0	0	0
1608130734	220362236	0	0	0	0
1608130734	230553251	0	0	0	0
1608130734	240354720	0	0	0	0
1608130734	250294457	0	0	0	0
1608130734	260542873	0	0	0	0
1608130734	270258497	0	0	0	0
1608130734	280590800	0	0	0	0
1608130734	290312374	0	0	0	0
1608130734	300183266	0	0	0	0
1608130734	310121176	0	0	0	0
1608130734	320244473	0	0	0	0
1608130734	330415570	0	0	0	0
1608130734	340375872	0	0	0	0
1608130734	350315521	0	0	0	0
1608130734	360276630	0	0	0	0
1608130734	370693677	0	0	0	0
1608130734	380183410	0	0	0	0
1608130734	390568931	0	0	0	0
1608130734	400801062	0	0	0	0
1608130734	410028038	0	0	0	0
1608130734	420676609	0	0	0	0
1608130734	430417181	0	0	0	0
1608130734	440391111	0	0	0	0
1608130734	450351431	0	0	0	0
1608130734	460365011	0	0	0	0
1608130734	470426535	0	0	0	0
1608130734	480444753	0	0	0	0
1608130734	490411985	0	0	0	0
1608130734	500086066	0	0	0	0
1608130734	510826749	0	0	0	0
1608130734	520602465	0	0	0	0
1608130734	530409712	0	0	0	0
1608130734	540169105	0	0	0	0
1608130734	550156446	0	0	0	0
1608130734	560428105	0	0	0	0
1608130734	570426890	0	0	0	0
1608130734	580364670	0	0	0	0
1608130734	590445224	0	0	0	0
1608130734	600397540	0	0	0	0
1608130734	610149806	0	0	0	0
1608130734	620315767	0	0	0	0
1608130734	630385711	0	0	0	0
1608130734	640487552	0	0	0	0
1608130734	650511842	0	0	0	0
1608130734	660598358	0	0	0	0
1608130734	670519904	0	0	0	0
1608130734	680444960	0	0	0	0
1608130734	690465150	0	0	0	0
1608130734	700418154	0	0	0	0
1608130734	710700826	0	0	0	0
1608130734	720005912	0	0	0	0
1608130734	730416675	0	0	0	0
1608130734	740414889	0	0	0	0
1608130734	750189644	0	0	0	0
1608130734	760638087	0	0	0	0
1608130734	770181531	0	0	0	0
1608130734	780484400	0	0	0	0
1608130734	790370034	0	0	0	0
1608130734	800570815	0	0	0	0
1608130734	810404465	0	0	0	0
1608130734	820390577	0	0	0	0
1608130734	830511258	0	0	0	0
1608130734	840411284	0	0	0	0
1608130734	850480499	0	0	0	0
1608130734	860556314	0	0	0	0
1608130734	870380602	0	0	0	0
1608130734	880450873	0	0	0	0
1608130734	890511650	0	0	0	0
1608130734	900416621	0	0	0	0
1608130734	910412701	0	0	0	0
1608130734	920520264	0	0	0	0
1608130734	930362267	0	0	0	0
