time_sec	time_nanosec	joint_velocity_0	joint_velocity_1	joint_velocity_2	joint_velocity_3
1608053103	337814391	0	0	0	0
1608053103	347938939	0	0	0	0
1608053103	357979699	0	0	0	0
1608053103	367763429	0	0	0	0
1608053103	377843388	0	0	0	0
1608053103	387772118	0	0	0	0
1608053103	397784076	0	0	0	0
1608053103	407784240	0	0	0	0
1608053103	417947758	0	0	0	0
1608053103	427835987	0	0	0	0
1608053103	437851127	0	0	0	0
1608053103	447738535	0	0	0	0
1608053103	457759473	0	0	0	0
1608053103	467750011	0	0	0	0
1608053103	477751556	0	0	0	0
1608053103	487771052	0	0	0	0
1608053103	497844487	0	0	0	0
1608053103	507821888	0	0	0	0
1608053103	517807951	0	0	0	0
1608053103	527840248	0	0	0	0
1608053103	537856923	0	0	0	0
1608053103	547787706	0	0	0	0
1608053103	557726565	0	0	0	0
1608053103	567785620	0	0	0	0
1608053103	577862274	0	0	0	0
1608053103	587772477	0	0	0	0
1608053103	597766553	0	0	0	0
1608053103	607742683	0	0	0	0
1608053103	617818830	0	0	0	0
1608053103	627872332	0	0	0	0
1608053103	638083058	0	0	0	0
1608053103	647885112	0	0	0	0
1608053103	657789167	0	0	0	0
1608053103	667717624	0	0	0	0
1608053103	677789496	0	0	0	0
1608053103	687845271	0	0	0	0
1608053103	697832296	0	0	0	0
1608053103	707801274	0	0	0	0
1608053103	717791951	0	0	0	0
1608053103	727813239	0	0	0	0
1608053103	737828665	0	0	0	0
1608053103	747832701	0	0	0	0
1608053103	757808742	0	0	0	0
1608053103	767761487	0	0	0	0
1608053103	777795152	0	0	0	0
1608053103	787783738	0	0	0	0
1608053103	797825731	0	0	0	0
1608053103	807801945	0	0	0	0
1608053103	817794395	0	0	0	0
1608053103	827832616	0	0	0	0
1608053103	837829625	0	0	0	0
1608053103	847778056	0	0	0	0
1608053103	857757814	0	0	0	0
1608053103	867796469	0	0	0	0
1608053103	877763097	0	0	0	0
1608053103	887852218	0	0	0	0
1608053103	897834025	0	0	0	0
1608053103	907725070	0	0	0	0
1608053103	917904781	0	0	0	0
1608053103	927737427	0	0	0	0
1608053103	937888631	0	0	0	0
1608053103	947815693	0	0	0	0
1608053103	957787021	0	0	0	0
1608053103	967886542	0	0	0	0
1608053103	977743374	0	0	0	0
1608053103	987956271	0	0	0	0
1608053103	997857312	0	0	0	0
1608053104	7897263	0	0	0	0
1608053104	17885163	0	0	0	0
1608053104	27784767	0	0	0	0
1608053104	37885856	0	0	0	0
1608053104	47758886	0	0	0	0
1608053104	57867982	0	0	0	0
1608053104	67869347	0	0	0	0
1608053104	77806227	0	0	0	0
1608053104	87763130	0	0	0	0
1608053104	97791748	0	0	0	0
1608053104	107847015	0	0	0	0
1608053104	117834952	0	0	0	0
1608053104	127813579	0	0	0	0
1608053104	137841924	0	0	0	0
1608053104	147805060	0	0	0	0
1608053104	157779241	0	0	0	0
1608053104	167750646	0	0	0	0
1608053104	177838239	0	0	0	0
1608053104	187776929	0	0	0	0
1608053104	197947251	0	0	0	0
1608053104	207849655	0	0	0	0
1608053104	217935800	0	0	0	0
1608053104	227822659	0	0	0	0
1608053104	237808708	0	0	0	0
1608053104	247775379	0	0	0	0
1608053104	257764068	0	0	0	0
1608053104	267734316	0	0	0	0
1608053104	277853288	0	0	0	0
1608053104	287722658	0	0	0	0
1608053104	297819878	0	0	0	0
1608053104	307790552	0	0	0	0
1608053104	317817739	0	0	0	0
1608053104	327830586	0	0	0	0
1608053104	337833059	0	0	0	0
1608053104	347615070	0	0	0	0
1608053104	357640851	0	0	0	0
1608053104	367616666	0	0	0	0
1608053104	377695198	0	0	0	0
1608053104	387652724	0	0	0	0
1608053104	397631158	0	0	0	0
1608053104	407631093	0	0	0	0
1608053104	417604733	0	0	0	0
1608053104	427728123	0	0	0	0
1608053104	437651818	0	0	0	0
1608053104	447778887	0	0	0	0
1608053104	457729386	0	0	0	0
1608053104	467777180	0	0	0	0
1608053104	477814799	0	0	0	0
1608053104	487792704	0	0	0	0
1608053104	497846507	0	0	0	0
1608053104	507941434	0	0	0	0
1608053104	517843756	0	0	0	0
1608053104	527806916	0	0	0	0
1608053104	537782917	0	0	0	0
1608053104	547821398	0	0	0	0
1608053104	557781780	0	0	0	0
1608053104	567751348	0	0	0	0
1608053104	577691237	0	0	0	0
1608053104	587756535	0	0	0	0
1608053104	597819466	0	0	0	0
1608053104	607857686	0	0	0	0
1608053104	617837724	0	0	0	0
1608053104	627823154	0	0	0	0
1608053104	637773538	0	0	0	0
1608053104	647794555	0	0	0	0
1608053104	657810160	0	0	0	0
1608053104	667797869	0	0	0	0
1608053104	677802627	0	0	0	0
1608053104	687772438	0	0	0	0
1608053104	697795546	0	0	0	0
1608053104	707812737	0	0	0	0
1608053104	717810303	0	0	0	0
1608053104	727799230	0	0	0	0
1608053104	737779271	0	0	0	0
1608053104	747797762	0	0	0	0
1608053104	757804297	0	0	0	0
1608053104	767799069	0	0	0	0
1608053104	777797905	0	0	0	0
1608053104	787821620	0	0	0	0
1608053104	797803040	0	0	0	0
1608053104	807731107	0	0	0	0
1608053104	817761266	0	0	0	0
1608053104	827883221	0	0	0	0
1608053104	837905256	0	0	0	0
1608053104	847794219	0	0	0	0
1608053104	857820439	0	0	0	0
1608053104	867801128	0	0	0	0
1608053104	878146168	0	0	0	0
1608053104	887785148	0	0	0	0
1608053104	897766067	0	0	0	0
1608053104	907799397	0	0	0	0
1608053104	917902577	0	0	0	0
1608053104	927860004	0	0	0	0
1608053104	937863953	0	0	0	0
1608053104	948198176	0	0	0	0
1608053104	957848310	0	0	0	0
1608053104	967831861	0	0	0	0
1608053104	977794284	0	0	0	0
1608053104	987758835	0	0	0	0
1608053104	997896764	0	0	0	0
1608053105	7863843	0	0	0	0
1608053105	17816388	0	0	0	0
1608053105	27878005	0	0	0	0
1608053105	37854040	0	0	0	0
1608053105	47770062	0	0	0	0
1608053105	57880748	0	0	0	0
1608053105	67823064	0	0	0	0
1608053105	77762942	0	0	0	0
1608053105	87798885	0	0	0	0
1608053105	97719340	0	0	0	0
1608053105	107817069	0	0	0	0
1608053105	117804286	0	0	0	0
1608053105	127915770	0	0	0	0
1608053105	137857460	0	0	0	0
1608053105	147816141	0	0	0	0
1608053105	157859918	0	0	0	0
1608053105	167813702	0	0	0	0
1608053105	177830369	0	0	0	0
1608053105	187736906	0	0	0	0
1608053105	197592727	0	0	0	0
1608053105	207655801	0	0	0	0
1608053105	217675206	0	0	0	0
1608053105	227643279	0	0	0	0
1608053105	237678507	0	0	0	0
1608053105	247675164	0	0	0	0
1608053105	257735831	0	0	0	0
1608053105	267826085	0	0	0	0
1608053105	277819680	0	0	0	0
1608053105	287718709	0	0	0	0
1608053105	297821355	0	0	0	0
1608053105	307802073	0	0	0	0
1608053105	318294254	0	0	0	0
1608053105	327784867	0	0	0	0
1608053105	337814183	0	0	0	0
1608053105	347893478	0	0	0	0
1608053105	357851496	0	0	0	0
1608053105	367805191	0	0	0	0
1608053105	377843567	0	0	0	0
1608053105	387839760	0	0	0	0
1608053105	397745545	0	0	0	0
1608053105	407845696	0	0	0	0
1608053105	417844480	0	0	0	0
1608053105	427743045	0	0	0	0
1608053105	437846380	0	0	0	0
1608053105	447768892	0	0	0	0
1608053105	457786709	0	0	0	0
1608053105	467804960	0	0	0	0
1608053105	477801736	0	0	0	0
1608053105	487810843	0	0	0	0
1608053105	497849232	0	0	0	0
1608053105	507795267	0	0	0	0
1608053105	517871044	0	0	0	0
1608053105	527832804	0	0	0	0
1608053105	537804284	0	0	0	0
1608053105	547792718	0	0	0	0
1608053105	557863028	0	0	0	0
1608053105	567770814	0	0	0	0
1608053105	577784995	0	0	0	0
1608053105	587806035	0	0	0	0
1608053105	597796809	0	0	0	0
1608053105	607889303	0	0	0	0
1608053105	617891669	0	0	0	0
1608053105	627793958	0	0	0	0
1608053105	637815006	0	0	0	0
1608053105	647857415	0	0	0	0
1608053105	657665943	0	0	0	0
1608053105	667626533	0	0	0	0
1608053105	677638769	0	0	0	0
1608053105	687673653	0	0	0	0
1608053105	697648580	0	0	0	0
1608053105	707782889	0	0	0	0
1608053105	717778042	0	0	0	0
1608053105	727665357	0	0	0	0
1608053105	737687644	0	0	0	0
1608053105	747764254	0	0	0	0
1608053105	757777862	0	0	0	0
1608053105	767798108	0	0	0	0
1608053105	777847291	0	0	0	0
1608053105	787917359	0	0	0	0
1608053105	797810714	0	0	0	0
1608053105	807838204	0	0	0	0
1608053105	817836016	0	0	0	0
1608053105	827800000	0	0	0	0
1608053105	837826250	0	0	0	0
1608053105	847774120	0	0	0	0
1608053105	857840240	0	0	0	0
1608053105	867864986	0	0	0	0
1608053105	877744402	0	0	0	0
1608053105	887840270	0	0	0	0
1608053105	897847594	0	0	0	0
1608053105	907897917	0	0	0	0
1608053105	917907123	0	0	0	0
1608053105	927785095	0	0	0	0
1608053105	937848717	0	0	0	0
1608053105	947912063	0	0	0	0
1608053105	957826756	0	0	0	0
1608053105	967807049	0	0	0	0
1608053105	977841358	0	0	0	0
1608053105	987820314	0	0	0	0
1608053105	997853138	0	0	0	0
1608053106	7853032	0	0	0	0
1608053106	17737546	0	0	0	0
1608053106	27812638	0	0	0	0
1608053106	37782766	0	0	0	0
1608053106	47828068	0	0	0	0
1608053106	57808434	0	0	0	0
1608053106	67780374	0	0	0	0
1608053106	77810555	0	0	0	0
1608053106	87879726	0	0	0	0
1608053106	97906938	0	0	0	0
1608053106	107845644	0	0	0	0
1608053106	117759757	0	0	0	0
1608053106	127851638	0	0	0	0
1608053106	137813287	0	0	0	0
1608053106	148326593	0	0	0	0
1608053106	157985994	0	0	0	0
1608053106	167780825	0	0	0	0
1608053106	177832407	0	0	0	0
1608053106	187886981	0	0	0	0
1608053106	197821018	0	0	0	0
1608053106	207780794	0	0	0	0
1608053106	217844462	0	0	0	0
1608053106	227853810	0	0	0	0
1608053106	237796193	0	0	0	0
1608053106	247855736	0	0	0	0
1608053106	257890815	0	0	0	0
1608053106	267832525	0	0	0	0
1608053106	277910034	0	0	0	0
1608053106	288040597	0	0	0	0
1608053106	297897288	0	0	0	0
1608053106	307763714	0	0	0	0
1608053106	317803979	0	0	0	0
1608053106	327821377	0	0	0	0
1608053106	337871326	0	0	0	0
1608053106	347849941	0	0	0	0
1608053106	357851263	0	0	0	0
1608053106	367742448	0	0	0	0
1608053106	377799316	0	0	0	0
1608053106	387911586	0	0	0	0
1608053106	397864092	0	0	0	0
1608053106	407850179	0	0	0	0
1608053106	417872144	0	0	0	0
1608053106	427846854	0	0	0	0
1608053106	437866992	0	0	0	0
1608053106	447842036	0	0	0	0
1608053106	457848500	0	0	0	0
1608053106	467751300	0	0	0	0
1608053106	478124038	0	0	0	0
1608053106	487841274	0	0	0	0
1608053106	497855950	0	0	0	0
1608053106	507887666	0	0	0	0
1608053106	517814289	0	0	0	0
1608053106	527785739	0	0	0	0
1608053106	537839244	0	0	0	0
1608053106	547824408	0	0	0	0
1608053106	557864897	0	0	0	0
1608053106	567835549	0	0	0	0
1608053106	577876578	0	0	0	0
1608053106	587761486	0	0	0	0
1608053106	597756501	0	0	0	0
1608053106	607717329	0	0	0	0
1608053106	617715689	0	0	0	0
1608053106	627811957	0	0	0	0
1608053106	637732998	0	0	0	0
1608053106	647823560	0	0	0	0
1608053106	657745887	0	0	0	0
1608053106	667822410	0	0	0	0
1608053106	677816351	0	0	0	0
1608053106	687845003	0	0	0	0
1608053106	697850566	0	0	0	0
1608053106	707768705	0	0	0	0
1608053106	717777484	0	0	0	0
1608053106	727841204	0	0	0	0
1608053106	737772991	0	0	0	0
1608053106	747925839	0	0	0	0
1608053106	757783368	0	0	0	0
1608053106	767785397	0	0	0	0
1608053106	777751451	0	0	0	0
1608053106	787845407	0	0	0	0
1608053106	797727825	0	0	0	0
1608053106	807698999	0	0	0	0
1608053106	817799026	0	0	0	0
1608053106	827821498	0	0	0	0
1608053106	837818679	0	0	0	0
1608053106	847736411	0	0	0	0
1608053106	857716327	0	0	0	0
1608053106	867822096	0	0	0	0
1608053106	877797147	0	0	0	0
1608053106	887848131	0	0	0	0
1608053106	897803930	0	0	0	0
1608053106	907783144	0	0	0	0
1608053106	917853555	0	0	0	0
1608053106	927751385	0	0	0	0
1608053106	937746035	0	0	0	0
1608053106	947747679	0	0	0	0
1608053106	957751516	0	0	0	0
1608053106	967844841	0	0	0	0
1608053106	977850477	0	0	0	0
1608053106	987823166	0	0	0	0
1608053106	997746564	0	0	0	0
1608053107	7799897	0	0	0	0
1608053107	17738098	0	0	0	0
1608053107	28035348	0	0	0	0
1608053107	38445199	0	0	0	0
1608053107	47789239	0	0	0	0
1608053107	57817311	0	0	0	0
1608053107	67836755	0	0	0	0
1608053107	77837641	0	0	0	0
1608053107	87827158	0	0	0	0
1608053107	97842141	0	0	0	0
1608053107	107823456	0	0	0	0
1608053107	117824224	0	0	0	0
1608053107	127820981	0	0	0	0
1608053107	137795944	0	0	0	0
1608053107	147840777	0	0	0	0
1608053107	157842728	0	0	0	0
1608053107	167848974	0	0	0	0
1608053107	177770420	0	0	0	0
1608053107	187777594	0	0	0	0
1608053107	197814492	0	0	0	0
1608053107	207778763	0	0	0	0
1608053107	217869800	0	0	0	0
1608053107	227821789	0	0	0	0
1608053107	237735342	0	0	0	0
1608053107	247872399	0	0	0	0
1608053107	257872816	0	0	0	0
1608053107	267827464	0	0	0	0
1608053107	277837957	0	0	0	0
1608053107	287825605	0	0	0	0
1608053107	297765282	0	0	0	0
1608053107	307762428	0	0	0	0
1608053107	317750586	0	0	0	0
1608053107	327796646	0	0	0	0
1608053107	337823150	0	0	0	0
1608053107	347755144	0	0	0	0
1608053107	357872993	0	0	0	0
1608053107	367788418	0	0	0	0
1608053107	377820531	0	0	0	0
1608053107	387825015	0	0	0	0
1608053107	397828475	0	0	0	0
1608053107	407845421	0	0	0	0
1608053107	417866034	0	0	0	0
1608053107	427768493	0	0	0	0
1608053107	437835817	0	0	0	0
1608053107	447839721	0	0	0	0
1608053107	457826687	0	0	0	0
1608053107	467813042	0	0	0	0
1608053107	477860345	0	0	0	0
1608053107	487825655	0	0	0	0
1608053107	497824709	0	0	0	0
1608053107	507807959	0	0	0	0
1608053107	517864483	0	0	0	0
1608053107	527818845	0	0	0	0
1608053107	537848457	0	0	0	0
1608053107	547880049	0	0	0	0
1608053107	557841751	0	0	0	0
1608053107	567832577	0	0	0	0
1608053107	577814467	0	0	0	0
1608053107	587833296	0	0	0	0
1608053107	598585339	0	0	0	0
1608053107	607833858	0	0	0	0
1608053107	617791848	0	0	0	0
1608053107	627813857	0	0	0	0
1608053107	637875588	0	0	0	0
1608053107	647774099	0	0	0	0
1608053107	657862914	0	0	0	0
1608053107	667843633	0	0	0	0
1608053107	677823006	0	0	0	0
1608053107	687800793	0	0	0	0
1608053107	697796563	0	0	0	0
1608053107	707764189	0	0	0	0
1608053107	717893096	0	0	0	0
1608053107	727777913	0	0	0	0
1608053107	737788691	0	0	0	0
1608053107	747797461	0	0	0	0
1608053107	757905434	0	0	0	0
1608053107	767855930	0	0	0	0
1608053107	777846456	0	0	0	0
1608053107	787811781	0	0	0	0
1608053107	797876685	0	0	0	0
1608053107	807859172	0	0	0	0
1608053107	817866111	0	0	0	0
1608053107	827835432	0	0	0	0
1608053107	837858525	0	0	0	0
1608053107	847842966	0	0	0	0
1608053107	857876059	0	0	0	0
1608053107	867847062	0	0	0	0
1608053107	877874353	0	0	0	0
1608053107	887851494	0	0	0	0
1608053107	897838594	0	0	0	0
1608053107	907769688	0	0	0	0
1608053107	917862121	0	0	0	0
1608053107	927892154	0	0	0	0
1608053107	937931448	0	0	0	0
1608053107	947898121	0	0	0	0
1608053107	957797414	0	0	0	0
1608053107	967966355	0	0	0	0
1608053107	977847094	0	0	0	0
1608053107	987866752	0	0	0	0
1608053107	997868463	0	0	0	0
1608053108	7858175	0	0	0	0
1608053108	17818729	0	0	0	0
1608053108	27923905	0	0	0	0
1608053108	37896688	0	0	0	0
1608053108	47865133	0	0	0	0
1608053108	57885815	0	0	0	0
1608053108	67865543	0	0	0	0
1608053108	77842019	0	0	0	0
1608053108	87925850	0	0	0	0
1608053108	97845316	0	0	0	0
1608053108	107876088	0	0	0	0
1608053108	117817318	0	0	0	0
1608053108	127849404	0	0	0	0
1608053108	137884654	0	0	0	0
1608053108	147862841	0	0	0	0
1608053108	157880900	0	0	0	0
1608053108	167849575	0	0	0	0
1608053108	177830094	0	0	0	0
1608053108	187851804	0	0	0	0
1608053108	197879185	0	0	0	0
1608053108	207791317	0	0	0	0
1608053108	217910528	0	0	0	0
1608053108	227910845	0	0	0	0
1608053108	237858009	0	0	0	0
1608053108	247867197	0	0	0	0
1608053108	257792120	0	0	0	0
1608053108	267834664	0	0	0	0
1608053108	277924751	0	0	0	0
1608053108	287828562	0	0	0	0
1608053108	297987280	0	0	0	0
1608053108	307878227	0	0	0	0
1608053108	317883815	0	0	0	0
1608053108	327833534	0	0	0	0
1608053108	337860396	0	0	0	0
1608053108	347899153	0	0	0	0
1608053108	357833902	0	0	0	0
1608053108	367809154	0	0	0	0
1608053108	377855789	0	0	0	0
1608053108	387791737	0	0	0	0
1608053108	397776423	0	0	0	0
1608053108	407781841	0	0	0	0
1608053108	417787147	0	0	0	0
1608053108	427850505	0	0	0	0
1608053108	437930399	0	0	0	0
1608053108	447865966	0	0	0	0
1608053108	457802588	0	0	0	0
1608053108	467839794	0	0	0	0
1608053108	477879003	0	0	0	0
1608053108	487874868	0	0	0	0
1608053108	497917865	0	0	0	0
1608053108	507923234	0	0	0	0
1608053108	517795120	0	0	0	0
1608053108	527863101	0	0	0	0
1608053108	537926455	0	0	0	0
1608053108	547883015	0	0	0	0
1608053108	557938184	0	0	0	0
1608053108	567851153	0	0	0	0
1608053108	577773730	0	0	0	0
1608053108	587770154	0	0	0	0
1608053108	597878317	0	0	0	0
1608053108	607838431	0	0	0	0
1608053108	617807375	0	0	0	0
1608053108	627842588	0	0	0	0
1608053108	637910342	0	0	0	0
1608053108	647892900	0	0	0	0
1608053108	657888746	0	0	0	0
1608053108	667838276	0	0	0	0
1608053108	677858421	0	0	0	0
1608053108	687859390	0	0	0	0
1608053108	697802556	0	0	0	0
1608053108	707793594	0	0	0	0
1608053108	717807421	0	0	0	0
1608053108	727902921	0	0	0	0
1608053108	737875451	0	0	0	0
1608053108	747905276	0	0	0	0
1608053108	757890927	0	0	0	0
1608053108	767873781	0	0	0	0
1608053108	777764236	0	0	0	0
1608053108	787848071	0	0	0	0
1608053108	797839391	0	0	0	0
1608053108	807794117	0	0	0	0
1608053108	817865043	0	0	0	0
1608053108	827803953	0	0	0	0
1608053108	837915357	0	0	0	0
1608053108	847915077	0	0	0	0
1608053108	857816704	0	0	0	0
1608053108	867877199	0	0	0	0
1608053108	877794905	0	0	0	0
1608053108	887873233	0	0	0	0
1608053108	897935126	0	0	0	0
1608053108	907837708	0	0	0	0
1608053108	917800443	0	0	0	0
1608053108	927786438	0	0	0	0
1608053108	937920047	0	0	0	0
1608053108	947864776	0	0	0	0
1608053108	957864397	0	0	0	0
1608053108	968002484	0	0	0	0
1608053108	977805265	0	0	0	0
1608053108	988026642	0	0	0	0
1608053108	997936696	0	0	0	0
1608053109	7802103	0	0	0	0
1608053109	17940623	0	0	0	0
1608053109	27788376	0	0	0	0
1608053109	37923342	0	0	0	0
1608053109	47911648	0	0	0	0
1608053109	57932044	0	0	0	0
1608053109	67818337	0	0	0	0
1608053109	77813646	0	0	0	0
1608053109	87842249	0	0	0	0
1608053109	97844220	0	0	0	0
1608053109	107875407	0	0	0	0
1608053109	117866996	0	0	0	0
1608053109	127868513	0	0	0	0
1608053109	137819501	0	0	0	0
1608053109	147882168	0	0	0	0
1608053109	157888697	0	0	0	0
1608053109	167945175	0	0	0	0
1608053109	177853104	0	0	0	0
1608053109	187795586	0	0	0	0
1608053109	197793174	0	0	0	0
1608053109	207847435	0	0	0	0
1608053109	217867333	0	0	0	0
1608053109	227834586	0	0	0	0
1608053109	237885355	0	0	0	0
1608053109	247946980	0	0	0	0
1608053109	257855978	0	0	0	0
1608053109	267905413	0	0	0	0
1608053109	277823307	0	0	0	0
1608053109	287827884	0	0	0	0
1608053109	297897334	0	0	0	0
1608053109	307850591	0	0	0	0
1608053109	317857152	0	0	0	0
1608053109	327920609	0	0	0	0
1608053109	337875329	0	0	0	0
1608053109	347858828	0	0	0	0
1608053109	357869094	0	0	0	0
1608053109	367846278	0	0	0	0
1608053109	377865191	0	0	0	0
1608053109	387870514	0	0	0	0
1608053109	397805658	0	0	0	0
1608053109	407920797	0	0	0	0
1608053109	417847366	0	0	0	0
1608053109	427814010	0	0	0	0
1608053109	438635809	0	0	0	0
1608053109	447886579	0	0	0	0
1608053109	457679565	0	0	0	0
1608053109	467612326	0	0	0	0
1608053109	477575768	0	0	0	0
1608053109	487539971	0	0	0	0
1608053109	497565719	0	0	0	0
1608053109	507704002	0	0	0	0
1608053109	517549576	0	0	0	0
1608053109	527593843	0	0	0	0
1608053109	537947027	0	0	0	0
1608053109	547901860	0	0	0	0
1608053109	557689551	0	0	0	0
1608053109	567756410	0	0	0	0
1608053109	577958072	0	0	0	0
1608053109	587893430	0	0	0	0
1608053109	597792389	0	0	0	0
1608053109	607874694	0	0	0	0
1608053109	617798591	0	0	0	0
1608053109	627849685	0	0	0	0
1608053109	637839014	0	0	0	0
1608053109	647871190	0	0	0	0
1608053109	657873515	0	0	0	0
1608053109	667838492	0	0	0	0
1608053109	677858721	0	0	0	0
1608053109	687859812	0	0	0	0
1608053109	697935842	0	0	0	0
1608053109	707820250	0	0	0	0
1608053109	717789614	0	0	0	0
1608053109	727809432	0	0	0	0
1608053109	737842753	0	0	0	0
1608053109	747912995	0	0	0	0
1608053109	757838419	0	0	0	0
1608053109	767846085	0	0	0	0
1608053109	777868042	0	0	0	0
1608053109	787825874	0	0	0	0
1608053109	797805168	0	0	0	0
1608053109	807785017	0	0	0	0
1608053109	817819006	0	0	0	0
1608053109	827867704	0	0	0	0
1608053109	837883303	0	0	0	0
1608053109	847888204	0	0	0	0
1608053109	857862170	0	0	0	0
1608053109	867873327	0	0	0	0
1608053109	877862150	0	0	0	0
1608053109	887943917	0	0	0	0
1608053109	897895733	0	0	0	0
1608053109	907828164	0	0	0	0
1608053109	917853649	0	0	0	0
1608053109	927781899	0	0	0	0
1608053109	937953185	0	0	0	0
1608053109	947877573	0	0	0	0
1608053109	957896624	0	0	0	0
1608053109	967894524	0	0	0	0
1608053109	977857021	0	0	0	0
1608053109	987887544	0	0	0	0
1608053109	997817144	0	0	0	0
1608053110	7827938	0	0	0	0
1608053110	18400346	0	0	0	0
1608053110	27858473	0	0	0	0
1608053110	37975898	0	0	0	0
1608053110	47894228	0	0	0	0
1608053110	58461414	0	0	0	0
1608053110	67834148	0	0	0	0
1608053110	77986440	0	0	0	0
1608053110	87881739	0	0	0	0
1608053110	97846727	0	0	0	0
1608053110	107860837	0	0	0	0
1608053110	117895469	0	0	0	0
1608053110	127935624	0	0	0	0
1608053110	137955687	0	0	0	0
1608053110	147884641	0	0	0	0
1608053110	157881314	0	0	0	0
1608053110	167882342	0	0	0	0
1608053110	177851855	0	0	0	0
1608053110	187909796	0	0	0	0
1608053110	197830232	0	0	0	0
1608053110	207859053	0	0	0	0
1608053110	217899267	0	0	0	0
1608053110	227841228	0	0	0	0
1608053110	237914975	0	0	0	0
1608053110	247917712	0	0	0	0
1608053110	257851801	0	0	0	0
1608053110	268014788	0	0	0	0
1608053110	277855082	0	0	0	0
1608053110	287944808	0	0	0	0
1608053110	297979130	0	0	0	0
1608053110	307960936	0	0	0	0
1608053110	317861040	0	0	0	0
1608053110	327867811	0	0	0	0
1608053110	337896898	0	0	0	0
1608053110	347985414	0	0	0	0
1608053110	357944385	0	0	0	0
1608053110	367860544	0	0	0	0
1608053110	377814950	0	0	0	0
1608053110	387865234	0	0	0	0
1608053110	397907837	0	0	0	0
1608053110	407833345	0	0	0	0
1608053110	417894108	0	0	0	0
1608053110	427906281	0	0	0	0
1608053110	437909189	0	0	0	0
1608053110	447916085	0	0	0	0
1608053110	457879468	0	0	0	0
1608053110	467854041	0	0	0	0
1608053110	477945852	0	0	0	0
1608053110	487826147	0	0	0	0
1608053110	497830484	0	0	0	0
1608053110	507807204	0	0	0	0
1608053110	517791611	0	0	0	0
1608053110	527906122	0	0	0	0
1608053110	537885810	0	0	0	0
1608053110	547955840	0	0	0	0
1608053110	558579671	0	0	0	0
1608053110	567892549	0	0	0	0
1608053110	577901458	0	0	0	0
1608053110	587860839	0	0	0	0
1608053110	597850506	0	0	0	0
1608053110	607863246	0	0	0	0
1608053110	617880062	0	0	0	0
1608053110	627861614	0	0	0	0
1608053110	637875108	0	0	0	0
1608053110	647875090	0	0	0	0
1608053110	657893652	0	0	0	0
1608053110	667857134	0	0	0	0
1608053110	678508496	0	0	0	0
1608053110	687924593	0	0	0	0
1608053110	697859631	0	0	0	0
1608053110	707873224	0	0	0	0
1608053110	717961323	0	0	0	0
1608053110	727914745	0	0	0	0
1608053110	737871480	0	0	0	0
1608053110	747911963	0	0	0	0
1608053110	757843182	0	0	0	0
1608053110	767856059	0	0	0	0
1608053110	778331806	0	0	0	0
1608053110	787868096	0	0	0	0
1608053110	797803835	0	0	0	0
1608053110	807890413	0	0	0	0
1608053110	817968511	0	0	0	0
1608053110	827876536	0	0	0	0
1608053110	837878309	0	0	0	0
1608053110	847913774	0	0	0	0
1608053110	857903208	0	0	0	0
1608053110	867865151	0	0	0	0
1608053110	877904074	0	0	0	0
1608053110	887852471	0	0	0	0
1608053110	897785311	0	0	0	0
1608053110	907792596	0	0	0	0
1608053110	917816561	0	0	0	0
1608053110	927983702	0	0	0	0
1608053110	937769418	0	0	0	0
1608053110	947692499	0	0	0	0
1608053110	957791836	0	0	0	0
1608053110	967786862	0	0	0	0
1608053110	977767402	0	0	0	0
1608053110	987782039	0	0	0	0
1608053110	997887750	0	0	0	0
1608053111	7929037	0	0	0	0
1608053111	17838843	0	0	0	0
1608053111	27921296	0	0	0	0
1608053111	37831538	0	0	0	0
1608053111	47904061	0	0	0	0
1608053111	57896070	0	0	0	0
1608053111	67896690	0	0	0	0
1608053111	77891241	0	0	0	0
1608053111	87895784	0	0	0	0
1608053111	97873650	0	0	0	0
1608053111	107869797	0	0	0	0
1608053111	117908811	0	0	0	0
1608053111	127873010	0	0	0	0
1608053111	137851487	0	0	0	0
1608053111	147878431	0	0	0	0
1608053111	157871406	0	0	0	0
1608053111	167870194	0	0	0	0
1608053111	177868363	0	0	0	0
1608053111	187936547	0	0	0	0
1608053111	197888028	0	0	0	0
1608053111	207959831	0	0	0	0
1608053111	217933335	0	0	0	0
1608053111	227914482	0	0	0	0
1608053111	237737696	0	0	0	0
1608053111	247808533	0	0	0	0
1608053111	257734950	0	0	0	0
1608053111	267763337	0	0	0	0
1608053111	277728185	0	0	0	0
1608053111	287754561	0	0	0	0
1608053111	297862662	0	0	0	0
1608053111	307831647	0	0	0	0
1608053111	317874820	0	0	0	0
1608053111	327835565	0	0	0	0
1608053111	337763829	0	0	0	0
1608053111	347772707	0	0	0	0
1608053111	357882852	0	0	0	0
1608053111	367830839	0	0	0	0
1608053111	377736762	0	0	0	0
1608053111	388011415	0	0	0	0
1608053111	397898115	0	0	0	0
1608053111	407908626	0	0	0	0
1608053111	417920230	0	0	0	0
1608053111	427904653	0	0	0	0
1608053111	437805667	0	0	0	0
1608053111	447868753	0	0	0	0
1608053111	458200423	0	0	0	0
1608053111	467874770	0	0	0	0
1608053111	477985684	0	0	0	0
1608053111	487937548	0	0	0	0
1608053111	497924821	0	0	0	0
1608053111	507871288	0	0	0	0
1608053111	517934002	0	0	0	0
1608053111	528223783	0	0	0	0
1608053111	538444334	0	0	0	0
1608053111	547928242	0	0	0	0
1608053111	557895551	0	0	0	0
1608053111	567821290	0	0	0	0
1608053111	577895431	0	0	0	0
1608053111	587988735	0	0	0	0
1608053111	597894205	0	0	0	0
1608053111	608005126	0	0	0	0
1608053111	617870549	0	0	0	0
1608053111	627912840	0	0	0	0
1608053111	637899586	0	0	0	0
1608053111	647898802	0	0	0	0
1608053111	657908054	0	0	0	0
1608053111	667848388	0	0	0	0
1608053111	677907233	0	0	0	0
1608053111	687918057	0	0	0	0
1608053111	697854607	0	0	0	0
1608053111	707916189	0	0	0	0
1608053111	717843141	0	0	0	0
1608053111	727805550	0	0	0	0
1608053111	737912154	0	0	0	0
1608053111	747865974	0	0	0	0
1608053111	757841263	0	0	0	0
1608053111	767964472	0	0	0	0
1608053111	777852639	0	0	0	0
1608053111	787837037	0	0	0	0
1608053111	797936694	0	0	0	0
1608053111	807937888	0	0	0	0
1608053111	817906011	0	0	0	0
1608053111	827906411	0	0	0	0
1608053111	837889680	0	0	0	0
1608053111	847819293	0	0	0	0
1608053111	857893670	0	0	0	0
1608053111	867921190	0	0	0	0
1608053111	877827601	0	0	0	0
1608053111	887940306	0	0	0	0
1608053111	897946510	0	0	0	0
1608053111	907846141	0	0	0	0
1608053111	917931781	0	0	0	0
1608053111	927844705	0	0	0	0
1608053111	937938569	0	0	0	0
1608053111	947879150	0	0	0	0
1608053111	957895501	0	0	0	0
1608053111	967899088	0	0	0	0
1608053111	977818724	0	0	0	0
1608053111	987913444	0	0	0	0
1608053111	997882357	0	0	0	0
1608053112	7921043	0	0	0	0
1608053112	17936697	0	0	0	0
1608053112	27877175	0	0	0	0
1608053112	37820920	0	0	0	0
1608053112	47898382	0	0	0	0
1608053112	57898451	0	0	0	0
1608053112	67808655	0	0	0	0
1608053112	77866673	0	0	0	0
1608053112	87911272	0	0	0	0
1608053112	97904762	0	0	0	0
1608053112	107909295	0	0	0	0
1608053112	117950714	0	0	0	0
1608053112	127872042	0	0	0	0
1608053112	137831225	0	0	0	0
1608053112	147819590	0	0	0	0
1608053112	157879905	0	0	0	0
1608053112	167935605	0	0	0	0
1608053112	177874095	0	0	0	0
1608053112	187837676	0	0	0	0
1608053112	197924284	0	0	0	0
1608053112	207877213	0	0	0	0
1608053112	217928404	0	0	0	0
1608053112	227852674	0	0	0	0
1608053112	237917073	0	0	0	0
1608053112	247828324	0	0	0	0
1608053112	257915562	0	0	0	0
1608053112	267892380	0	0	0	0
1608053112	278449719	0	0	0	0
1608053112	287880375	0	0	0	0
1608053112	297866698	0	0	0	0
1608053112	307932972	0	0	0	0
1608053112	317889428	0	0	0	0
1608053112	327926622	0	0	0	0
1608053112	337965124	0	0	0	0
1608053112	347835974	0	0	0	0
1608053112	357879600	0	0	0	0
1608053112	367878902	0	0	0	0
1608053112	377829833	0	0	0	0
1608053112	387892467	0	0	0	0
1608053112	397950685	0	0	0	0
1608053112	407876163	0	0	0	0
1608053112	417960078	0	0	0	0
1608053112	427922699	0	0	0	0
1608053112	437865504	0	0	0	0
1608053112	447880481	0	0	0	0
1608053112	457933276	0	0	0	0
1608053112	467859116	0	0	0	0
1608053112	478590701	0	0	0	0
1608053112	487885702	0	0	0	0
1608053112	497935188	0	0	0	0
1608053112	507934379	0	0	0	0
1608053112	517891871	0	0	0	0
1608053112	527914258	0	0	0	0
1608053112	537897920	0	0	0	0
1608053112	547919334	0	0	0	0
1608053112	557916044	0	0	0	0
1608053112	567810655	0	0	0	0
1608053112	577921541	0	0	0	0
1608053112	587967448	0	0	0	0
1608053112	597946177	0	0	0	0
1608053112	607941968	0	0	0	0
1608053112	617809702	0	0	0	0
1608053112	627931089	0	0	0	0
1608053112	637911360	0	0	0	0
1608053112	647901431	0	0	0	0
1608053112	657824621	0	0	0	0
1608053112	667917672	0	0	0	0
1608053112	677867293	0	0	0	0
1608053112	687872702	0	0	0	0
1608053112	697920389	0	0	0	0
1608053112	707903013	0	0	0	0
1608053112	717989627	0	0	0	0
1608053112	727927026	0	0	0	0
1608053112	737853526	0	0	0	0
1608053112	747851481	0	0	0	0
1608053112	757928344	0	0	0	0
1608053112	767981780	0	0	0	0
1608053112	777886628	0	0	0	0
1608053112	787764553	0	0	0	0
1608053112	797958334	0	0	0	0
1608053112	807747848	0	0	0	0
1608053112	817863520	0	0	0	0
1608053112	827771111	0	0	0	0
1608053112	837803556	0	0	0	0
1608053112	847759334	0	0	0	0
1608053112	857897343	0	0	0	0
1608053112	867744548	0	0	0	0
1608053112	877805893	0	0	0	0
1608053112	887864244	0	0	0	0
1608053112	897870618	0	0	0	0
1608053112	908115052	0	0	0	0
1608053112	917867999	0	0	0	0
1608053112	927879790	0	0	0	0
1608053112	937761417	0	0	0	0
1608053112	947820922	0	0	0	0
1608053112	957840166	0	0	0	0
1608053112	967811673	0	0	0	0
1608053112	977829059	0	0	0	0
1608053112	987750310	0	0	0	0
1608053112	997747739	0	0	0	0
1608053113	7964245	0	0	0	0
1608053113	17829662	0	0	0	0
1608053113	27785891	0	0	0	0
1608053113	37815055	0	0	0	0
1608053113	47784530	0	0	0	0
1608053113	57814044	0	0	0	0
1608053113	67823219	0	0	0	0
1608053113	77746131	0	0	0	0
1608053113	87843853	0	0	0	0
1608053113	98009937	0	0	0	0
1608053113	107927926	0	0	0	0
1608053113	117916342	0	0	0	0
1608053113	127856200	0	0	0	0
1608053113	137881150	0	0	0	0
1608053113	147995581	0	0	0	0
1608053113	157893058	0	0	0	0
1608053113	167945806	0	0	0	0
1608053113	177863700	0	0	0	0
1608053113	187920611	0	0	0	0
1608053113	197887452	0	0	0	0
1608053113	208001656	0	0	0	0
1608053113	217937872	0	0	0	0
1608053113	227926144	0	0	0	0
1608053113	237891908	0	0	0	0
1608053113	247901111	0	0	0	0
1608053113	257886576	0	0	0	0
1608053113	267880608	0	0	0	0
1608053113	277791848	0	0	0	0
1608053113	287768772	0	0	0	0
1608053113	297840849	0	0	0	0
1608053113	307765826	0	0	0	0
1608053113	317833730	0	0	0	0
1608053113	327806633	0	0	0	0
1608053113	337729589	0	0	0	0
1608053113	347765286	0	0	0	0
1608053113	357771262	0	0	0	0
1608053113	367813023	0	0	0	0
1608053113	377714144	0	0	0	0
1608053113	387780703	0	0	0	0
1608053113	397846003	0	0	0	0
1608053113	407798277	0	0	0	0
1608053113	417795443	0	0	0	0
1608053113	427775259	0	0	0	0
1608053113	437762005	0	0	0	0
1608053113	447894459	0	0	0	0
1608053113	457871395	0	0	0	0
1608053113	467927983	0	0	0	0
1608053113	477845197	0	0	0	0
1608053113	487892713	0	0	0	0
1608053113	497999126	0	0	0	0
1608053113	507885656	0	0	0	0
1608053113	517965583	0	0	0	0
1608053113	527880601	0	0	0	0
1608053113	537876690	0	0	0	0
1608053113	547851827	0	0	0	0
1608053113	557845478	0	0	0	0
1608053113	567844216	0	0	0	0
1608053113	577920702	0	0	0	0
1608053113	587949849	0	0	0	0
1608053113	597910463	0	0	0	0
1608053113	607927019	0	0	0	0
1608053113	617958746	0	0	0	0
1608053113	627881774	0	0	0	0
1608053113	637857429	0	0	0	0
1608053113	647918341	0	0	0	0
1608053113	657923267	0	0	0	0
1608053113	667834769	0	0	0	0
1608053113	677891702	0	0	0	0
1608053113	687935924	0	0	0	0
1608053113	697998806	0	0	0	0
1608053113	707937237	0	0	0	0
1608053113	717937730	0	0	0	0
1608053113	727917307	0	0	0	0
1608053113	737805696	0	0	0	0
1608053113	747941090	0	0	0	0
1608053113	757956578	0	0	0	0
1608053113	767939957	0	0	0	0
1608053113	777861847	0	0	0	0
1608053113	787997944	0	0	0	0
1608053113	797917774	0	0	0	0
1608053113	807828452	0	0	0	0
1608053113	817939183	0	0	0	0
1608053113	827899215	0	0	0	0
1608053113	837922935	0	0	0	0
1608053113	847845693	0	0	0	0
1608053113	857920094	0	0	0	0
1608053113	867891409	0	0	0	0
1608053113	877832353	0	0	0	0
1608053113	887935879	0	0	0	0
1608053113	897946675	0	0	0	0
1608053113	907921430	0	0	0	0
1608053113	917951628	0	0	0	0
1608053113	927864202	0	0	0	0
1608053113	937868321	0	0	0	0
1608053113	947920255	0	0	0	0
1608053113	957922992	0	0	0	0
1608053113	968015204	0	0	0	0
1608053113	977854316	0	0	0	0
1608053113	987870001	0	0	0	0
1608053113	997969199	0	0	0	0
1608053114	7918547	0	0	0	0
1608053114	17851167	0	0	0	0
1608053114	27866797	0	0	0	0
1608053114	37913280	0	0	0	0
1608053114	47917496	0	0	0	0
1608053114	57913121	0	0	0	0
1608053114	67868027	0	0	0	0
1608053114	77939754	0	0	0	0
1608053114	87981514	0	0	0	0
1608053114	97979484	0	0	0	0
1608053114	107880450	0	0	0	0
1608053114	117859691	0	0	0	0
1608053114	127945663	0	0	0	0
1608053114	137888518	0	0	0	0
1608053114	147965240	0	0	0	0
1608053114	157871654	0	0	0	0
1608053114	167899995	0	0	0	0
1608053114	177923278	0	0	0	0
1608053114	187906600	0	0	0	0
1608053114	198000160	0	0	0	0
1608053114	207913764	0	0	0	0
1608053114	217937104	0	0	0	0
1608053114	227865096	0	0	0	0
1608053114	237861519	0	0	0	0
1608053114	247842234	0	0	0	0
1608053114	257845451	0	0	0	0
1608053114	267967066	0	0	0	0
1608053114	277968588	0	0	0	0
1608053114	288115947	0	0	0	0
1608053114	298006770	0	0	0	0
1608053114	307915910	0	0	0	0
1608053114	317870950	0	0	0	0
1608053114	327880210	0	0	0	0
1608053114	338047975	0	0	0	0
1608053114	347828686	0	0	0	0
1608053114	357763083	0	0	0	0
1608053114	367825301	0	0	0	0
1608053114	377849659	0	0	0	0
1608053114	387804170	0	0	0	0
1608053114	398270227	0	0	0	0
1608053114	407751264	0	0	0	0
1608053114	417777663	0	0	0	0
1608053114	427826038	0	0	0	0
1608053114	437773662	0	0	0	0
1608053114	447822067	0	0	0	0
1608053114	457814065	0	0	0	0
1608053114	467824816	0	0	0	0
1608053114	477822093	0	0	0	0
1608053114	487856780	0	0	0	0
1608053114	497807628	0	0	0	0
1608053114	507806721	0	0	0	0
1608053114	517813258	0	0	0	0
1608053114	527755557	0	0	0	0
1608053114	537811370	0	0	0	0
1608053114	547802843	0	0	0	0
1608053114	558231719	0	0	0	0
1608053114	567858702	0	0	0	0
1608053114	577852592	0	0	0	0
1608053114	587792806	0	0	0	0
1608053114	597775556	0	0	0	0
1608053114	607776966	0	0	0	0
1608053114	617855831	0	0	0	0
1608053114	627846553	0	0	0	0
1608053114	637816014	0	0	0	0
1608053114	647788190	0	0	0	0
1608053114	657930161	0	0	0	0
1608053114	667973734	0	0	0	0
1608053114	677916604	0	0	0	0
1608053114	688011248	0	0	0	0
1608053114	697931605	0	0	0	0
1608053114	707859924	0	0	0	0
1608053114	717908732	0	0	0	0
1608053114	727859823	0	0	0	0
1608053114	737838112	0	0	0	0
1608053114	748027871	0	0	0	0
1608053114	757932923	0	0	0	0
1608053114	767893552	0	0	0	0
1608053114	777828007	0	0	0	0
1608053114	787933527	0	0	0	0
1608053114	797972443	0	0	0	0
1608053114	807876933	0	0	0	0
1608053114	817929707	0	0	0	0
1608053114	827937259	0	0	0	0
1608053114	837843650	0	0	0	0
1608053114	847976698	0	0	0	0
1608053114	857918886	0	0	0	0
1608053114	867924425	0	0	0	0
1608053114	877963530	0	0	0	0
1608053114	887990731	0	0	0	0
1608053114	897923456	0	0	0	0
1608053114	907878677	0	0	0	0
1608053114	917991827	0	0	0	0
1608053114	927899668	0	0	0	0
1608053114	937880833	0	0	0	0
1608053114	947922832	0	0	0	0
1608053114	957954642	0	0	0	0
1608053114	967972838	0	0	0	0
1608053114	977856383	0	0	0	0
1608053114	987881561	0	0	0	0
1608053114	997945931	0	0	0	0
1608053115	7915771	0	0	0	0
1608053115	17922453	0	0	0	0
1608053115	27868135	0	0	0	0
1608053115	37929914	0	0	0	0
1608053115	47967624	0	0	0	0
1608053115	57886682	0	0	0	0
1608053115	67930919	0	0	0	0
1608053115	77836751	0	0	0	0
1608053115	87935858	0	0	0	0
1608053115	97952803	0	0	0	0
1608053115	107916824	0	0	0	0
1608053115	117807855	0	0	0	0
1608053115	127752219	0	0	0	0
1608053115	137772701	0	0	0	0
1608053115	147941808	0	0	0	0
1608053115	157853863	0	0	0	0
1608053115	167895415	0	0	0	0
1608053115	177872474	0	0	0	0
1608053115	187908464	0	0	0	0
1608053115	197941639	0	0	0	0
1608053115	207968420	0	0	0	0
1608053115	217960254	0	0	0	0
1608053115	227864651	0	0	0	0
1608053115	237994757	0	0	0	0
1608053115	247998008	0	0	0	0
1608053115	257978849	0	0	0	0
1608053115	267910278	0	0	0	0
1608053115	277913466	0	0	0	0
1608053115	287943196	0	0	0	0
1608053115	297954906	0	0	0	0
1608053115	307953603	0	0	0	0
1608053115	317915241	0	0	0	0
1608053115	327875341	0	0	0	0
1608053115	337919277	0	0	0	0
1608053115	347960411	0	0	0	0
1608053115	357903263	0	0	0	0
1608053115	367955344	0	0	0	0
1608053115	377912127	0	0	0	0
1608053115	387868192	0	0	0	0
1608053115	397920482	0	0	0	0
1608053115	407891915	0	0	0	0
1608053115	417866818	0	0	0	0
1608053115	427891134	0	0	0	0
1608053115	437992485	0	0	0	0
1608053115	447977569	0	0	0	0
1608053115	458028526	0	0	0	0
1608053115	467977860	0	0	0	0
1608053115	477991710	0	0	0	0
1608053115	487912856	0	0	0	0
1608053115	497915736	0	0	0	0
1608053115	507956631	0	0	0	0
1608053115	517913240	0	0	0	0
1608053115	527911735	0	0	0	0
1608053115	537898671	0	0	0	0
1608053115	547926584	0	0	0	0
1608053115	557992190	0	0	0	0
1608053115	567914330	0	0	0	0
1608053115	577933120	0	0	0	0
1608053115	587909255	0	0	0	0
1608053115	597939188	0	0	0	0
1608053115	607979501	0	0	0	0
1608053115	618007703	0	0	0	0
1608053115	627856351	0	0	0	0
1608053115	637932837	0	0	0	0
1608053115	647937813	0	0	0	0
1608053115	657912803	0	0	0	0
1608053115	667971223	0	0	0	0
1608053115	677889238	0	0	0	0
1608053115	687920984	0	0	0	0
1608053115	697948381	0	0	0	0
1608053115	707977240	0	0	0	0
1608053115	717851153	0	0	0	0
1608053115	727934927	0	0	0	0
1608053115	738014044	0	0	0	0
1608053115	747878911	0	0	0	0
1608053115	757872556	0	0	0	0
1608053115	767852569	0	0	0	0
1608053115	777801559	0	0	0	0
1608053115	787824787	0	0	0	0
1608053115	797783708	0	0	0	0
1608053115	807867876	0	0	0	0
1608053115	817747528	0	0	0	0
1608053115	827831561	0	0	0	0
1608053115	837884612	0	0	0	0
1608053115	847911303	0	0	0	0
1608053115	857890992	0	0	0	0
1608053115	867932292	0	0	0	0
1608053115	877810560	0	0	0	0
1608053115	887873331	0	0	0	0
1608053115	897843443	0	0	0	0
1608053115	907850987	0	0	0	0
1608053115	917856004	0	0	0	0
1608053115	927918203	0	0	0	0
1608053115	937925467	0	0	0	0
1608053115	947914164	0	0	0	0
1608053115	957926651	0	0	0	0
1608053115	967901015	0	0	0	0
1608053115	977843387	0	0	0	0
1608053115	987918900	0	0	0	0
1608053115	997911470	0	0	0	0
1608053116	7915519	0	0	0	0
1608053116	17817566	0	0	0	0
1608053116	27942097	0	0	0	0
1608053116	37892816	0	0	0	0
1608053116	47931358	0	0	0	0
1608053116	57939261	0	0	0	0
1608053116	67869554	0	0	0	0
1608053116	77845015	0	0	0	0
1608053116	87895276	0	0	0	0
1608053116	97880891	0	0	0	0
1608053116	107902278	0	0	0	0
1608053116	117976173	0	0	0	0
1608053116	127960094	0	0	0	0
1608053116	138005662	0	0	0	0
1608053116	147997604	0	0	0	0
1608053116	157893082	0	0	0	0
1608053116	167883966	0	0	0	0
1608053116	177929234	0	0	0	0
1608053116	187957516	0	0	0	0
1608053116	197882568	0	0	0	0
1608053116	207910834	0	0	0	0
1608053116	217970557	0	0	0	0
1608053116	227861774	0	0	0	0
1608053116	238012519	0	0	0	0
1608053116	247999295	0	0	0	0
1608053116	257914409	0	0	0	0
1608053116	267938554	0	0	0	0
1608053116	277934757	0	0	0	0
1608053116	287943871	0	0	0	0
1608053116	297962067	0	0	0	0
1608053116	307894814	0	0	0	0
1608053116	317997843	0	0	0	0
1608053116	327963510	0	0	0	0
1608053116	337927021	0	0	0	0
1608053116	347955571	0	0	0	0
1608053116	357915284	0	0	0	0
1608053116	367909517	0	0	0	0
1608053116	377926613	0	0	0	0
1608053116	387964530	0	0	0	0
1608053116	397927206	0	0	0	0
1608053116	407877035	0	0	0	0
1608053116	417991005	0	0	0	0
1608053116	427992686	0	0	0	0
1608053116	438023650	0	0	0	0
1608053116	447904493	0	0	0	0
1608053116	457916377	0	0	0	0
1608053116	467934929	0	0	0	0
1608053116	477865772	0	0	0	0
1608053116	487962634	0	0	0	0
1608053116	497956134	0	0	0	0
1608053116	507995494	0	0	0	0
1608053116	517939401	0	0	0	0
1608053116	527925575	0	0	0	0
1608053116	537932655	0	0	0	0
1608053116	547965352	0	0	0	0
1608053116	557957752	0	0	0	0
1608053116	567954354	0	0	0	0
1608053116	577973856	0	0	0	0
1608053116	587958434	0	0	0	0
1608053116	597905347	0	0	0	0
1608053116	608273588	0	0	0	0
1608053116	617909354	0	0	0	0
1608053116	627992837	0	0	0	0
1608053116	637976219	0	0	0	0
1608053116	647925486	0	0	0	0
1608053116	657898803	0	0	0	0
1608053116	667892387	0	0	0	0
1608053116	678005736	0	0	0	0
1608053116	687854277	0	0	0	0
1608053116	697905611	0	0	0	0
1608053116	707927610	0	0	0	0
1608053116	717984312	0	0	0	0
1608053116	728058404	0	0	0	0
1608053116	737957063	0	0	0	0
1608053116	747954698	0	0	0	0
1608053116	757979049	0	0	0	0
1608053116	767950449	0	0	0	0
1608053116	777952653	0	0	0	0
1608053116	787965493	0	0	0	0
1608053116	797919276	0	0	0	0
1608053116	807748037	0	0	0	0
1608053116	817848594	0	0	0	0
1608053116	828318294	0	0	0	0
1608053116	837845765	0	0	0	0
1608053116	847770685	0	0	0	0
1608053116	858010231	0	0	0	0
1608053116	868011309	0	0	0	0
1608053116	877893488	0	0	0	0
1608053116	887877745	0	0	0	0
1608053116	897909460	0	0	0	0
1608053116	907916998	0	0	0	0
1608053116	917983289	0	0	0	0
1608053116	927963889	0	0	0	0
1608053116	937867872	0	0	0	0
1608053116	947862757	0	0	0	0
1608053116	957880902	0	0	0	0
1608053116	967931690	0	0	0	0
1608053116	977950841	0	0	0	0
1608053116	987958430	0	0	0	0
1608053116	998045453	0	0	0	0
1608053117	7953703	0	0	0	0
1608053117	18026491	0	0	0	0
1608053117	27982327	0	0	0	0
1608053117	37974082	0	0	0	0
1608053117	48031074	0	0	0	0
1608053117	57984880	0	0	0	0
1608053117	67975555	0	0	0	0
1608053117	77980393	0	0	0	0
1608053117	87883545	0	0	0	0
1608053117	97899763	0	0	0	0
1608053117	107961454	0	0	0	0
1608053117	118020265	0	0	0	0
1608053117	127991775	0	0	0	0
1608053117	137989665	0	0	0	0
1608053117	147915665	0	0	0	0
1608053117	157850998	0	0	0	0
1608053117	167927254	0	0	0	0
1608053117	177924685	0	0	0	0
1608053117	187912794	0	0	0	0
1608053117	197998813	0	0	0	0
1608053117	207956459	0	0	0	0
1608053117	217994978	0	0	0	0
1608053117	227937874	0	0	0	0
1608053117	237945780	0	0	0	0
1608053117	247978267	0	0	0	0
1608053117	257958446	0	0	0	0
1608053117	267954263	0	0	0	0
1608053117	277962855	0	0	0	0
1608053117	287953486	0	0	0	0
1608053117	298031768	0	0	0	0
1608053117	308350763	0	0	0	0
1608053117	318011784	0	0	0	0
1608053117	327872531	0	0	0	0
1608053117	337985114	0	0	0	0
1608053117	347942608	0	0	0	0
1608053117	357952369	0	0	0	0
1608053117	367952730	0	0	0	0
1608053117	377889907	0	0	0	0
1608053117	387862235	0	0	0	0
1608053117	397986284	0	0	0	0
1608053117	407906446	0	0	0	0
1608053117	417966489	0	0	0	0
1608053117	427954526	0	0	0	0
1608053117	437948462	0	0	0	0
1608053117	447893959	0	0	0	0
1608053117	457863549	0	0	0	0
1608053117	467936343	0	0	0	0
1608053117	477930266	0	0	0	0
1608053117	487964163	0	0	0	0
1608053117	497972326	0	0	0	0
1608053117	507898965	0	0	0	0
1608053117	517968682	0	0	0	0
1608053117	527960017	0	0	0	0
1608053117	537936729	0	0	0	0
1608053117	547930891	0	0	0	0
1608053117	557949530	0	0	0	0
1608053117	567932635	0	0	0	0
1608053117	577894618	0	0	0	0
1608053117	587893720	0	0	0	0
1608053117	597963857	0	0	0	0
1608053117	607933421	0	0	0	0
1608053117	617928912	0	0	0	0
1608053117	627976461	0	0	0	0
1608053117	637928211	0	0	0	0
1608053117	647940838	0	0	0	0
1608053117	657996165	0	0	0	0
1608053117	667895750	0	0	0	0
1608053117	677926268	0	0	0	0
1608053117	687927002	0	0	0	0
1608053117	698001734	0	0	0	0
1608053117	708046239	0	0	0	0
1608053117	717941593	0	0	0	0
1608053117	727990244	0	0	0	0
1608053117	737965315	0	0	0	0
1608053117	747975736	0	0	0	0
1608053117	757959139	0	0	0	0
1608053117	767962137	0	0	0	0
1608053117	777919569	0	0	0	0
1608053117	787967167	0	0	0	0
1608053117	798000966	0	0	0	0
1608053117	807970577	0	0	0	0
1608053117	817980157	0	0	0	0
1608053117	827968414	0	0	0	0
1608053117	837961414	0	0	0	0
1608053117	847923644	0	0	0	0
1608053117	857962886	0	0	0	0
1608053117	867967446	0	0	0	0
1608053117	877906820	0	0	0	0
1608053117	887992456	0	0	0	0
1608053117	897949284	0	0	0	0
1608053117	907905852	0	0	0	0
1608053117	918030218	0	0	0	0
1608053117	927998420	0	0	0	0
1608053117	937894717	0	0	0	0
1608053117	947891905	0	0	0	0
1608053117	957923245	0	0	0	0
1608053117	967961525	0	0	0	0
1608053117	977957715	0	0	0	0
1608053117	987960547	0	0	0	0
1608053117	998026725	0	0	0	0
1608053118	7973972	0	0	0	0
1608053118	17995881	0	0	0	0
1608053118	27965473	0	0	0	0
1608053118	37877523	0	0	0	0
1608053118	47973001	0	0	0	0
1608053118	58018594	0	0	0	0
1608053118	67976454	0	0	0	0
1608053118	77863128	0	0	0	0
1608053118	87967548	0	0	0	0
1608053118	98032426	0	0	0	0
1608053118	107933314	0	0	0	0
1608053118	117966961	0	0	0	0
1608053118	127960859	0	0	0	0
1608053118	137936991	0	0	0	0
1608053118	147959333	0	0	0	0
1608053118	157959035	0	0	0	0
1608053118	167937673	0	0	0	0
1608053118	177876283	0	0	0	0
1608053118	187897964	0	0	0	0
1608053118	198057555	0	0	0	0
1608053118	207958201	0	0	0	0
1608053118	218038648	0	0	0	0
1608053118	227980319	0	0	0	0
1608053118	237953350	0	0	0	0
1608053118	247969614	0	0	0	0
1608053118	257973326	0	0	0	0
1608053118	267859494	0	0	0	0
1608053118	277970682	0	0	0	0
1608053118	288042316	0	0	0	0
1608053118	297986697	0	0	0	0
1608053118	307963032	0	0	0	0
1608053118	317910348	0	0	0	0
1608053118	327989880	0	0	0	0
1608053118	337974855	0	0	0	0
1608053118	347993987	0	0	0	0
1608053118	357897698	0	0	0	0
1608053118	367897291	0	0	0	0
1608053118	377997173	0	0	0	0
1608053118	387975538	0	0	0	0
1608053118	398033535	0	0	0	0
1608053118	407982880	0	0	0	0
1608053118	417966995	0	0	0	0
1608053118	427940582	0	0	0	0
1608053118	438031935	0	0	0	0
1608053118	448026182	0	0	0	0
1608053118	457897862	0	0	0	0
1608053118	468082898	0	0	0	0
1608053118	477967728	0	0	0	0
1608053118	487937029	0	0	0	0
1608053118	497979966	0	0	0	0
1608053118	507948677	0	0	0	0
1608053118	517948576	0	0	0	0
1608053118	527990217	0	0	0	0
1608053118	537947127	0	0	0	0
1608053118	547946054	0	0	0	0
1608053118	557998262	0	0	0	0
1608053118	567897304	0	0	0	0
1608053118	577897481	0	0	0	0
1608053118	587950051	0	0	0	0
1608053118	597976900	0	0	0	0
1608053118	608007370	0	0	0	0
1608053118	617917807	0	0	0	0
1608053118	627872342	0	0	0	0
1608053118	637945830	0	0	0	0
1608053118	648006341	0	0	0	0
1608053118	657934060	0	0	0	0
1608053118	667968715	0	0	0	0
1608053118	677972874	0	0	0	0
1608053118	688019065	0	0	0	0
1608053118	697974584	0	0	0	0
1608053118	707994746	0	0	0	0
1608053118	718004623	0	0	0	0
1608053118	727977558	0	0	0	0
1608053118	738012920	0	0	0	0
1608053118	747968611	0	0	0	0
1608053118	757979470	0	0	0	0
1608053118	767962024	0	0	0	0
1608053118	778008766	0	0	0	0
1608053118	788004917	0	0	0	0
1608053118	798015682	0	0	0	0
1608053118	807981910	0	0	0	0
1608053118	817950360	0	0	0	0
1608053118	827910807	0	0	0	0
1608053118	837977064	0	0	0	0
1608053118	847958347	0	0	0	0
1608053118	858081470	0	0	0	0
1608053118	867913842	0	0	0	0
1608053118	878036431	0	0	0	0
1608053118	887957382	0	0	0	0
1608053118	897981404	0	0	0	0
1608053118	907961285	0	0	0	0
1608053118	917924117	0	0	0	0
1608053118	927939234	0	0	0	0
1608053118	938054296	0	0	0	0
1608053118	947946594	0	0	0	0
1608053118	958506420	0	0	0	0
1608053118	968057047	0	0	0	0
1608053118	977906567	0	0	0	0
1608053118	987952493	0	0	0	0
1608053118	997997597	0	0	0	0
1608053119	8043385	0	0	0	0
1608053119	17958429	0	0	0	0
1608053119	27942570	0	0	0	0
1608053119	37959861	0	0	0	0
1608053119	47998379	0	0	0	0
1608053119	57992439	0	0	0	0
1608053119	68577838	0	0	0	0
1608053119	77958581	0	0	0	0
1608053119	87961723	0	0	0	0
1608053119	97978469	0	0	0	0
1608053119	108026287	0	0	0	0
1608053119	117777007	0	0	0	0
1608053119	127903889	0	0	0	0
1608053119	137739664	0	0	0	0
1608053119	147762151	0	0	0	0
1608053119	157932542	0	0	0	0
1608053119	168025344	0	0	0	0
1608053119	177996638	0	0	0	0
1608053119	187947402	0	0	0	0
1608053119	197996058	0	0	0	0
1608053119	207914032	0	0	0	0
1608053119	217891900	0	0	0	0
1608053119	227999479	0	0	0	0
1608053119	238009433	0	0	0	0
1608053119	247989458	0	0	0	0
1608053119	258084032	0	0	0	0
1608053119	267871336	0	0	0	0
1608053119	277988190	0	0	0	0
1608053119	288025180	0	0	0	0
1608053119	297926040	0	0	0	0
1608053119	307997965	0	0	0	0
1608053119	317930031	0	0	0	0
1608053119	327926004	0	0	0	0
1608053119	337914468	0	0	0	0
1608053119	347956886	0	0	0	0
1608053119	357962775	0	0	0	0
1608053119	368001028	0	0	0	0
1608053119	377962077	0	0	0	0
1608053119	388030604	0	0	0	0
1608053119	398065339	0	0	0	0
1608053119	407967156	0	0	0	0
1608053119	417919382	0	0	0	0
1608053119	427919452	0	0	0	0
1608053119	437949446	0	0	0	0
1608053119	447993885	0	0	0	0
1608053119	457987513	0	0	0	0
1608053119	468029185	0	0	0	0
1608053119	477898063	0	0	0	0
1608053119	487874531	0	0	0	0
1608053119	497833181	0	0	0	0
1608053119	507686220	0	0	0	0
1608053119	517672088	0	0	0	0
1608053119	527774806	0	0	0	0
1608053119	537710455	0	0	0	0
1608053119	547705361	0	0	0	0
1608053119	557830520	0	0	0	0
1608053119	567810760	0	0	0	0
1608053119	577884664	0	0	0	0
1608053119	587992314	0	0	0	0
1608053119	598043323	0	0	0	0
1608053119	608031780	0	0	0	0
1608053119	618009820	0	0	0	0
1608053119	628117509	0	0	0	0
1608053119	638009655	0	0	0	0
1608053119	647858952	0	0	0	0
1608053119	658040800	0	0	0	0
1608053119	667914487	0	0	0	0
1608053119	678036195	0	0	0	0
1608053119	687940659	0	0	0	0
1608053119	697921446	0	0	0	0
1608053119	707977296	0	0	0	0
1608053119	717891662	0	0	0	0
1608053119	727989177	0	0	0	0
1608053119	738390522	0	0	0	0
1608053119	747965331	0	0	0	0
1608053119	757974802	0	0	0	0
1608053119	768016304	0	0	0	0
1608053119	778042815	0	0	0	0
1608053119	787976647	0	0	0	0
1608053119	797965847	0	0	0	0
1608053119	807908316	0	0	0	0
1608053119	817772679	0	0	0	0
1608053119	827797564	0	0	0	0
1608053119	837799993	0	0	0	0
1608053119	847740960	0	0	0	0
1608053119	857764414	0	0	0	0
1608053119	867815838	0	0	0	0
1608053119	877768157	0	0	0	0
1608053119	887808013	0	0	0	0
1608053119	897803070	0	0	0	0
1608053119	907831710	0	0	0	0
1608053119	918032841	0	0	0	0
1608053119	928054454	0	0	0	0
1608053119	937993360	0	0	0	0
1608053119	948015647	0	0	0	0
1608053119	957913793	0	0	0	0
1608053119	967997865	0	0	0	0
1608053119	978058966	0	0	0	0
1608053119	987998125	0	0	0	0
1608053119	997994251	0	0	0	0
1608053120	7993881	0	0	0	0
1608053120	17937509	0	0	0	0
1608053120	27996398	0	0	0	0
1608053120	37963630	0	0	0	0
1608053120	48016132	0	0	0	0
1608053120	57959144	0	0	0	0
1608053120	67994236	0	0	0	0
1608053120	78029537	0	0	0	0
1608053120	87975479	0	0	0	0
1608053120	98012394	0	0	0	0
1608053120	107961708	0	0	0	0
1608053120	117901870	0	0	0	0
1608053120	128011591	0	0	0	0
1608053120	138101789	0	0	0	0
1608053120	147922997	0	0	0	0
1608053120	157922526	0	0	0	0
1608053120	168007883	0	0	0	0
1608053120	177999466	0	0	0	0
1608053120	187990556	0	0	0	0
1608053120	198004701	0	0	0	0
1608053120	207987160	0	0	0	0
1608053120	217992139	0	0	0	0
1608053120	227971872	0	0	0	0
1608053120	237990772	0	0	0	0
1608053120	247989919	0	0	0	0
1608053120	257902497	0	0	0	0
1608053120	267987561	0	0	0	0
1608053120	277970511	0	0	0	0
1608053120	288049350	0	0	0	0
1608053120	298055642	0	0	0	0
1608053120	307928791	0	0	0	0
1608053120	317915758	0	0	0	0
1608053120	327982609	0	0	0	0
1608053120	338032324	0	0	0	0
1608053120	347954432	0	0	0	0
1608053120	358002212	0	0	0	0
1608053120	367909189	0	0	0	0
1608053120	377975855	0	0	0	0
1608053120	387970913	0	0	0	0
1608053120	397997765	0	0	0	0
1608053120	407978905	0	0	0	0
1608053120	418022086	0	0	0	0
1608053120	428008243	0	0	0	0
1608053120	437951306	0	0	0	0
1608053120	448118981	0	0	0	0
1608053120	457926794	0	0	0	0
1608053120	467970002	0	0	0	0
1608053120	478018177	0	0	0	0
1608053120	487993159	0	0	0	0
1608053120	498009596	0	0	0	0
1608053120	507998709	0	0	0	0
1608053120	517926926	0	0	0	0
1608053120	527938803	0	0	0	0
1608053120	538015551	0	0	0	0
1608053120	548027733	0	0	0	0
1608053120	557875314	0	0	0	0
1608053120	567906249	0	0	0	0
1608053120	577933431	0	0	0	0
1608053120	588005273	0	0	0	0
1608053120	598198853	0	0	0	0
1608053120	607868992	0	0	0	0
1608053120	617997603	0	0	0	0
1608053120	627793295	0	0	0	0
1608053120	637948079	0	0	0	0
1608053120	647988983	0	0	0	0
1608053120	657955623	0	0	0	0
1608053120	667962277	0	0	0	0
1608053120	677998108	0	0	0	0
1608053120	688189853	0	0	0	0
1608053120	697997427	0	0	0	0
1608053120	708003782	0	0	0	0
1608053120	717923053	0	0	0	0
1608053120	727992344	0	0	0	0
1608053120	738011473	0	0	0	0
1608053120	747980750	0	0	0	0
1608053120	757951964	0	0	0	0
1608053120	767967107	0	0	0	0
1608053120	778017206	0	0	0	0
1608053120	788019689	0	0	0	0
1608053120	797990981	0	0	0	0
1608053120	807939449	0	0	0	0
1608053120	817935088	0	0	0	0
1608053120	828019694	0	0	0	0
1608053120	838000458	0	0	0	0
1608053120	847999382	0	0	0	0
1608053120	858007850	0	0	0	0
1608053120	868000552	0	0	0	0
1608053120	878030257	0	0	0	0
1608053120	888020921	0	0	0	0
1608053120	897996778	0	0	0	0
1608053120	908059752	0	0	0	0
1608053120	917989315	0	0	0	0
1608053120	927990481	0	0	0	0
1608053120	937992363	0	0	0	0
1608053120	947939359	0	0	0	0
1608053120	957985005	0	0	0	0
1608053120	968043514	0	0	0	0
1608053120	978049765	0	0	0	0
1608053120	988001685	0	0	0	0
1608053120	997988473	0	0	0	0
1608053121	7987723	0	0	0	0
1608053121	17872672	0	0	0	0
1608053121	27878736	0	0	0	0
1608053121	37847592	0	0	0	0
1608053121	47861001	0	0	0	0
1608053121	57855220	0	0	0	0
1608053121	67876593	0	0	0	0
1608053121	77933266	0	0	0	0
1608053121	87851013	0	0	0	0
1608053121	97890229	0	0	0	0
1608053121	107878487	0	0	0	0
1608053121	117803226	0	0	0	0
1608053121	127922850	0	0	0	0
1608053121	137891926	0	0	0	0
1608053121	147859729	0	0	0	0
1608053121	157872141	0	0	0	0
1608053121	167889449	0	0	0	0
1608053121	177903242	0	0	0	0
1608053121	187881987	0	0	0	0
1608053121	197893023	0	0	0	0
1608053121	207861879	0	0	0	0
1608053121	217896859	0	0	0	0
1608053121	227878896	0	0	0	0
1608053121	237869436	0	0	0	0
1608053121	247919316	0	0	0	0
1608053121	257974094	0	0	0	0
1608053121	268006867	0	0	0	0
1608053121	278080399	0	0	0	0
1608053121	288008040	0	0	0	0
1608053121	298031402	0	0	0	0
1608053121	307972828	0	0	0	0
1608053121	317882722	0	0	0	0
1608053121	328016451	0	0	0	0
1608053121	338016554	0	0	0	0
1608053121	347994102	0	0	0	0
1608053121	357951593	0	0	0	0
1608053121	367975074	0	0	0	0
1608053121	378135021	0	0	0	0
1608053121	387978471	0	0	0	0
1608053121	397994726	0	0	0	0
1608053121	407945625	0	0	0	0
1608053121	417997463	0	0	0	0
1608053121	427996526	0	0	0	0
1608053121	437966050	0	0	0	0
1608053121	447918819	0	0	0	0
1608053121	457988694	0	0	0	0
1608053121	467940005	0	0	0	0
1608053121	478068894	0	0	0	0
1608053121	488044245	0	0	0	0
1608053121	498070461	0	0	0	0
1608053121	507993359	0	0	0	0
1608053121	518000375	0	0	0	0
1608053121	527976689	0	0	0	0
1608053121	538350234	0	0	0	0
1608053121	547985900	0	0	0	0
1608053121	557938118	0	0	0	0
1608053121	568038947	0	0	0	0
1608053121	578047133	0	0	0	0
1608053121	587996977	0	0	0	0
1608053121	598029552	0	0	0	0
1608053121	608024012	0	0	0	0
1608053121	618036763	0	0	0	0
1608053121	627994885	0	0	0	0
1608053121	638377892	0	0	0	0
1608053121	647926953	0	0	0	0
1608053121	657976613	0	0	0	0
1608053121	668002477	0	0	0	0
1608053121	678010650	0	0	0	0
1608053121	688034165	0	0	0	0
1608053121	698028481	0	0	0	0
1608053121	707988279	0	0	0	0
1608053121	717977770	0	0	0	0
1608053121	727954552	0	0	0	0
1608053121	737964752	0	0	0	0
1608053121	747968913	0	0	0	0
1608053121	758022823	0	0	0	0
1608053121	767978099	0	0	0	0
1608053121	778086469	0	0	0	0
1608053121	788032011	0	0	0	0
1608053121	798014795	0	0	0	0
1608053121	807977528	0	0	0	0
1608053121	818024362	0	0	0	0
1608053121	827985026	0	0	0	0
1608053121	838055974	0	0	0	0
1608053121	848003154	0	0	0	0
1608053121	857908725	0	0	0	0
1608053121	867949814	0	0	0	0
1608053121	878076914	0	0	0	0
1608053121	887994972	0	0	0	0
1608053121	898023178	0	0	0	0
1608053121	907981692	0	0	0	0
1608053121	918461357	0	0	0	0
1608053121	928028916	0	0	0	0
1608053121	938051777	0	0	0	0
1608053121	948006140	0	0	0	0
1608053121	957967222	0	0	0	0
1608053121	967923097	0	0	0	0
1608053121	978011043	0	0	0	0
1608053121	988015382	0	0	0	0
1608053121	998008031	0	0	0	0
1608053122	7996614	0	0	0	0
1608053122	17994573	0	0	0	0
1608053122	28004987	0	0	0	0
1608053122	37979448	0	0	0	0
1608053122	48010215	0	0	0	0
1608053122	58098000	0	0	0	0
1608053122	67959379	0	0	0	0
1608053122	78055750	0	0	0	0
1608053122	88071371	0	0	0	0
1608053122	98029576	0	0	0	0
1608053122	107961387	0	0	0	0
1608053122	118016409	0	0	0	0
1608053122	128017108	0	0	0	0
1608053122	137961177	0	0	0	0
1608053122	148069306	0	0	0	0
1608053122	157910827	0	0	0	0
1608053122	167962639	0	0	0	0
1608053122	178043785	0	0	0	0
1608053122	187987605	0	0	0	0
1608053122	197994619	0	0	0	0
1608053122	208003230	0	0	0	0
1608053122	217954948	0	0	0	0
1608053122	227996993	0	0	0	0
1608053122	238411426	0	0	0	0
1608053122	248285235	0	0	0	0
1608053122	257987953	0	0	0	0
1608053122	267998649	0	0	0	0
1608053122	278050959	0	0	0	0
1608053122	287972961	0	0	0	0
1608053122	298036771	0	0	0	0
1608053122	307966156	0	0	0	0
1608053122	317969641	0	0	0	0
1608053122	327992951	0	0	0	0
1608053122	337991172	0	0	0	0
1608053122	347989224	0	0	0	0
1608053122	357952428	0	0	0	0
1608053122	368051753	0	0	0	0
1608053122	377996552	0	0	0	0
1608053122	388033345	0	0	0	0
1608053122	398028413	0	0	0	0
1608053122	408005427	0	0	0	0
1608053122	417982120	0	0	0	0
1608053122	427999992	0	0	0	0
1608053122	437937726	0	0	0	0
1608053122	448036984	0	0	0	0
1608053122	457859964	0	0	0	0
1608053122	467763278	0	0	0	0
1608053122	477920904	0	0	0	0
1608053122	487809996	0	0	0	0
1608053122	497852932	0	0	0	0
1608053122	507902350	0	0	0	0
1608053122	517942598	0	0	0	0
1608053122	528015273	0	0	0	0
1608053122	537993728	0	0	0	0
1608053122	547982139	0	0	0	0
1608053122	558736188	0	0	0	0
1608053122	567955678	0	0	0	0
1608053122	577949856	0	0	0	0
1608053122	587999213	0	0	0	0
1608053122	598027955	0	0	0	0
1608053122	607911138	0	0	0	0
1608053122	617951979	0	0	0	0
1608053122	627955133	0	0	0	0
1608053122	637985943	0	0	0	0
1608053122	647990730	0	0	0	0
1608053122	657979464	0	0	0	0
1608053122	667964683	0	0	0	0
1608053122	678018479	0	0	0	0
1608053122	687936884	0	0	0	0
1608053122	697994771	0	0	0	0
1608053122	708059845	0	0	0	0
1608053122	718008192	0	0	0	0
1608053122	727950855	0	0	0	0
1608053122	737992392	0	0	0	0
1608053122	748001548	0	0	0	0
1608053122	757990073	0	0	0	0
1608053122	767984363	0	0	0	0
1608053122	778026357	0	0	0	0
1608053122	787988715	0	0	0	0
1608053122	797991897	0	0	0	0
1608053122	807989182	0	0	0	0
1608053122	818025858	0	0	0	0
1608053122	828015255	0	0	0	0
1608053122	838050917	0	0	0	0
1608053122	848016199	0	0	0	0
1608053122	858060488	0	0	0	0
1608053122	868043093	0	0	0	0
1608053122	877999713	0	0	0	0
1608053122	888002214	0	0	0	0
1608053122	898001963	0	0	0	0
1608053122	907949174	0	0	0	0
1608053122	918020833	0	0	0	0
1608053122	928004381	0	0	0	0
1608053122	938036549	0	0	0	0
1608053122	948007189	0	0	0	0
1608053122	957993704	0	0	0	0
1608053122	968011027	0	0	0	0
1608053122	978006658	0	0	0	0
1608053122	988025295	0	0	0	0
1608053122	998045191	0	0	0	0
1608053123	8020449	0	0	0	0
1608053123	18005868	0	0	0	0
1608053123	28009051	0	0	0	0
1608053123	38020004	0	0	0	0
1608053123	47934885	0	0	0	0
1608053123	58542757	0	0	0	0
1608053123	68050246	0	0	0	0
1608053123	78029420	0	0	0	0
1608053123	88021079	0	0	0	0
1608053123	98019602	0	0	0	0
1608053123	108019834	0	0	0	0
1608053123	117996071	0	0	0	0
1608053123	128132684	0	0	0	0
1608053123	137987100	0	0	0	0
1608053123	147919732	0	0	0	0
1608053123	158016322	0	0	0	0
1608053123	167990628	0	0	0	0
1608053123	177998574	0	0	0	0
1608053123	188037739	0	0	0	0
1608053123	197950716	0	0	0	0
1608053123	207922941	0	0	0	0
1608053123	218017634	0	0	0	0
1608053123	228023222	0	0	0	0
1608053123	238013394	0	0	0	0
1608053123	247928288	0	0	0	0
1608053123	258042020	0	0	0	0
1608053123	268165000	0	0	0	0
1608053123	278049960	0	0	0	0
1608053123	287951606	0	0	0	0
1608053123	297974956	0	0	0	0
1608053123	308004259	0	0	0	0
1608053123	318036740	0	0	0	0
1608053123	328043880	0	0	0	0
1608053123	338003011	0	0	0	0
1608053123	347948631	0	0	0	0
1608053123	357990209	0	0	0	0
1608053123	368054182	0	0	0	0
1608053123	378078681	0	0	0	0
1608053123	387981678	0	0	0	0
1608053123	398039336	0	0	0	0
1608053123	407975431	0	0	0	0
1608053123	418013920	0	0	0	0
1608053123	427937353	0	0	0	0
1608053123	437987539	0	0	0	0
1608053123	448042917	0	0	0	0
1608053123	458023946	0	0	0	0
1608053123	468035747	0	0	0	0
1608053123	478001567	0	0	0	0
1608053123	488031895	0	0	0	0
1608053123	497992779	0	0	0	0
1608053123	508063288	0	0	0	0
1608053123	518037735	0	0	0	0
1608053123	527962350	0	0	0	0
1608053123	537926847	0	0	0	0
1608053123	548100817	0	0	0	0
1608053123	558017849	0	0	0	0
1608053123	568030895	0	0	0	0
1608053123	578055381	0	0	0	0
1608053123	588019190	0	0	0	0
1608053123	598026479	0	0	0	0
1608053123	608023692	0	0	0	0
1608053123	618050480	0	0	0	0
1608053123	628042265	0	0	0	0
1608053123	637955628	0	0	0	0
1608053123	647980214	0	0	0	0
1608053123	658012682	0	0	0	0
1608053123	668091295	0	0	0	0
1608053123	677989023	0	0	0	0
1608053123	688005852	0	0	0	0
1608053123	698047144	0	0	0	0
1608053123	707995672	0	0	0	0
1608053123	717974245	0	0	0	0
1608053123	728015457	0	0	0	0
1608053123	737990804	0	0	0	0
1608053123	747926973	0	0	0	0
1608053123	758048085	0	0	0	0
1608053123	768039405	0	0	0	0
1608053123	778019892	0	0	0	0
1608053123	788083190	0	0	0	0
1608053123	798049617	0	0	0	0
1608053123	808048001	0	0	0	0
1608053123	818029035	0	0	0	0
1608053123	827985189	0	0	0	0
1608053123	837964568	0	0	0	0
1608053123	847998185	0	0	0	0
1608053123	858003001	0	0	0	0
1608053123	868004146	0	0	0	0
1608053123	878060026	0	0	0	0
1608053123	888023219	0	0	0	0
1608053123	898052789	0	0	0	0
1608053123	908001959	0	0	0	0
1608053123	917993197	0	0	0	0
1608053123	928023620	0	0	0	0
1608053123	938035777	0	0	0	0
1608053123	947932521	0	0	0	0
1608053123	958063422	0	0	0	0
1608053123	968083511	0	0	0	0
1608053123	978036487	0	0	0	0
1608053123	987998664	0	0	0	0
1608053123	998031173	0	0	0	0
1608053124	7955029	0	0	0	0
1608053124	18046770	0	0	0	0
1608053124	28040829	0	0	0	0
1608053124	37967100	0	0	0	0
1608053124	48009370	0	0	0	0
1608053124	58837888	0	0	0	0
1608053124	68011224	0	0	0	0
1608053124	78061438	0	0	0	0
1608053124	88008462	0	0	0	0
1608053124	98063479	0	0	0	0
1608053124	108018302	0	0	0	0
1608053124	117985094	0	0	0	0
1608053124	128017372	0	0	0	0
1608053124	137967846	0	0	0	0
1608053124	148016417	0	0	0	0
1608053124	158043538	0	0	0	0
1608053124	168065551	0	0	0	0
1608053124	178033566	0	0	0	0
1608053124	188061387	0	0	0	0
1608053124	198053674	0	0	0	0
1608053124	208021576	0	0	0	0
1608053124	217984758	0	0	0	0
1608053124	228081360	0	0	0	0
1608053124	238178844	0	0	0	0
1608053124	248029576	0	0	0	0
1608053124	258042306	0	0	0	0
1608053124	268047819	0	0	0	0
1608053124	278063854	0	0	0	0
1608053124	288050301	0	0	0	0
1608053124	298019093	0	0	0	0
1608053124	308017370	0	0	0	0
1608053124	317975438	0	0	0	0
1608053124	328027221	0	0	0	0
1608053124	338019389	0	0	0	0
