time_sec	time_nanosec	joint_velocity_0	joint_velocity_1	joint_velocity_2	joint_velocity_3
1608054070	74728454	0	0	0	0
1608054070	84693860	0	0	0	0
1608054070	94713751	0	0	0	0
1608054070	104600074	0	0	0	0
1608054070	114665773	0	0	0	0
1608054070	124908389	0	0	0	0
1608054070	134981150	0	0	0	0
1608054070	144645977	0	0	0	0
1608054070	154664101	0	0	0	0
1608054070	164621543	0	0	0	0
1608054070	174668504	0	0	0	0
1608054070	184648809	0	0	0	0
1608054070	194637507	0	0	0	0
1608054070	204667006	0	0	0	0
1608054070	214762726	0	0	0	0
1608054070	224847900	0	0	0	0
1608054070	234750047	0	0	0	0
1608054070	244767696	0	0	0	0
1608054070	254762440	0	0	0	0
1608054070	264895882	0	0	0	0
1608054070	274863968	0	0	0	0
1608054070	284901863	0	0	0	0
1608054070	294825829	0	0	0	0
1608054070	304879620	0	0	0	0
1608054070	314870739	0	0	0	0
1608054070	324967170	0	0	0	0
1608054070	334867858	0	0	0	0
1608054070	344883583	0	0	0	0
1608054070	354889008	0	0	0	0
1608054070	364857330	0	0	0	0
1608054070	374890928	0	0	0	0
1608054070	384796267	0	0	0	0
1608054070	394894465	0	0	0	0
1608054070	404791560	0	0	0	0
1608054070	414894366	0	0	0	0
1608054070	424938741	0	0	0	0
1608054070	434842453	0	0	0	0
1608054070	445038874	0	0	0	0
1608054070	454863824	0	0	0	0
1608054070	464764444	0	0	0	0
1608054070	474865611	0	0	0	0
1608054070	484858871	0	0	0	0
1608054070	494872401	0	0	0	0
1608054070	504824209	0	0	0	0
1608054070	514794058	0	0	0	0
1608054070	524975881	0	0	0	0
1608054070	534804803	0	0	0	0
1608054070	544906346	0	0	0	0
1608054070	554856002	0	0	0	0
1608054070	564858218	0	0	0	0
1608054070	574896539	0	0	0	0
1608054070	584871692	0	0	0	0
1608054070	594893927	0	0	0	0
1608054070	604782768	0	0	0	0
1608054070	614838037	0	0	0	0
1608054070	624946838	0	0	0	0
1608054070	634929275	0	0	0	0
1608054070	644882424	0	0	0	0
1608054070	654865450	0	0	0	0
1608054070	664840150	0	0	0	0
1608054070	674843526	0	0	0	0
1608054070	684902568	0	0	0	0
1608054070	694788186	0	0	0	0
1608054070	704897525	0	0	0	0
1608054070	714682245	0	0	0	0
1608054070	724891355	0	0	0	0
1608054070	734847560	0	0	0	0
1608054070	744783529	0	0	0	0
1608054070	754894770	0	0	0	0
1608054070	764863849	0	0	0	0
1608054070	774880562	0	0	0	0
1608054070	784911916	0	0	0	0
1608054070	794804129	0	0	0	0
1608054070	804845465	0	0	0	0
1608054070	814905241	0	0	0	0
1608054070	824887234	0	0	0	0
1608054070	834810286	0	0	0	0
1608054070	844768359	0	0	0	0
1608054070	854843525	0	0	0	0
1608054070	864895922	0	0	0	0
1608054070	874845421	0	0	0	0
1608054070	884865103	0	0	0	0
1608054070	894843716	0	0	0	0
1608054070	904859295	0	0	0	0
1608054070	914939759	0	0	0	0
1608054070	926549625	0	0	0	0
1608054070	934812919	0	0	0	0
1608054070	944908679	0	0	0	0
1608054070	954776609	0	0	0	0
1608054070	964905207	0	0	0	0
1608054070	974778453	0	0	0	0
1608054070	984828326	0	0	0	0
1608054070	994829099	0	0	0	0
1608054071	4868270	0	0	0	0
1608054071	14957800	0	0	0	0
1608054071	24841869	0	0	0	0
1608054071	34734180	0	0	0	0
1608054071	44822633	0	0	0	0
1608054071	54675057	0	0	0	0
1608054071	64753634	0	0	0	0
1608054071	74765453	0	0	0	0
1608054071	84753628	0	0	0	0
1608054071	94895776	0	0	0	0
1608054071	104839826	0	0	0	0
1608054071	114746307	0	0	0	0
1608054071	124754113	0	0	0	0
1608054071	134846459	0	0	0	0
1608054071	144895997	0	0	0	0
1608054071	154908047	0	0	0	0
1608054071	164868177	0	0	0	0
1608054071	174871419	0	0	0	0
1608054071	184895920	0	0	0	0
1608054071	194863168	0	0	0	0
1608054071	204973985	0	0	0	0
1608054071	214881188	0	0	0	0
1608054071	224874633	0	0	0	0
1608054071	234871866	0	0	0	0
1608054071	244871485	0	0	0	0
1608054071	254852358	0	0	0	0
1608054071	264919392	0	0	0	0
1608054071	274833821	0	0	0	0
1608054071	284887162	0	0	0	0
1608054071	294842929	0	0	0	0
1608054071	304882176	0	0	0	0
1608054071	314895536	0	0	0	0
1608054071	324902111	0	0	0	0
1608054071	334798134	0	0	0	0
1608054071	344916216	0	0	0	0
1608054071	354850748	0	0	0	0
1608054071	364835467	0	0	0	0
1608054071	374720647	0	0	0	0
1608054071	384885098	0	0	0	0
1608054071	394786742	0	0	0	0
1608054071	404936268	0	0	0	0
1608054071	414860521	0	0	0	0
1608054071	424928905	0	0	0	0
1608054071	434825301	0	0	0	0
1608054071	444898582	0	0	0	0
1608054071	454841303	0	0	0	0
1608054071	464908780	0	0	0	0
1608054071	474852304	0	0	0	0
1608054071	484876038	0	0	0	0
1608054071	494815735	0	0	0	0
1608054071	504921815	0	0	0	0
1608054071	514926121	0	0	0	0
1608054071	524789001	0	0	0	0
1608054071	534883944	0	0	0	0
1608054071	544868202	0	0	0	0
1608054071	554875467	0	0	0	0
1608054071	564910596	0	0	0	0
1608054071	574850732	0	0	0	0
1608054071	584876246	0	0	0	0
1608054071	594863346	0	0	0	0
1608054071	604916619	0	0	0	0
1608054071	614942349	0	0	0	0
1608054071	624827748	0	0	0	0
1608054071	634895396	0	0	0	0
1608054071	644932823	0	0	0	0
1608054071	654846912	0	0	0	0
1608054071	664914615	0	0	0	0
1608054071	674804011	0	0	0	0
1608054071	684927921	0	0	0	0
1608054071	694913734	0	0	0	0
1608054071	704893322	0	0	0	0
1608054071	714813280	0	0	0	0
1608054071	724862323	0	0	0	0
1608054071	734885926	0	0	0	0
1608054071	744936901	0	0	0	0
1608054071	754862315	0	0	0	0
1608054071	764911722	0	0	0	0
1608054071	774860322	0	0	0	0
1608054071	784817997	0	0	0	0
1608054071	794869417	0	0	0	0
1608054071	804921534	0	0	0	0
1608054071	814875964	0	0	0	0
1608054071	824669589	0	0	0	0
1608054071	834656247	0	0	0	0
1608054071	844695063	0	0	0	0
1608054071	854664659	0	0	0	0
1608054071	864691251	0	0	0	0
1608054071	874618610	0	0	0	0
1608054071	884642204	0	0	0	0
1608054071	894722000	0	0	0	0
1608054071	904828734	0	0	0	0
1608054071	914808203	0	0	0	0
1608054071	924896655	0	0	0	0
1608054071	934836589	0	0	0	0
1608054071	944911719	0	0	0	0
1608054071	954960836	0	0	0	0
1608054071	964904523	0	0	0	0
1608054071	974842864	0	0	0	0
1608054071	984900795	0	0	0	0
1608054071	994811656	0	0	0	0
1608054072	4828549	0	0	0	0
1608054072	14861367	0	0	0	0
1608054072	24772515	0	0	0	0
1608054072	34796511	0	0	0	0
1608054072	44894464	0	0	0	0
1608054072	54903714	0	0	0	0
1608054072	64917885	0	0	0	0
1608054072	74887855	0	0	0	0
1608054072	84889275	0	0	0	0
1608054072	94928275	0	0	0	0
1608054072	104843562	0	0	0	0
1608054072	114870339	0	0	0	0
1608054072	124917894	0	0	0	0
1608054072	134904514	0	0	0	0
1608054072	144939212	0	0	0	0
1608054072	154915014	0	0	0	0
1608054072	164884539	0	0	0	0
1608054072	174782309	0	0	0	0
1608054072	184825374	0	0	0	0
1608054072	194878875	0	0	0	0
1608054072	204873423	0	0	0	0
1608054072	214833700	0	0	0	0
1608054072	224846775	0	0	0	0
1608054072	234873384	0	0	0	0
1608054072	244937917	0	0	0	0
1608054072	254862818	0	0	0	0
1608054072	264926713	0	0	0	0
1608054072	274897375	0	0	0	0
1608054072	284919455	0	0	0	0
1608054072	294893179	0	0	0	0
1608054072	304922269	0	0	0	0
1608054072	314849726	0	0	0	0
1608054072	324735253	0	0	0	0
1608054072	334720123	0	0	0	0
1608054072	344741510	0	0	0	0
1608054072	354837888	0	0	0	0
1608054072	364759054	0	0	0	0
1608054072	374726812	0	0	0	0
1608054072	384758557	0	0	0	0
1608054072	394740152	0	0	0	0
1608054072	404740186	0	0	0	0
1608054072	414860574	0	0	0	0
1608054072	424885914	0	0	0	0
1608054072	434879133	0	0	0	0
1608054072	444948821	0	0	0	0
1608054072	454996140	0	0	0	0
1608054072	464923079	0	0	0	0
1608054072	474883670	0	0	0	0
1608054072	484887467	0	0	0	0
1608054072	494911570	0	0	0	0
1608054072	504935921	0	0	0	0
1608054072	514834713	0	0	0	0
1608054072	524823943	0	0	0	0
1608054072	534621579	0	0	0	0
1608054072	544953185	0	0	0	0
1608054072	555296939	0	0	0	0
1608054072	565418761	0	0	0	0
1608054072	574896387	0	0	0	0
1608054072	584858065	0	0	0	0
1608054072	594901315	0	0	0	0
1608054072	604929437	0	0	0	0
1608054072	614773608	0	0	0	0
1608054072	624994560	0	0	0	0
1608054072	634867656	0	0	0	0
1608054072	644915591	0	0	0	0
1608054072	654886964	0	0	0	0
1608054072	664890850	0	0	0	0
1608054072	674854392	0	0	0	0
1608054072	684919547	0	0	0	0
1608054072	694909900	0	0	0	0
1608054072	704780875	0	0	0	0
1608054072	714665425	0	0	0	0
1608054072	724922086	0	0	0	0
1608054072	734960836	0	0	0	0
1608054072	744924505	0	0	0	0
1608054072	754829463	0	0	0	0
1608054072	764906679	0	0	0	0
1608054072	774960901	0	0	0	0
1608054072	784843514	0	0	0	0
1608054072	794805663	0	0	0	0
1608054072	804848805	0	0	0	0
1608054072	814921994	0	0	0	0
1608054072	824944220	0	0	0	0
1608054072	834920874	0	0	0	0
1608054072	845331056	0	0	0	0
1608054072	854881371	0	0	0	0
1608054072	864922889	0	0	0	0
1608054072	874857156	0	0	0	0
1608054072	884952607	0	0	0	0
1608054072	894864424	0	0	0	0
1608054072	905085476	0	0	0	0
1608054072	914795065	0	0	0	0
1608054072	924798978	0	0	0	0
1608054072	935107469	0	0	0	0
1608054072	944763416	0	0	0	0
1608054072	954705465	0	0	0	0
1608054072	964684802	0	0	0	0
1608054072	974747511	0	0	0	0
1608054072	984908363	0	0	0	0
1608054072	994886949	0	0	0	0
1608054073	4795186	0	0	0	0
1608054073	14968397	0	0	0	0
1608054073	24920711	0	0	0	0
1608054073	34938799	0	0	0	0
1608054073	44970819	0	0	0	0
1608054073	54807135	0	0	0	0
1608054073	64794254	0	0	0	0
1608054073	74947884	0	0	0	0
1608054073	84928070	0	0	0	0
1608054073	94774648	0	0	0	0
1608054073	104819362	0	0	0	0
1608054073	114824332	0	0	0	0
1608054073	124821327	0	0	0	0
1608054073	134739216	0	0	0	0
1608054073	144828729	0	0	0	0
1608054073	154683843	0	0	0	0
1608054073	164780575	0	0	0	0
1608054073	174887184	0	0	0	0
1608054073	184892025	0	0	0	0
1608054073	194867674	0	0	0	0
1608054073	204766563	0	0	0	0
1608054073	214906463	0	0	0	0
1608054073	224997897	0	0	0	0
1608054073	234947318	0	0	0	0
1608054073	244941692	0	0	0	0
1608054073	254879295	0	0	0	0
1608054073	264832718	0	0	0	0
1608054073	274836438	0	0	0	0
1608054073	284960755	0	0	0	0
1608054073	294888734	0	0	0	0
1608054073	304741236	0	0	0	0
1608054073	314634575	0	0	0	0
1608054073	324727472	0	0	0	0
1608054073	334687006	0	0	0	0
1608054073	344844673	0	0	0	0
1608054073	354648866	0	0	0	0
1608054073	364732519	0	0	0	0
1608054073	374736720	0	0	0	0
1608054073	384728329	0	0	0	0
1608054073	394743894	0	0	0	0
1608054073	404789376	0	0	0	0
1608054073	414752590	0	0	0	0
1608054073	424854926	0	0	0	0
1608054073	434787622	0	0	0	0
1608054073	444865089	0	0	0	0
1608054073	454785870	0	0	0	0
1608054073	464814271	0	0	0	0
1608054073	474763768	0	0	0	0
1608054073	484735793	0	0	0	0
1608054073	494793844	0	0	0	0
1608054073	504910956	0	0	0	0
1608054073	514826532	0	0	0	0
1608054073	524864541	0	0	0	0
1608054073	534718110	0	0	0	0
1608054073	544756174	0	0	0	0
1608054073	554761733	0	0	0	0
1608054073	564781887	0	0	0	0
1608054073	574728552	0	0	0	0
1608054073	584910607	0	0	0	0
1608054073	594898121	0	0	0	0
1608054073	604914552	0	0	0	0
1608054073	614863741	0	0	0	0
1608054073	624724321	0	0	0	0
1608054073	634914119	0	0	0	0
1608054073	644941650	0	0	0	0
1608054073	654871197	0	0	0	0
1608054073	664914740	0	0	0	0
1608054073	674847707	0	0	0	0
1608054073	685043570	0	0	0	0
1608054073	694919162	0	0	0	0
1608054073	704825251	0	0	0	0
1608054073	714860906	0	0	0	0
1608054073	724956048	0	0	0	0
1608054073	735043495	0	0	0	0
1608054073	744929401	0	0	0	0
1608054073	754919315	0	0	0	0
1608054073	764910781	0	0	0	0
1608054073	774775190	0	0	0	0
1608054073	784698409	0	0	0	0
1608054073	794719886	0	0	0	0
1608054073	804664552	0	0	0	0
1608054073	814723677	0	0	0	0
1608054073	824761776	0	0	0	0
1608054073	834755756	0	0	0	0
1608054073	844737717	0	0	0	0
1608054073	854892330	0	0	0	0
1608054073	864991948	0	0	0	0
1608054073	874874554	0	0	0	0
1608054073	884934952	0	0	0	0
1608054073	894893459	0	0	0	0
1608054073	904935419	0	0	0	0
1608054073	914922196	0	0	0	0
1608054073	925064888	0	0	0	0
1608054073	934964541	0	0	0	0
1608054073	944901546	0	0	0	0
1608054073	954850798	0	0	0	0
1608054073	964961563	0	0	0	0
1608054073	974918609	0	0	0	0
1608054073	984899111	0	0	0	0
1608054073	994902482	0	0	0	0
1608054074	4764929	0	0	0	0
1608054074	14803779	0	0	0	0
1608054074	24751708	0	0	0	0
1608054074	34764645	0	0	0	0
1608054074	44914043	0	0	0	0
1608054074	55265451	0	0	0	0
1608054074	64897797	0	0	0	0
1608054074	75530137	0	0	0	0
1608054074	84772206	0	0	0	0
1608054074	94754384	0	0	0	0
1608054074	104737636	0	0	0	0
1608054074	114825314	0	0	0	0
1608054074	124777635	0	0	0	0
1608054074	134733686	0	0	0	0
1608054074	144844543	0	0	0	0
1608054074	154804187	0	0	0	0
1608054074	164743179	0	0	0	0
1608054074	174812549	0	0	0	0
1608054074	184829898	0	0	0	0
1608054074	194729695	0	0	0	0
1608054074	204924130	0	0	0	0
1608054074	214892939	0	0	0	0
1608054074	225081840	0	0	0	0
1608054074	234893121	0	0	0	0
1608054074	244894672	0	0	0	0
1608054074	254880957	0	0	0	0
1608054074	264948545	0	0	0	0
1608054074	274880028	0	0	0	0
1608054074	285264958	0	0	0	0
1608054074	294878818	0	0	0	0
1608054074	304955280	0	0	0	0
1608054074	314922580	0	0	0	0
1608054074	324854654	0	0	0	0
1608054074	334865559	0	0	0	0
1608054074	344849918	0	0	0	0
1608054074	354929816	0	0	0	0
1608054074	364940784	0	0	0	0
1608054074	374899016	0	0	0	0
1608054074	384901527	0	0	0	0
1608054074	394742297	0	0	0	0
1608054074	405360676	0	0	0	0
1608054074	415121589	0	0	0	0
1608054074	424757031	0	0	0	0
1608054074	434907246	0	0	0	0
1608054074	444938688	0	0	0	0
1608054074	454915658	0	0	0	0
1608054074	464730499	0	0	0	0
1608054074	474663446	0	0	0	0
1608054074	484675401	0	0	0	0
1608054074	494818293	0	0	0	0
1608054074	504897469	0	0	0	0
1608054074	514903371	0	0	0	0
1608054074	524957838	0	0	0	0
1608054074	534848265	0	0	0	0
1608054074	544918550	0	0	0	0
1608054074	554920849	0	0	0	0
1608054074	564902616	0	0	0	0
1608054074	575066558	0	0	0	0
1608054074	584886753	0	0	0	0
1608054074	595029023	0	0	0	0
1608054074	605012524	0	0	0	0
1608054074	614892669	0	0	0	0
1608054074	624969717	0	0	0	0
1608054074	634894896	0	0	0	0
1608054074	644963152	0	0	0	0
1608054074	654941325	0	0	0	0
1608054074	664857772	0	0	0	0
1608054074	674930753	0	0	0	0
1608054074	684880290	0	0	0	0
1608054074	694952215	0	0	0	0
1608054074	704869014	0	0	0	0
1608054074	714876715	0	0	0	0
1608054074	725003341	0	0	0	0
1608054074	734896390	0	0	0	0
1608054074	744890576	0	0	0	0
1608054074	754886032	0	0	0	0
1608054074	764904962	0	0	0	0
1608054074	774861269	0	0	0	0
1608054074	784905933	0	0	0	0
1608054074	794904640	0	0	0	0
1608054074	804926484	0	0	0	0
1608054074	814934423	0	0	0	0
1608054074	824858795	0	0	0	0
1608054074	834878748	0	0	0	0
1608054074	844942663	0	0	0	0
1608054074	854834653	0	0	0	0
1608054074	865313730	0	0	0	0
1608054074	874845768	0	0	0	0
1608054074	884934963	0	0	0	0
1608054074	894923661	0	0	0	0
1608054074	904945902	0	0	0	0
1608054074	914909387	0	0	0	0
1608054074	925108511	0	0	0	0
1608054074	934747556	0	0	0	0
1608054074	944867741	0	0	0	0
1608054074	954817285	0	0	0	0
1608054074	964672689	0	0	0	0
1608054074	974665180	0	0	0	0
1608054074	984705043	0	0	0	0
1608054074	994769872	0	0	0	0
1608054075	4644918	0	0	0	0
1608054075	14743184	0	0	0	0
1608054075	24764694	0	0	0	0
1608054075	34787954	0	0	0	0
1608054075	44757541	0	0	0	0
1608054075	54786648	0	0	0	0
1608054075	64757411	0	0	0	0
1608054075	74812244	0	0	0	0
1608054075	84766795	0	0	0	0
1608054075	94947549	0	0	0	0
1608054075	104961860	0	0	0	0
1608054075	114967169	0	0	0	0
1608054075	124917958	0	0	0	0
1608054075	134885717	0	0	0	0
1608054075	144939643	0	0	0	0
1608054075	154896057	0	0	0	0
1608054075	164877126	0	0	0	0
1608054075	174851656	0	0	0	0
1608054075	184781971	0	0	0	0
1608054075	194922580	0	0	0	0
1608054075	204890163	0	0	0	0
1608054075	214896864	0	0	0	0
1608054075	224950912	0	0	0	0
1608054075	234877648	0	0	0	0
1608054075	244953928	0	0	0	0
1608054075	254829212	0	0	0	0
1608054075	264968833	0	0	0	0
1608054075	274880649	0	0	0	0
1608054075	284767241	0	0	0	0
1608054075	294783805	0	0	0	0
1608054075	304706021	0	0	0	0
1608054075	314704678	0	0	0	0
1608054075	324759731	0	0	0	0
1608054075	334721072	0	0	0	0
1608054075	344670247	0	0	0	0
1608054075	354780784	0	0	0	0
1608054075	364715656	0	0	0	0
1608054075	374990111	0	0	0	0
1608054075	384854154	0	0	0	0
1608054075	394910775	0	0	0	0
1608054075	404908703	0	0	0	0
1608054075	414949465	0	0	0	0
1608054075	424919259	0	0	0	0
1608054075	434925314	0	0	0	0
1608054075	444952901	0	0	0	0
1608054075	454881113	0	0	0	0
1608054075	464737103	0	0	0	0
1608054075	474670230	0	0	0	0
1608054075	484649104	0	0	0	0
1608054075	494707948	0	0	0	0
1608054075	504672863	0	0	0	0
1608054075	514672994	0	0	0	0
1608054075	524669925	0	0	0	0
1608054075	534691767	0	0	0	0
1608054075	544855095	0	0	0	0
1608054075	554974071	0	0	0	0
1608054075	564935730	0	0	0	0
1608054075	574921192	0	0	0	0
1608054075	584910877	0	0	0	0
1608054075	594843290	0	0	0	0
1608054075	604985152	0	0	0	0
1608054075	614893135	0	0	0	0
1608054075	624912591	0	0	0	0
1608054075	634970377	0	0	0	0
1608054075	644880571	0	0	0	0
1608054075	654961931	0	0	0	0
1608054075	664931448	0	0	0	0
1608054075	674940023	0	0	0	0
1608054075	684992474	0	0	0	0
1608054075	694873591	0	0	0	0
1608054075	704889980	0	0	0	0
1608054075	714969185	0	0	0	0
1608054075	724842120	0	0	0	0
1608054075	734865090	0	0	0	0
1608054075	744922702	0	0	0	0
1608054075	754916675	0	0	0	0
1608054075	764959844	0	0	0	0
1608054075	774956902	0	0	0	0
1608054075	784951101	0	0	0	0
1608054075	794845471	0	0	0	0
1608054075	804900812	0	0	0	0
1608054075	814949100	0	0	0	0
1608054075	824955059	0	0	0	0
1608054075	834872164	0	0	0	0
1608054075	845002724	0	0	0	0
1608054075	854867032	0	0	0	0
1608054075	864862298	0	0	0	0
1608054075	874884656	0	0	0	0
1608054075	884752647	0	0	0	0
1608054075	894842907	0	0	0	0
1608054075	904849711	0	0	0	0
1608054075	914833282	0	0	0	0
1608054075	924774289	0	0	0	0
1608054075	934811346	0	0	0	0
1608054075	944761313	0	0	0	0
1608054075	954870661	0	0	0	0
1608054075	964775626	0	0	0	0
1608054075	975441375	0	0	0	0
1608054075	984929142	0	0	0	0
1608054075	994863412	0	0	0	0
1608054076	4913010	0	0	0	0
1608054076	15293361	0	0	0	0
1608054076	24874413	0	0	0	0
1608054076	34805215	0	0	0	0
1608054076	44775756	0	0	0	0
1608054076	54817404	0	0	0	0
1608054076	64761880	0	0	0	0
1608054076	74660340	0	0	0	0
1608054076	84770936	0	0	0	0
1608054076	94744281	0	0	0	0
1608054076	104689462	0	0	0	0
1608054076	114932882	0	0	0	0
1608054076	124939899	0	0	0	0
1608054076	134771629	0	0	0	0
1608054076	144970499	0	0	0	0
1608054076	154942949	0	0	0	0
1608054076	164923550	0	0	0	0
1608054076	174917188	0	0	0	0
1608054076	184940215	0	0	0	0
1608054076	194950438	0	0	0	0
1608054076	204945762	0	0	0	0
1608054076	214909415	0	0	0	0
1608054076	224894526	0	0	0	0
1608054076	234766236	0	0	0	0
1608054076	244747108	0	0	0	0
1608054076	254924479	0	0	0	0
1608054076	264887746	0	0	0	0
1608054076	274870476	0	0	0	0
1608054076	284956608	0	0	0	0
1608054076	294909666	0	0	0	0
1608054076	304941856	0	0	0	0
1608054076	314686702	0	0	0	0
1608054076	324700807	0	0	0	0
1608054076	334791183	0	0	0	0
1608054076	344774751	0	0	0	0
1608054076	354913349	0	0	0	0
1608054076	365007071	0	0	0	0
1608054076	374931599	0	0	0	0
1608054076	384861808	0	0	0	0
1608054076	395025899	0	0	0	0
1608054076	404966173	0	0	0	0
1608054076	414873624	0	0	0	0
1608054076	425649119	0	0	0	0
1608054076	434828114	0	0	0	0
1608054076	444846393	0	0	0	0
1608054076	454853446	0	0	0	0
1608054076	464935741	0	0	0	0
1608054076	474946472	0	0	0	0
1608054076	484921425	0	0	0	0
1608054076	494957481	0	0	0	0
1608054076	504942528	0	0	0	0
1608054076	514941989	0	0	0	0
1608054076	524935352	0	0	0	0
1608054076	534860894	0	0	0	0
1608054076	544949421	0	0	0	0
1608054076	554916262	0	0	0	0
1608054076	565040193	0	0	0	0
1608054076	574998829	0	0	0	0
1608054076	584858072	0	0	0	0
1608054076	594983587	0	0	0	0
1608054076	604971083	0	0	0	0
1608054076	614879943	0	0	0	0
1608054076	624989636	0	0	0	0
1608054076	634908594	0	0	0	0
1608054076	644955458	0	0	0	0
1608054076	654926880	0	0	0	0
1608054076	664956948	0	0	0	0
1608054076	674949266	0	0	0	0
1608054076	684883794	0	0	0	0
1608054076	694933007	0	0	0	0
1608054076	704973369	0	0	0	0
1608054076	714841684	0	0	0	0
1608054076	724950889	0	0	0	0
1608054076	734926155	0	0	0	0
1608054076	744976254	0	0	0	0
1608054076	754975007	0	0	0	0
1608054076	764909068	0	0	0	0
1608054076	774942483	0	0	0	0
1608054076	784963740	0	0	0	0
1608054076	794823888	0	0	0	0
1608054076	804737032	0	0	0	0
1608054076	814952741	0	0	0	0
1608054076	824966168	0	0	0	0
1608054076	835050611	0	0	0	0
1608054076	844952093	0	0	0	0
1608054076	854968553	0	0	0	0
1608054076	864974229	0	0	0	0
1608054076	874871413	0	0	0	0
1608054076	884951312	0	0	0	0
1608054076	894799134	0	0	0	0
1608054076	904924143	0	0	0	0
1608054076	914853683	0	0	0	0
1608054076	924911599	0	0	0	0
1608054076	934946795	0	0	0	0
1608054076	944957123	0	0	0	0
1608054076	954961360	0	0	0	0
1608054076	964963074	0	0	0	0
1608054076	974915993	0	0	0	0
1608054076	984901538	0	0	0	0
1608054076	994924411	0	0	0	0
1608054077	4967595	0	0	0	0
1608054077	14923259	0	0	0	0
1608054077	24738795	0	0	0	0
1608054077	34758816	0	0	0	0
1608054077	44950446	0	0	0	0
1608054077	54960760	0	0	0	0
1608054077	65028556	0	0	0	0
1608054077	74912991	0	0	0	0
1608054077	84884013	0	0	0	0
1608054077	94841222	0	0	0	0
1608054077	104886290	0	0	0	0
1608054077	114886580	0	0	0	0
1608054077	124959257	0	0	0	0
1608054077	134686867	0	0	0	0
1608054077	144963844	0	0	0	0
1608054077	154898370	0	0	0	0
1608054077	165024460	0	0	0	0
1608054077	174879490	0	0	0	0
1608054077	185033021	0	0	0	0
1608054077	194838378	0	0	0	0
1608054077	204943880	0	0	0	0
1608054077	214923763	0	0	0	0
1608054077	224799007	0	0	0	0
1608054077	234798607	0	0	0	0
1608054077	245369263	0	0	0	0
1608054077	254840732	0	0	0	0
1608054077	264917697	0	0	0	0
1608054077	274967428	0	0	0	0
1608054077	284908433	0	0	0	0
1608054077	294875043	0	0	0	0
1608054077	304977318	0	0	0	0
1608054077	314809680	0	0	0	0
1608054077	324696646	0	0	0	0
1608054077	334662230	0	0	0	0
1608054077	344758871	0	0	0	0
1608054077	354761780	0	0	0	0
1608054077	365051682	0	0	0	0
1608054077	374932224	0	0	0	0
1608054077	384964537	0	0	0	0
1608054077	394927236	0	0	0	0
1608054077	405004018	0	0	0	0
1608054077	414864504	0	0	0	0
1608054077	424922847	0	0	0	0
1608054077	434923003	0	0	0	0
1608054077	444950669	0	0	0	0
1608054077	454980088	0	0	0	0
1608054077	464983803	0	0	0	0
1608054077	474945397	0	0	0	0
1608054077	484932603	0	0	0	0
1608054077	494931027	0	0	0	0
1608054077	504907869	0	0	0	0
1608054077	514892486	0	0	0	0
1608054077	524977856	0	0	0	0
1608054077	534969464	0	0	0	0
1608054077	544920853	0	0	0	0
1608054077	555695022	0	0	0	0
1608054077	565122932	0	0	0	0
1608054077	574959173	0	0	0	0
1608054077	584920288	0	0	0	0
1608054077	595027075	0	0	0	0
1608054077	604972908	0	0	0	0
1608054077	614931045	0	0	0	0
1608054077	624950607	0	0	0	0
1608054077	634947918	0	0	0	0
1608054077	644971882	0	0	0	0
1608054077	654997256	0	0	0	0
1608054077	665022332	0	0	0	0
1608054077	674919096	0	0	0	0
1608054077	684834535	0	0	0	0
1608054077	694892084	0	0	0	0
1608054077	704758044	0	0	0	0
1608054077	714876211	0	0	0	0
1608054077	724860384	0	0	0	0
1608054077	734850443	0	0	0	0
1608054077	744822711	0	0	0	0
1608054077	754759068	0	0	0	0
1608054077	764889482	0	0	0	0
1608054077	774864271	0	0	0	0
1608054077	784886871	0	0	0	0
1608054077	794794125	0	0	0	0
1608054077	804749276	0	0	0	0
1608054077	814774499	0	0	0	0
1608054077	824900967	0	0	0	0
1608054077	834839505	0	0	0	0
1608054077	844822860	0	0	0	0
1608054077	854836528	0	0	0	0
1608054077	864839700	0	0	0	0
1608054077	874794677	0	0	0	0
1608054077	884881302	0	0	0	0
1608054077	894830107	0	0	0	0
1608054077	904866284	0	0	0	0
1608054077	914789725	0	0	0	0
1608054077	924821209	0	0	0	0
1608054077	934831079	0	0	0	0
1608054077	944794333	0	0	0	0
1608054077	954810139	0	0	0	0
1608054077	965174684	0	0	0	0
1608054077	974848717	0	0	0	0
1608054077	984781411	0	0	0	0
1608054077	994940233	0	0	0	0
1608054078	4860644	0	0	0	0
1608054078	14881825	0	0	0	0
1608054078	24859132	0	0	0	0
1608054078	34881866	0	0	0	0
1608054078	44947438	0	0	0	0
1608054078	54873967	0	0	0	0
1608054078	64909468	0	0	0	0
1608054078	74943215	0	0	0	0
1608054078	84961128	0	0	0	0
1608054078	94948199	0	0	0	0
1608054078	104860049	0	0	0	0
1608054078	114971590	0	0	0	0
1608054078	124971363	0	0	0	0
1608054078	135016205	0	0	0	0
1608054078	144954975	0	0	0	0
1608054078	154880015	0	0	0	0
1608054078	164929225	0	0	0	0
1608054078	174943351	0	0	0	0
1608054078	184942890	0	0	0	0
1608054078	194738491	0	0	0	0
1608054078	204776971	0	0	0	0
1608054078	215006129	0	0	0	0
1608054078	224995805	0	0	0	0
1608054078	235009322	0	0	0	0
1608054078	244934332	0	0	0	0
1608054078	254967933	0	0	0	0
1608054078	264936493	0	0	0	0
1608054078	274970819	0	0	0	0
1608054078	284977439	0	0	0	0
1608054078	294751519	0	0	0	0
1608054078	305047421	0	0	0	0
1608054078	314949030	0	0	0	0
1608054078	324986837	0	0	0	0
1608054078	334902771	0	0	0	0
1608054078	344998296	0	0	0	0
1608054078	354960009	0	0	0	0
1608054078	364981586	0	0	0	0
1608054078	374955758	0	0	0	0
1608054078	384977208	0	0	0	0
1608054078	394836108	0	0	0	0
1608054078	404881688	0	0	0	0
1608054078	414859983	0	0	0	0
1608054078	424876519	0	0	0	0
1608054078	435105147	0	0	0	0
1608054078	444867927	0	0	0	0
1608054078	454775669	0	0	0	0
1608054078	464872596	0	0	0	0
1608054078	474963922	0	0	0	0
1608054078	484926885	0	0	0	0
1608054078	494962695	0	0	0	0
1608054078	504965800	0	0	0	0
1608054078	515004593	0	0	0	0
1608054078	524976057	0	0	0	0
1608054078	535329134	0	0	0	0
1608054078	544695116	0	0	0	0
1608054078	554734803	0	0	0	0
1608054078	564735265	0	0	0	0
1608054078	574778906	0	0	0	0
1608054078	584760939	0	0	0	0
1608054078	594971611	0	0	0	0
1608054078	605010455	0	0	0	0
1608054078	614992257	0	0	0	0
1608054078	625027534	0	0	0	0
1608054078	634889883	0	0	0	0
1608054078	644999180	0	0	0	0
1608054078	654941378	0	0	0	0
1608054078	664985239	0	0	0	0
1608054078	674981235	0	0	0	0
1608054078	684770470	0	0	0	0
1608054078	694860906	0	0	0	0
1608054078	704936694	0	0	0	0
1608054078	714850178	0	0	0	0
1608054078	724897915	0	0	0	0
1608054078	734794426	0	0	0	0
1608054078	744788942	0	0	0	0
1608054078	754880115	0	0	0	0
1608054078	764847376	0	0	0	0
1608054078	774804543	0	0	0	0
1608054078	784872577	0	0	0	0
1608054078	795292389	0	0	0	0
1608054078	804888856	0	0	0	0
1608054078	814848881	0	0	0	0
1608054078	824931964	0	0	0	0
1608054078	834962212	0	0	0	0
1608054078	844988701	0	0	0	0
1608054078	854961936	0	0	0	0
1608054078	864847853	0	0	0	0
1608054078	874968926	0	0	0	0
1608054078	885511723	0	0	0	0
1608054078	894994403	0	0	0	0
1608054078	904984358	0	0	0	0
1608054078	915059675	0	0	0	0
1608054078	925313831	0	0	0	0
1608054078	934951584	0	0	0	0
1608054078	944953130	0	0	0	0
1608054078	954931471	0	0	0	0
1608054078	964717782	0	0	0	0
1608054078	974776450	0	0	0	0
1608054078	985003716	0	0	0	0
1608054078	995003819	0	0	0	0
1608054079	5006484	0	0	0	0
1608054079	14950128	0	0	0	0
1608054079	24961471	0	0	0	0
1608054079	34970836	0	0	0	0
1608054079	44997145	0	0	0	0
1608054079	54969641	0	0	0	0
1608054079	64993081	0	0	0	0
1608054079	74704815	0	0	0	0
1608054079	84926513	0	0	0	0
1608054079	94938145	0	0	0	0
1608054079	104983677	0	0	0	0
1608054079	114986124	0	0	0	0
1608054079	124949693	0	0	0	0
1608054079	134936815	0	0	0	0
1608054079	144953682	0	0	0	0
1608054079	154941552	0	0	0	0
1608054079	164947638	0	0	0	0
1608054079	174788819	0	0	0	0
1608054079	184788217	0	0	0	0
1608054079	194798760	0	0	0	0
1608054079	204981053	0	0	0	0
1608054079	214917427	0	0	0	0
1608054079	224953981	0	0	0	0
1608054079	234942986	0	0	0	0
1608054079	244992660	0	0	0	0
1608054079	255014259	0	0	0	0
1608054079	265136804	0	0	0	0
1608054079	274894193	0	0	0	0
1608054079	284895351	0	0	0	0
1608054079	294956726	0	0	0	0
1608054079	305019344	0	0	0	0
1608054079	314910841	0	0	0	0
1608054079	324967350	0	0	0	0
1608054079	334978948	0	0	0	0
1608054079	344978260	0	0	0	0
1608054079	354951783	0	0	0	0
1608054079	365036183	0	0	0	0
1608054079	374864084	0	0	0	0
1608054079	384927992	0	0	0	0
1608054079	394979523	0	0	0	0
1608054079	405291529	0	0	0	0
1608054079	414849033	0	0	0	0
1608054079	424947408	0	0	0	0
1608054079	435017038	0	0	0	0
1608054079	444959255	0	0	0	0
1608054079	454970976	0	0	0	0
1608054079	464980615	0	0	0	0
1608054079	474897643	0	0	0	0
1608054079	485015048	0	0	0	0
1608054079	495118525	0	0	0	0
1608054079	504989282	0	0	0	0
1608054079	514911568	0	0	0	0
1608054079	524997941	0	0	0	0
1608054079	534988827	0	0	0	0
1608054079	544948034	0	0	0	0
1608054079	554938571	0	0	0	0
1608054079	564981892	0	0	0	0
1608054079	574924189	0	0	0	0
1608054079	585064745	0	0	0	0
1608054079	594955195	0	0	0	0
1608054079	605039222	0	0	0	0
1608054079	614937998	0	0	0	0
1608054079	624962220	0	0	0	0
1608054079	634966231	0	0	0	0
1608054079	645008802	0	0	0	0
1608054079	654952143	0	0	0	0
1608054079	664964788	0	0	0	0
1608054079	674769482	0	0	0	0
1608054079	685055826	0	0	0	0
1608054079	694988654	0	0	0	0
1608054079	705017742	0	0	0	0
1608054079	714956555	0	0	0	0
1608054079	724932079	0	0	0	0
1608054079	734814612	0	0	0	0
1608054079	744956793	0	0	0	0
1608054079	754964728	0	0	0	0
1608054079	764961792	0	0	0	0
1608054079	774797776	0	0	0	0
1608054079	784827950	0	0	0	0
1608054079	794896982	0	0	0	0
1608054079	805050120	0	0	0	0
1608054079	814964034	0	0	0	0
1608054079	824932831	0	0	0	0
1608054079	834923818	0	0	0	0
1608054079	844973058	0	0	0	0
1608054079	854953628	0	0	0	0
1608054079	864903055	0	0	0	0
1608054079	874964876	0	0	0	0
1608054079	884961754	0	0	0	0
1608054079	894998143	0	0	0	0
1608054079	904974492	0	0	0	0
1608054079	914965920	0	0	0	0
1608054079	924948270	0	0	0	0
1608054079	934962331	0	0	0	0
1608054079	944838890	0	0	0	0
1608054079	954818497	0	0	0	0
1608054079	964937811	0	0	0	0
1608054079	974997451	0	0	0	0
1608054079	985037586	0	0	0	0
1608054079	994994620	0	0	0	0
1608054080	4983059	0	0	0	0
1608054080	14956651	0	0	0	0
1608054080	24925538	0	0	0	0
1608054080	34985644	0	0	0	0
1608054080	44899871	0	0	0	0
1608054080	54867772	0	0	0	0
1608054080	64825769	0	0	0	0
1608054080	74875546	0	0	0	0
1608054080	84885057	0	0	0	0
1608054080	94855228	0	0	0	0
1608054080	104873406	0	0	0	0
1608054080	114839239	0	0	0	0
1608054080	124867373	0	0	0	0
1608054080	134848051	0	0	0	0
1608054080	144995261	0	0	0	0
1608054080	154984958	0	0	0	0
1608054080	165003710	0	0	0	0
1608054080	174963171	0	0	0	0
1608054080	185046281	0	0	0	0
1608054080	194960660	0	0	0	0
1608054080	204987091	0	0	0	0
1608054080	214924365	0	0	0	0
1608054080	224903277	0	0	0	0
1608054080	234868302	0	0	0	0
1608054080	244959219	0	0	0	0
1608054080	254978856	0	0	0	0
1608054080	264860210	0	0	0	0
1608054080	274750010	0	0	0	0
1608054080	285009002	0	0	0	0
1608054080	294945759	0	0	0	0
1608054080	305011875	0	0	0	0
1608054080	314962820	0	0	0	0
1608054080	324950982	0	0	0	0
1608054080	334919304	0	0	0	0
1608054080	344982270	0	0	0	0
1608054080	354934180	0	0	0	0
1608054080	364997480	0	0	0	0
1608054080	374840532	0	0	0	0
1608054080	384708988	0	0	0	0
1608054080	394799480	0	0	0	0
1608054080	405022002	0	0	0	0
1608054080	415090565	0	0	0	0
1608054080	424994435	0	0	0	0
1608054080	434948283	0	0	0	0
1608054080	444984555	0	0	0	0
1608054080	455062949	0	0	0	0
1608054080	465077088	0	0	0	0
1608054080	475048017	0	0	0	0
1608054080	484994676	0	0	0	0
1608054080	494987955	0	0	0	0
1608054080	504965849	0	0	0	0
1608054080	514907037	0	0	0	0
1608054080	525023505	0	0	0	0
1608054080	534996167	0	0	0	0
1608054080	545003430	0	0	0	0
1608054080	554983857	0	0	0	0
1608054080	564998055	0	0	0	0
1608054080	574983110	0	0	0	0
1608054080	584956529	0	0	0	0
1608054080	594794348	0	0	0	0
1608054080	604947757	0	0	0	0
1608054080	615019482	0	0	0	0
1608054080	625057766	0	0	0	0
1608054080	634919842	0	0	0	0
1608054080	644978645	0	0	0	0
1608054080	655023736	0	0	0	0
1608054080	664994094	0	0	0	0
1608054080	675000486	0	0	0	0
1608054080	684822391	0	0	0	0
1608054080	694930474	0	0	0	0
1608054080	705036187	0	0	0	0
1608054080	714985878	0	0	0	0
1608054080	725024969	0	0	0	0
1608054080	734978034	0	0	0	0
1608054080	744964947	0	0	0	0
1608054080	754951463	0	0	0	0
1608054080	764964515	0	0	0	0
1608054080	774982356	0	0	0	0
1608054080	784985309	0	0	0	0
1608054080	794966037	0	0	0	0
1608054080	805034058	0	0	0	0
1608054080	814972659	0	0	0	0
1608054080	825035694	0	0	0	0
1608054080	835015144	0	0	0	0
1608054080	844982741	0	0	0	0
1608054080	854914390	0	0	0	0
1608054080	865025345	0	0	0	0
1608054080	875026016	0	0	0	0
1608054080	884939064	0	0	0	0
1608054080	895044743	0	0	0	0
1608054080	904813449	0	0	0	0
1608054080	914784447	0	0	0	0
1608054080	925087061	0	0	0	0
1608054080	934911133	0	0	0	0
1608054080	945007648	0	0	0	0
1608054080	954996269	0	0	0	0
1608054080	965019077	0	0	0	0
1608054080	974959987	0	0	0	0
1608054080	985020328	0	0	0	0
1608054080	994979052	0	0	0	0
1608054081	5093975	0	0	0	0
1608054081	14996313	0	0	0	0
1608054081	25023625	0	0	0	0
1608054081	34929632	0	0	0	0
1608054081	44992807	0	0	0	0
1608054081	54980216	0	0	0	0
1608054081	64980062	0	0	0	0
1608054081	74784400	0	0	0	0
1608054081	84795672	0	0	0	0
1608054081	94986188	0	0	0	0
1608054081	105003165	0	0	0	0
1608054081	114971679	0	0	0	0
1608054081	124939267	0	0	0	0
1608054081	134909606	0	0	0	0
1608054081	145018803	0	0	0	0
1608054081	154987814	0	0	0	0
1608054081	164839645	0	0	0	0
1608054081	174860757	0	0	0	0
1608054081	185024862	0	0	0	0
1608054081	194993197	0	0	0	0
1608054081	205029684	0	0	0	0
1608054081	214974196	0	0	0	0
1608054081	224986366	0	0	0	0
1608054081	235016269	0	0	0	0
1608054081	245015008	0	0	0	0
1608054081	254987455	0	0	0	0
1608054081	265007262	0	0	0	0
1608054081	274896638	0	0	0	0
1608054081	284919753	0	0	0	0
1608054081	294873195	0	0	0	0
1608054081	304914563	0	0	0	0
1608054081	314886741	0	0	0	0
1608054081	324891206	0	0	0	0
1608054081	334905402	0	0	0	0
1608054081	345240898	0	0	0	0
1608054081	355005775	0	0	0	0
1608054081	364946953	0	0	0	0
1608054081	375055940	0	0	0	0
1608054081	384906644	0	0	0	0
1608054081	395031087	0	0	0	0
1608054081	405089346	0	0	0	0
1608054081	415048166	0	0	0	0
1608054081	424997966	0	0	0	0
1608054081	434922547	0	0	0	0
1608054081	445002832	0	0	0	0
1608054081	455008023	0	0	0	0
1608054081	464958220	0	0	0	0
1608054081	475013089	0	0	0	0
1608054081	484921142	0	0	0	0
1608054081	494997036	0	0	0	0
1608054081	505015977	0	0	0	0
1608054081	514989800	0	0	0	0
1608054081	524975821	0	0	0	0
1608054081	535012888	0	0	0	0
1608054081	544954706	0	0	0	0
1608054081	554963864	0	0	0	0
1608054081	564946772	0	0	0	0
1608054081	574938973	0	0	0	0
1608054081	585029370	0	0	0	0
1608054081	595021853	0	0	0	0
1608054081	605037017	0	0	0	0
1608054081	614996049	0	0	0	0
1608054081	624946781	0	0	0	0
1608054081	634988010	0	0	0	0
1608054081	644860199	0	0	0	0
1608054081	654968836	0	0	0	0
1608054081	664985148	0	0	0	0
1608054081	674966031	0	0	0	0
1608054081	685047127	0	0	0	0
1608054081	695048811	0	0	0	0
1608054081	705056897	0	0	0	0
1608054081	714986209	0	0	0	0
1608054081	724959011	0	0	0	0
1608054081	734997319	0	0	0	0
1608054081	744955926	0	0	0	0
1608054081	755000708	0	0	0	0
1608054081	765030609	0	0	0	0
1608054081	775290570	0	0	0	0
1608054081	784776018	0	0	0	0
1608054081	794821430	0	0	0	0
1608054081	804946135	0	0	0	0
1608054081	815031306	0	0	0	0
1608054081	825013870	0	0	0	0
1608054081	834979066	0	0	0	0
1608054081	844957949	0	0	0	0
1608054081	855011918	0	0	0	0
1608054081	864978239	0	0	0	0
1608054081	875005910	0	0	0	0
1608054081	884859296	0	0	0	0
1608054081	894869470	0	0	0	0
1608054081	904897551	0	0	0	0
1608054081	914856769	0	0	0	0
1608054081	924881106	0	0	0	0
1608054081	934875728	0	0	0	0
1608054081	944889382	0	0	0	0
1608054081	954845933	0	0	0	0
1608054081	964851637	0	0	0	0
1608054081	974975867	0	0	0	0
1608054081	985037382	0	0	0	0
1608054081	994991232	0	0	0	0
1608054082	5001582	0	0	0	0
1608054082	15024407	0	0	0	0
1608054082	25082978	0	0	0	0
1608054082	34894103	0	0	0	0
1608054082	44987111	0	0	0	0
1608054082	54960993	0	0	0	0
1608054082	65027685	0	0	0	0
1608054082	74876868	0	0	0	0
1608054082	84837012	0	0	0	0
1608054082	94862741	0	0	0	0
1608054082	104847741	0	0	0	0
1608054082	114728144	0	0	0	0
1608054082	124826098	0	0	0	0
1608054082	134942958	0	0	0	0
1608054082	145072413	0	0	0	0
1608054082	154963631	0	0	0	0
1608054082	164994789	0	0	0	0
1608054082	175037115	0	0	0	0
1608054082	184982869	0	0	0	0
1608054082	195025961	0	0	0	0
1608054082	204975173	0	0	0	0
1608054082	214970870	0	0	0	0
1608054082	225041458	0	0	0	0
1608054082	235046663	0	0	0	0
1608054082	244986106	0	0	0	0
1608054082	254779822	0	0	0	0
1608054082	264832407	0	0	0	0
1608054082	275015785	0	0	0	0
1608054082	285045329	0	0	0	0
1608054082	295046221	0	0	0	0
1608054082	305036905	0	0	0	0
1608054082	314997724	0	0	0	0
1608054082	325062671	0	0	0	0
1608054082	334850906	0	0	0	0
1608054082	344849949	0	0	0	0
1608054082	355207380	0	0	0	0
1608054082	364866830	0	0	0	0
1608054082	375025761	0	0	0	0
1608054082	384980204	0	0	0	0
1608054082	395039073	0	0	0	0
1608054082	405078900	0	0	0	0
1608054082	414957734	0	0	0	0
1608054082	425003163	0	0	0	0
1608054082	434989648	0	0	0	0
1608054082	444978855	0	0	0	0
1608054082	455015660	0	0	0	0
1608054082	465056486	0	0	0	0
1608054082	475027833	0	0	0	0
1608054082	485043291	0	0	0	0
1608054082	495004551	0	0	0	0
1608054082	505025437	0	0	0	0
1608054082	514934397	0	0	0	0
1608054082	524927471	0	0	0	0
1608054082	535025456	0	0	0	0
1608054082	545011514	0	0	0	0
1608054082	554830708	0	0	0	0
1608054082	564680194	0	0	0	0
1608054082	574815105	0	0	0	0
1608054082	584794586	0	0	0	0
1608054082	594800892	0	0	0	0
1608054082	604797412	0	0	0	0
1608054082	614820342	0	0	0	0
1608054082	625005024	0	0	0	0
1608054082	635012520	0	0	0	0
1608054082	644972343	0	0	0	0
1608054082	655011055	0	0	0	0
1608054082	664906666	0	0	0	0
1608054082	675000015	0	0	0	0
1608054082	685059852	0	0	0	0
1608054082	695032773	0	0	0	0
1608054082	704989330	0	0	0	0
1608054082	715060745	0	0	0	0
1608054082	725019618	0	0	0	0
1608054082	734985210	0	0	0	0
1608054082	745026130	0	0	0	0
1608054082	755045649	0	0	0	0
1608054082	765016012	0	0	0	0
1608054082	774999776	0	0	0	0
1608054082	784948365	0	0	0	0
1608054082	795014489	0	0	0	0
1608054082	804920122	0	0	0	0
1608054082	814989113	0	0	0	0
1608054082	825037252	0	0	0	0
1608054082	835041656	0	0	0	0
1608054082	844960221	0	0	0	0
1608054082	854939637	0	0	0	0
1608054082	864890104	0	0	0	0
1608054082	874847678	0	0	0	0
1608054082	884783137	0	0	0	0
1608054082	895015998	0	0	0	0
1608054082	905022068	0	0	0	0
1608054082	914778477	0	0	0	0
1608054082	924887501	0	0	0	0
1608054082	934942403	0	0	0	0
1608054082	944971843	0	0	0	0
1608054082	954997206	0	0	0	0
1608054082	964975417	0	0	0	0
1608054082	974935972	0	0	0	0
1608054082	985003383	0	0	0	0
1608054082	995013984	0	0	0	0
1608054083	5094469	0	0	0	0
1608054083	15069413	0	0	0	0
1608054083	24957109	0	0	0	0
1608054083	34978738	0	0	0	0
1608054083	45040523	0	0	0	0
1608054083	55031077	0	0	0	0
1608054083	65038741	0	0	0	0
1608054083	74900205	0	0	0	0
1608054083	85021295	0	0	0	0
1608054083	95023876	0	0	0	0
1608054083	105150979	0	0	0	0
1608054083	115099442	0	0	0	0
1608054083	125007276	0	0	0	0
1608054083	134994029	0	0	0	0
1608054083	144956930	0	0	0	0
1608054083	155134170	0	0	0	0
1608054083	165023710	0	0	0	0
1608054083	174941863	0	0	0	0
1608054083	184888657	0	0	0	0
1608054083	194855062	0	0	0	0
1608054083	205032177	0	0	0	0
1608054083	214944332	0	0	0	0
1608054083	225006287	0	0	0	0
1608054083	235002800	0	0	0	0
1608054083	245017508	0	0	0	0
1608054083	254997687	0	0	0	0
1608054083	265106866	0	0	0	0
1608054083	274809491	0	0	0	0
1608054083	284919319	0	0	0	0
1608054083	294864111	0	0	0	0
1608054083	304957083	0	0	0	0
1608054083	314869613	0	0	0	0
1608054083	324856446	0	0	0	0
1608054083	334802761	0	0	0	0
1608054083	344896426	0	0	0	0
1608054083	354892939	0	0	0	0
1608054083	364929602	0	0	0	0
1608054083	374842953	0	0	0	0
1608054083	384908463	0	0	0	0
1608054083	394845004	0	0	0	0
1608054083	404943387	0	0	0	0
1608054083	414943442	0	0	0	0
1608054083	424973687	0	0	0	0
1608054083	434962213	0	0	0	0
1608054083	445019886	0	0	0	0
1608054083	455026691	0	0	0	0
1608054083	464942474	0	0	0	0
1608054083	475039660	0	0	0	0
1608054083	485019865	0	0	0	0
1608054083	495018370	0	0	0	0
1608054083	505045671	0	0	0	0
1608054083	514976315	0	0	0	0
1608054083	524967194	0	0	0	0
1608054083	535008176	0	0	0	0
1608054083	545037041	0	0	0	0
1608054083	555010686	0	0	0	0
1608054083	565028795	0	0	0	0
1608054083	574932742	0	0	0	0
1608054083	584980066	0	0	0	0
1608054083	594996542	0	0	0	0
1608054083	605039978	0	0	0	0
1608054083	614980126	0	0	0	0
1608054083	625752749	0	0	0	0
1608054083	634942729	0	0	0	0
1608054083	645019728	0	0	0	0
1608054083	655012229	0	0	0	0
1608054083	665026837	0	0	0	0
1608054083	674993253	0	0	0	0
1608054083	684923931	0	0	0	0
1608054083	695004794	0	0	0	0
1608054083	705100891	0	0	0	0
1608054083	715034773	0	0	0	0
1608054083	725011971	0	0	0	0
1608054083	734983420	0	0	0	0
1608054083	745080093	0	0	0	0
1608054083	755001430	0	0	0	0
1608054083	765563456	0	0	0	0
1608054083	774964305	0	0	0	0
1608054083	784942666	0	0	0	0
1608054083	794953530	0	0	0	0
1608054083	805038017	0	0	0	0
1608054083	814975420	0	0	0	0
1608054083	825052442	0	0	0	0
1608054083	835082143	0	0	0	0
1608054083	844971382	0	0	0	0
1608054083	854988386	0	0	0	0
1608054083	864986272	0	0	0	0
1608054083	875019694	0	0	0	0
1608054083	884952685	0	0	0	0
1608054083	895074426	0	0	0	0
1608054083	905046295	0	0	0	0
1608054083	915000425	0	0	0	0
1608054083	925021440	0	0	0	0
1608054083	935028812	0	0	0	0
1608054083	945018137	0	0	0	0
1608054083	954913715	0	0	0	0
1608054083	964863940	0	0	0	0
1608054083	974915807	0	0	0	0
1608054083	985030588	0	0	0	0
1608054083	995074892	0	0	0	0
1608054084	5000347	0	0	0	0
1608054084	15034497	0	0	0	0
1608054084	25027318	0	0	0	0
1608054084	35011415	0	0	0	0
1608054084	44930018	0	0	0	0
1608054084	55013688	0	0	0	0
1608054084	65077146	0	0	0	0
1608054084	75018868	0	0	0	0
1608054084	84961203	0	0	0	0
1608054084	95004854	0	0	0	0
1608054084	105014428	0	0	0	0
1608054084	114985003	0	0	0	0
1608054084	125011054	0	0	0	0
1608054084	135035427	0	0	0	0
1608054084	145010701	0	0	0	0
1608054084	154991634	0	0	0	0
1608054084	165012984	0	0	0	0
1608054084	175053458	0	0	0	0
1608054084	185088493	0	0	0	0
1608054084	194991598	0	0	0	0
1608054084	204961728	0	0	0	0
1608054084	214890745	0	0	0	0
1608054084	224925827	0	0	0	0
1608054084	234997868	0	0	0	0
1608054084	244971989	0	0	0	0
1608054084	254883636	0	0	0	0
1608054084	264955899	0	0	0	0
1608054084	275046339	0	0	0	0
1608054084	285101698	0	0	0	0
1608054084	295063913	0	0	0	0
1608054084	305005782	0	0	0	0
1608054084	314969817	0	0	0	0
1608054084	325063095	0	0	0	0
1608054084	334982812	0	0	0	0
1608054084	345007351	0	0	0	0
1608054084	354855393	0	0	0	0
1608054084	364880433	0	0	0	0
1608054084	374875116	0	0	0	0
1608054084	384920961	0	0	0	0
1608054084	394957201	0	0	0	0
1608054084	404866208	0	0	0	0
1608054084	414875856	0	0	0	0
1608054084	424937149	0	0	0	0
1608054084	434842989	0	0	0	0
1608054084	444927870	0	0	0	0
1608054084	454910940	0	0	0	0
1608054084	464905522	0	0	0	0
1608054084	475040911	0	0	0	0
1608054084	485070341	0	0	0	0
1608054084	495039521	0	0	0	0
1608054084	505077856	0	0	0	0
1608054084	514994927	0	0	0	0
1608054084	524959810	0	0	0	0
1608054084	534942501	0	0	0	0
1608054084	545047479	0	0	0	0
1608054084	555027499	0	0	0	0
1608054084	564875287	0	0	0	0
1608054084	574899711	0	0	0	0
1608054084	584926527	0	0	0	0
1608054084	594904553	0	0	0	0
1608054084	604919626	0	0	0	0
1608054084	614851786	0	0	0	0
1608054084	624908581	0	0	0	0
1608054084	634927747	0	0	0	0
1608054084	644910784	0	0	0	0
1608054084	654879964	0	0	0	0
1608054084	664888002	0	0	0	0
1608054084	674847654	0	0	0	0
1608054084	684999383	0	0	0	0
1608054084	694876563	0	0	0	0
1608054084	705052891	0	0	0	0
1608054084	715050865	0	0	0	0
1608054084	725033966	0	0	0	0
1608054084	735038035	0	0	0	0
1608054084	745055650	0	0	0	0
1608054084	755030681	0	0	0	0
1608054084	764943182	0	0	0	0
1608054084	775001997	0	0	0	0
1608054084	784949731	0	0	0	0
1608054084	794969577	0	0	0	0
1608054084	804942448	0	0	0	0
1608054084	814898379	0	0	0	0
1608054084	824907826	0	0	0	0
1608054084	834936365	0	0	0	0
1608054084	844908967	0	0	0	0
1608054084	854898296	0	0	0	0
1608054084	864919225	0	0	0	0
1608054084	875021468	0	0	0	0
1608054084	885063988	0	0	0	0
1608054084	894995374	0	0	0	0
1608054084	905001899	0	0	0	0
1608054084	914987578	0	0	0	0
1608054084	925089382	0	0	0	0
1608054084	934997387	0	0	0	0
1608054084	945102581	0	0	0	0
1608054084	954965301	0	0	0	0
1608054084	965111032	0	0	0	0
1608054084	974959359	0	0	0	0
1608054084	984952421	0	0	0	0
1608054084	994921839	0	0	0	0
1608054085	4985265	0	0	0	0
1608054085	14917763	0	0	0	0
1608054085	24929292	0	0	0	0
1608054085	34887369	0	0	0	0
1608054085	44880073	0	0	0	0
1608054085	54921929	0	0	0	0
1608054085	64984142	0	0	0	0
1608054085	74977286	0	0	0	0
1608054085	84990278	0	0	0	0
1608054085	95184202	0	0	0	0
1608054085	105332219	0	0	0	0
1608054085	115070359	0	0	0	0
1608054085	125043640	0	0	0	0
1608054085	134912701	0	0	0	0
1608054085	144784719	0	0	0	0
1608054085	155049132	0	0	0	0
1608054085	165060281	0	0	0	0
1608054085	175086395	0	0	0	0
1608054085	185063118	0	0	0	0
1608054085	195021958	0	0	0	0
1608054085	205034621	0	0	0	0
1608054085	214998571	0	0	0	0
1608054085	225051522	0	0	0	0
1608054085	235026455	0	0	0	0
1608054085	244990371	0	0	0	0
1608054085	254840562	0	0	0	0
1608054085	264861326	0	0	0	0
1608054085	274839158	0	0	0	0
1608054085	284844130	0	0	0	0
1608054085	294825585	0	0	0	0
1608054085	304821923	0	0	0	0
1608054085	315019511	0	0	0	0
1608054085	325056668	0	0	0	0
1608054085	335059054	0	0	0	0
1608054085	345076612	0	0	0	0
1608054085	355048222	0	0	0	0
1608054085	365024522	0	0	0	0
1608054085	374983207	0	0	0	0
1608054085	385066839	0	0	0	0
1608054085	395030249	0	0	0	0
1608054085	405041864	0	0	0	0
1608054085	415042381	0	0	0	0
1608054085	425076843	0	0	0	0
1608054085	434937760	0	0	0	0
1608054085	445073651	0	0	0	0
1608054085	455027642	0	0	0	0
1608054085	465001011	0	0	0	0
1608054085	475014937	0	0	0	0
1608054085	484991221	0	0	0	0
1608054085	494884904	0	0	0	0
1608054085	505027319	0	0	0	0
1608054085	514800384	0	0	0	0
1608054085	524760766	0	0	0	0
1608054085	534799650	0	0	0	0
1608054085	544776585	0	0	0	0
1608054085	554896132	0	0	0	0
1608054085	564977479	0	0	0	0
1608054085	575125563	0	0	0	0
1608054085	584854611	0	0	0	0
1608054085	594849983	0	0	0	0
1608054085	604722666	0	0	0	0
1608054085	614866210	0	0	0	0
1608054085	625010409	0	0	0	0
1608054085	635038508	0	0	0	0
1608054085	645119185	0	0	0	0
1608054085	655084763	0	0	0	0
1608054085	665032245	0	0	0	0
1608054085	675056727	0	0	0	0
1608054085	684988484	0	0	0	0
1608054085	695045643	0	0	0	0
1608054085	704999494	0	0	0	0
1608054085	715023040	0	0	0	0
1608054085	725044967	0	0	0	0
1608054085	735110617	0	0	0	0
1608054085	745126604	0	0	0	0
1608054085	755038637	0	0	0	0
1608054085	765059404	0	0	0	0
1608054085	774993491	0	0	0	0
1608054085	785040921	0	0	0	0
1608054085	795075206	0	0	0	0
1608054085	805030305	0	0	0	0
1608054085	815020126	0	0	0	0
1608054085	825059673	0	0	0	0
1608054085	835084934	0	0	0	0
1608054085	844996524	0	0	0	0
1608054085	855092910	0	0	0	0
1608054085	865042542	0	0	0	0
1608054085	874955143	0	0	0	0
1608054085	885070712	0	0	0	0
1608054085	895021765	0	0	0	0
1608054085	905088321	0	0	0	0
1608054085	914952114	0	0	0	0
1608054085	924987229	0	0	0	0
1608054085	935054348	0	0	0	0
1608054085	945053904	0	0	0	0
1608054085	955055986	0	0	0	0
1608054085	965045937	0	0	0	0
1608054085	975043621	0	0	0	0
1608054085	985027206	0	0	0	0
1608054085	994921875	0	0	0	0
1608054086	5027938	0	0	0	0
1608054086	14971293	0	0	0	0
1608054086	24998030	0	0	0	0
1608054086	35525273	0	0	0	0
1608054086	45039478	0	0	0	0
1608054086	55102642	0	0	0	0
1608054086	65075206	0	0	0	0
1608054086	75075300	0	0	0	0
1608054086	85074339	0	0	0	0
1608054086	95053025	0	0	0	0
1608054086	105075503	0	0	0	0
1608054086	114973216	0	0	0	0
1608054086	125049793	0	0	0	0
1608054086	135083085	0	0	0	0
1608054086	145055299	0	0	0	0
1608054086	155022181	0	0	0	0
1608054086	165048139	0	0	0	0
1608054086	174949632	0	0	0	0
1608054086	185072016	0	0	0	0
1608054086	195010563	0	0	0	0
1608054086	204988726	0	0	0	0
1608054086	215062839	0	0	0	0
1608054086	225028775	0	0	0	0
1608054086	235119734	0	0	0	0
1608054086	245001934	0	0	0	0
1608054086	255147442	0	0	0	0
1608054086	265068909	0	0	0	0
1608054086	274986436	0	0	0	0
1608054086	285045015	0	0	0	0
1608054086	295008859	0	0	0	0
1608054086	304997305	0	0	0	0
1608054086	315205130	0	0	0	0
1608054086	325027670	0	0	0	0
1608054086	334976834	0	0	0	0
1608054086	345087298	0	0	0	0
1608054086	355096443	0	0	0	0
1608054086	365098778	0	0	0	0
1608054086	375012363	0	0	0	0
1608054086	385054456	0	0	0	0
1608054086	394965201	0	0	0	0
1608054086	405047358	0	0	0	0
1608054086	415073893	0	0	0	0
1608054086	425071106	0	0	0	0
1608054086	435074776	0	0	0	0
1608054086	445060048	0	0	0	0
1608054086	455063700	0	0	0	0
1608054086	465678525	0	0	0	0
1608054086	474977570	0	0	0	0
1608054086	485026872	0	0	0	0
1608054086	494997047	0	0	0	0
1608054086	505016311	0	0	0	0
1608054086	515057555	0	0	0	0
1608054086	525057252	0	0	0	0
1608054086	535061894	0	0	0	0
1608054086	545065054	0	0	0	0
1608054086	554971082	0	0	0	0
1608054086	565044622	0	0	0	0
1608054086	575044463	0	0	0	0
1608054086	585046404	0	0	0	0
1608054086	594964798	0	0	0	0
1608054086	605049962	0	0	0	0
1608054086	615059598	0	0	0	0
1608054086	625268684	0	0	0	0
1608054086	635125905	0	0	0	0
1608054086	645107534	0	0	0	0
1608054086	655003097	0	0	0	0
1608054086	665033712	0	0	0	0
1608054086	675016034	0	0	0	0
1608054086	685017026	0	0	0	0
1608054086	694999496	0	0	0	0
1608054086	705129028	0	0	0	0
1608054086	715012757	0	0	0	0
1608054086	725115914	0	0	0	0
1608054086	735040499	0	0	0	0
1608054086	744947962	0	0	0	0
1608054086	755148029	0	0	0	0
1608054086	765001413	0	0	0	0
1608054086	774991479	0	0	0	0
1608054086	784913441	0	0	0	0
1608054086	795001423	0	0	0	0
1608054086	804991496	0	0	0	0
1608054086	814973278	0	0	0	0
1608054086	825054809	0	0	0	0
1608054086	834994151	0	0	0	0
1608054086	845030719	0	0	0	0
1608054086	855051084	0	0	0	0
1608054086	865069459	0	0	0	0
1608054086	875054585	0	0	0	0
1608054086	885073318	0	0	0	0
1608054086	895049106	0	0	0	0
1608054086	905116911	0	0	0	0
1608054086	915056539	0	0	0	0
1608054086	925075315	0	0	0	0
1608054086	935037148	0	0	0	0
1608054086	945085142	0	0	0	0
1608054086	955067033	0	0	0	0
1608054086	965033156	0	0	0	0
1608054086	975032411	0	0	0	0
1608054086	985107337	0	0	0	0
1608054086	995099960	0	0	0	0
1608054087	5117470	0	0	0	0
1608054087	15009313	0	0	0	0
1608054087	25046439	0	0	0	0
1608054087	35212939	0	0	0	0
1608054087	45055570	0	0	0	0
1608054087	54967272	0	0	0	0
1608054087	65060848	0	0	0	0
1608054087	75053644	0	0	0	0
1608054087	84898604	0	0	0	0
1608054087	95088152	0	0	0	0
1608054087	105063396	0	0	0	0
1608054087	114982968	0	0	0	0
1608054087	125092600	0	0	0	0
1608054087	134993447	0	0	0	0
1608054087	144987731	0	0	0	0
1608054087	154995603	0	0	0	0
1608054087	165096024	0	0	0	0
1608054087	175040544	0	0	0	0
1608054087	185120168	0	0	0	0
1608054087	194979469	0	0	0	0
1608054087	205080947	0	0	0	0
1608054087	214968440	0	0	0	0
1608054087	225015323	0	0	0	0
1608054087	235090724	0	0	0	0
1608054087	245097157	0	0	0	0
1608054087	255022385	0	0	0	0
1608054087	265035770	0	0	0	0
1608054087	275047752	0	0	0	0
1608054087	285053581	0	0	0	0
1608054087	295112964	0	0	0	0
1608054087	305283701	0	0	0	0
1608054087	315024542	0	0	0	0
1608054087	325094554	0	0	0	0
1608054087	334984639	0	0	0	0
1608054087	345019737	0	0	0	0
1608054087	355028934	0	0	0	0
1608054087	365003195	0	0	0	0
1608054087	375053188	0	0	0	0
1608054087	385124944	0	0	0	0
1608054087	395066408	0	0	0	0
1608054087	405093428	0	0	0	0
1608054087	414996066	0	0	0	0
1608054087	425044107	0	0	0	0
1608054087	435054538	0	0	0	0
1608054087	445052437	0	0	0	0
1608054087	454968663	0	0	0	0
1608054087	465139188	0	0	0	0
1608054087	475478403	0	0	0	0
1608054087	485048679	0	0	0	0
1608054087	495105764	0	0	0	0
1608054087	505019559	0	0	0	0
1608054087	515061921	0	0	0	0
1608054087	525053397	0	0	0	0
1608054087	535086445	0	0	0	0
1608054087	545095705	0	0	0	0
1608054087	555006277	0	0	0	0
1608054087	565081576	0	0	0	0
1608054087	575134922	0	0	0	0
1608054087	585088518	0	0	0	0
1608054087	595075954	0	0	0	0
1608054087	605075881	0	0	0	0
1608054087	615062324	0	0	0	0
1608054087	625144302	0	0	0	0
1608054087	635120436	0	0	0	0
1608054087	644981439	0	0	0	0
1608054087	654848924	0	0	0	0
1608054087	664838055	0	0	0	0
1608054087	674895321	0	0	0	0
1608054087	684879125	0	0	0	0
1608054087	694855189	0	0	0	0
1608054087	705069108	0	0	0	0
1608054087	715106517	0	0	0	0
1608054087	725065891	0	0	0	0
1608054087	735068989	0	0	0	0
1608054087	745031806	0	0	0	0
1608054087	755110271	0	0	0	0
1608054087	765115749	0	0	0	0
1608054087	775012828	0	0	0	0
1608054087	785126832	0	0	0	0
1608054087	795061108	0	0	0	0
1608054087	805023542	0	0	0	0
1608054087	814980413	0	0	0	0
1608054087	825076270	0	0	0	0
1608054087	835044241	0	0	0	0
1608054087	845039605	0	0	0	0
1608054087	855026279	0	0	0	0
1608054087	865100993	0	0	0	0
1608054087	875126516	0	0	0	0
1608054087	885124119	0	0	0	0
1608054087	895152168	0	0	0	0
1608054087	905019998	0	0	0	0
1608054087	915002181	0	0	0	0
1608054087	925092179	0	0	0	0
1608054087	935000135	0	0	0	0
1608054087	944984720	0	0	0	0
1608054087	955039820	0	0	0	0
1608054087	965066725	0	0	0	0
1608054087	975046304	0	0	0	0
1608054087	985067919	0	0	0	0
1608054087	995087538	0	0	0	0
1608054088	5029295	0	0	0	0
1608054088	15032098	0	0	0	0
1608054088	24907922	0	0	0	0
1608054088	34965426	0	0	0	0
1608054088	44959796	0	0	0	0
1608054088	55019374	0	0	0	0
1608054088	65018099	0	0	0	0
1608054088	75018966	0	0	0	0
1608054088	84925744	0	0	0	0
1608054088	95054300	0	0	0	0
1608054088	105099632	0	0	0	0
1608054088	114968711	0	0	0	0
1608054088	125142122	0	0	0	0
1608054088	135064657	0	0	0	0
1608054088	145022951	0	0	0	0
1608054088	155058276	0	0	0	0
1608054088	165067333	0	0	0	0
1608054088	175080190	0	0	0	0
1608054088	185054404	0	0	0	0
1608054088	195109184	0	0	0	0
1608054088	205096893	0	0	0	0
1608054088	214973004	0	0	0	0
1608054088	225074387	0	0	0	0
1608054088	235074487	0	0	0	0
1608054088	245136116	0	0	0	0
1608054088	255141761	0	0	0	0
1608054088	265108688	0	0	0	0
1608054088	275096649	0	0	0	0
1608054088	285058638	0	0	0	0
1608054088	295025338	0	0	0	0
1608054088	305017603	0	0	0	0
1608054088	315077737	0	0	0	0
1608054088	325005728	0	0	0	0
1608054088	335047470	0	0	0	0
1608054088	345091490	0	0	0	0
1608054088	355600329	0	0	0	0
1608054088	365097245	0	0	0	0
1608054088	374984993	0	0	0	0
1608054088	385055844	0	0	0	0
1608054088	395069121	0	0	0	0
1608054088	405026222	0	0	0	0
1608054088	415135941	0	0	0	0
1608054088	425044206	0	0	0	0
1608054088	435027952	0	0	0	0
1608054088	445153261	0	0	0	0
1608054088	455094521	0	0	0	0
1608054088	465057325	0	0	0	0
1608054088	475077035	0	0	0	0
1608054088	485234987	0	0	0	0
1608054088	495040620	0	0	0	0
1608054088	505052862	0	0	0	0
1608054088	515114947	0	0	0	0
1608054088	525011730	0	0	0	0
1608054088	535044736	0	0	0	0
1608054088	545050267	0	0	0	0
1608054088	555119345	0	0	0	0
1608054088	565121782	0	0	0	0
1608054088	575160059	0	0	0	0
1608054088	585076371	0	0	0	0
1608054088	595144176	0	0	0	0
1608054088	605112865	0	0	0	0
1608054088	615012575	0	0	0	0
1608054088	625224148	0	0	0	0
1608054088	634998553	0	0	0	0
1608054088	645093260	0	0	0	0
1608054088	655049578	0	0	0	0
1608054088	665085142	0	0	0	0
1608054088	675070477	0	0	0	0
1608054088	685077399	0	0	0	0
1608054088	695114566	0	0	0	0
1608054088	705112469	0	0	0	0
1608054088	715080924	0	0	0	0
1608054088	725069731	0	0	0	0
1608054088	735100417	0	0	0	0
1608054088	745060182	0	0	0	0
1608054088	755107546	0	0	0	0
1608054088	765063709	0	0	0	0
1608054088	775002661	0	0	0	0
1608054088	785058534	0	0	0	0
1608054088	795210823	0	0	0	0
1608054088	805056918	0	0	0	0
1608054088	815059138	0	0	0	0
1608054088	824999055	0	0	0	0
1608054088	835055654	0	0	0	0
1608054088	845068567	0	0	0	0
1608054088	855103946	0	0	0	0
1608054088	865011433	0	0	0	0
1608054088	875020269	0	0	0	0
1608054088	885067371	0	0	0	0
1608054088	895076400	0	0	0	0
1608054088	905061629	0	0	0	0
1608054088	915073855	0	0	0	0
1608054088	925019233	0	0	0	0
1608054088	935024976	0	0	0	0
1608054088	945072168	0	0	0	0
1608054088	955125354	0	0	0	0
1608054088	965080542	0	0	0	0
1608054088	975054047	0	0	0	0
1608054088	985207071	0	0	0	0
1608054088	995068301	0	0	0	0
1608054089	5086771	0	0	0	0
1608054089	14989715	0	0	0	0
1608054089	25030116	0	0	0	0
1608054089	35047399	0	0	0	0
1608054089	45090915	0	0	0	0
1608054089	55093791	0	0	0	0
1608054089	65052236	0	0	0	0
1608054089	75076214	0	0	0	0
1608054089	85099220	0	0	0	0
1608054089	95044772	0	0	0	0
1608054089	105051684	0	0	0	0
1608054089	114974954	0	0	0	0
1608054089	125068868	0	0	0	0
1608054089	135072706	0	0	0	0
1608054089	145081296	0	0	0	0
1608054089	155760998	0	0	0	0
1608054089	165092388	0	0	0	0
1608054089	175099089	0	0	0	0
1608054089	185065143	0	0	0	0
1608054089	195065445	0	0	0	0
1608054089	205104016	0	0	0	0
1608054089	214974691	0	0	0	0
1608054089	225214129	0	0	0	0
1608054089	235070528	0	0	0	0
1608054089	245068766	0	0	0	0
1608054089	255087371	0	0	0	0
1608054089	265089470	0	0	0	0
1608054089	275094328	0	0	0	0
1608054089	285052999	0	0	0	0
1608054089	295187349	0	0	0	0
1608054089	305632059	0	0	0	0
1608054089	315070698	0	0	0	0
1608054089	325019751	0	0	0	0
1608054089	335014496	0	0	0	0
1608054089	345037128	0	0	0	0
1608054089	355102196	0	0	0	0
1608054089	365070899	0	0	0	0
1608054089	375052076	0	0	0	0
1608054089	385030710	0	0	0	0
1608054089	395050170	0	0	0	0
1608054089	405061117	0	0	0	0
1608054089	414980806	0	0	0	0
1608054089	425082619	0	0	0	0
1608054089	435110826	0	0	0	0
1608054089	445075659	0	0	0	0
1608054089	455117676	0	0	0	0
1608054089	465090573	0	0	0	0
1608054089	475099084	0	0	0	0
1608054089	485131905	0	0	0	0
1608054089	495161957	0	0	0	0
1608054089	505024806	0	0	0	0
1608054089	514991744	0	0	0	0
1608054089	525043869	0	0	0	0
1608054089	535149662	0	0	0	0
1608054089	545131564	0	0	0	0
1608054089	555110335	0	0	0	0
1608054089	565032127	0	0	0	0
1608054089	574930231	0	0	0	0
1608054089	585084906	0	0	0	0
1608054089	595359249	0	0	0	0
1608054089	604930661	0	0	0	0
1608054089	615019311	0	0	0	0
1608054089	625098533	0	0	0	0
1608054089	635181918	0	0	0	0
1608054089	645154280	0	0	0	0
1608054089	655033007	0	0	0	0
1608054089	665074160	0	0	0	0
1608054089	675011449	0	0	0	0
1608054089	685088491	0	0	0	0
1608054089	695013094	0	0	0	0
1608054089	705050491	0	0	0	0
1608054089	715016117	0	0	0	0
1608054089	725045129	0	0	0	0
1608054089	735249685	0	0	0	0
1608054089	745082738	0	0	0	0
1608054089	755108205	0	0	0	0
1608054089	765134802	0	0	0	0
1608054089	775050101	0	0	0	0
1608054089	785059011	0	0	0	0
1608054089	794986137	0	0	0	0
1608054089	805061750	0	0	0	0
1608054089	815044372	0	0	0	0
1608054089	825078494	0	0	0	0
1608054089	835056242	0	0	0	0
1608054089	845069450	0	0	0	0
1608054089	855085923	0	0	0	0
1608054089	865087959	0	0	0	0
1608054089	875086301	0	0	0	0
1608054089	885090273	0	0	0	0
1608054089	895040535	0	0	0	0
1608054089	905090114	0	0	0	0
1608054089	915029671	0	0	0	0
1608054089	925123469	0	0	0	0
1608054089	935127476	0	0	0	0
1608054089	945062180	0	0	0	0
1608054089	955016538	0	0	0	0
1608054089	965075157	0	0	0	0
1608054089	975070747	0	0	0	0
1608054089	985111692	0	0	0	0
1608054089	995104776	0	0	0	0
1608054090	5048609	0	0	0	0
1608054090	15027283	0	0	0	0
1608054090	25059486	0	0	0	0
1608054090	35121418	0	0	0	0
1608054090	45209525	0	0	0	0
1608054090	55084908	0	0	0	0
1608054090	65070252	0	0	0	0
1608054090	75031983	0	0	0	0
1608054090	85114662	0	0	0	0
1608054090	95072197	0	0	0	0
1608054090	105052559	0	0	0	0
1608054090	115029140	0	0	0	0
1608054090	125103592	0	0	0	0
1608054090	135045193	0	0	0	0
1608054090	145030391	0	0	0	0
1608054090	155092108	0	0	0	0
1608054090	165030736	0	0	0	0
1608054090	175007827	0	0	0	0
1608054090	185096161	0	0	0	0
1608054090	195063036	0	0	0	0
1608054090	205068960	0	0	0	0
1608054090	215049673	0	0	0	0
1608054090	225049676	0	0	0	0
1608054090	235168767	0	0	0	0
1608054090	245063530	0	0	0	0
1608054090	255094101	0	0	0	0
1608054090	265051133	0	0	0	0
1608054090	275068357	0	0	0	0
1608054090	285091010	0	0	0	0
1608054090	295051858	0	0	0	0
1608054090	305109820	0	0	0	0
1608054090	315026159	0	0	0	0
1608054090	325104449	0	0	0	0
1608054090	335064104	0	0	0	0
1608054090	345085205	0	0	0	0
1608054090	355074966	0	0	0	0
1608054090	365101482	0	0	0	0
1608054090	375075746	0	0	0	0
1608054090	385069916	0	0	0	0
1608054090	395110663	0	0	0	0
1608054090	405066698	0	0	0	0
1608054090	415003789	0	0	0	0
1608054090	425124391	0	0	0	0
1608054090	435078163	0	0	0	0
1608054090	445024254	0	0	0	0
1608054090	455076358	0	0	0	0
1608054090	465097799	0	0	0	0
1608054090	475068239	0	0	0	0
1608054090	485060741	0	0	0	0
1608054090	495155746	0	0	0	0
1608054090	505072044	0	0	0	0
1608054090	515097482	0	0	0	0
1608054090	525069921	0	0	0	0
1608054090	535192545	0	0	0	0
1608054090	545212646	0	0	0	0
1608054090	555158550	0	0	0	0
1608054090	565093520	0	0	0	0
1608054090	575064398	0	0	0	0
1608054090	585102386	0	0	0	0
1608054090	595101695	0	0	0	0
1608054090	605171558	0	0	0	0
1608054090	615110456	0	0	0	0
1608054090	625012135	0	0	0	0
1608054090	635148577	0	0	0	0
1608054090	645192847	0	0	0	0
1608054090	655087836	0	0	0	0
1608054090	665095970	0	0	0	0
1608054090	675068958	0	0	0	0
1608054090	685124829	0	0	0	0
1608054090	695093998	0	0	0	0
1608054090	705076985	0	0	0	0
1608054090	715096016	0	0	0	0
1608054090	725124142	0	0	0	0
1608054090	735074238	0	0	0	0
1608054090	745094706	0	0	0	0
1608054090	755049651	0	0	0	0
1608054090	765435667	0	0	0	0
1608054090	775187177	0	0	0	0
1608054090	785101945	0	0	0	0
1608054090	795148053	0	0	0	0
1608054090	805116910	0	0	0	0
1608054090	815076060	0	0	0	0
1608054090	825114474	0	0	0	0
1608054090	835197816	0	0	0	0
1608054090	844987419	0	0	0	0
1608054090	854893755	0	0	0	0
1608054090	865077806	0	0	0	0
1608054090	875090560	0	0	0	0
1608054090	885160894	0	0	0	0
1608054090	895715125	0	0	0	0
1608054090	905136071	0	0	0	0
1608054090	915087157	0	0	0	0
1608054090	925107236	0	0	0	0
1608054090	935007657	0	0	0	0
1608054090	944945115	0	0	0	0
1608054090	955093777	0	0	0	0
1608054090	965092577	0	0	0	0
