time_sec	time_nanosec	joint_velocity_0	joint_velocity_1	joint_velocity_2	joint_velocity_3
1608147966	160277276	0	0	0	0
1608147966	170096740	0	0	0	0
1608147966	180202439	0	0	0	0
1608147966	190376608	0	0	0	0
1608147966	200309600	0	0	0	0
1608147966	210276659	0	0	0	0
1608147966	220278962	0	0	0	0
1608147966	230283506	0	0	0	0
1608147966	240341806	0	0	0	0
1608147966	250258298	0	0	0	0
1608147966	260317536	0	0	0	0
1608147966	270283601	0	0	0	0
1608147966	280310814	0	0	0	0
1608147966	290326084	0	0	0	0
1608147966	300239532	0	0	0	0
1608147966	310338456	0	0	0	0
1608147966	320277708	0	0	0	0
1608147966	330259171	0	0	0	0
1608147966	340350602	0	0	0	0
1608147966	350308380	0	0	0	0
1608147966	360332798	0	0	0	0
1608147966	370339614	0	0	0	0
1608147966	380247491	0	0	0	0
1608147966	390305262	0	0	0	0
1608147966	400311843	0	0	0	0
1608147966	410271496	0	0	0	0
1608147966	420296555	0	0	0	0
1608147966	430259310	0	0	0	0
1608147966	440281516	0	0	0	0
1608147966	450284781	0	0	0	0
1608147966	460337650	0	0	0	0
1608147966	470311590	0	0	0	0
1608147966	480243592	0	0	0	0
1608147966	490333482	0	0	0	0
1608147966	500275537	0	0	0	0
1608147966	510236207	0	0	0	0
1608147966	520492213	0	0	0	0
1608147966	530336545	0	0	0	0
1608147966	540305269	0	0	0	0
1608147966	550319042	0	0	0	0
1608147966	560284036	0	0	0	0
1608147966	570269578	0	0	0	0
1608147966	580313499	0	0	0	0
1608147966	590314686	0	0	0	0
1608147966	600285359	0	0	0	0
1608147966	610244904	0	0	0	0
1608147966	620317308	0	0	0	0
1608147966	630320166	0	0	0	0
1608147966	640476784	0	0	0	0
1608147966	650298160	0	0	0	0
1608147966	660311012	0	0	0	0
1608147966	670331782	0	0	0	0
1608147966	680312257	0	0	0	0
1608147966	690293353	0	0	0	0
1608147966	700344812	0	0	0	0
1608147966	710283201	0	0	0	0
1608147966	720253203	0	0	0	0
1608147966	730319408	0	0	0	0
1608147966	740285501	0	0	0	0
1608147966	750137567	0	0	0	0
1608147966	760123847	0	0	0	0
1608147966	770155375	0	0	0	0
1608147966	780069501	0	0	0	0
1608147966	790247077	0	0	0	0
1608147966	800072179	0	0	0	0
1608147966	810092007	0	0	0	0
1608147966	820132253	0	0	0	0
1608147966	830093556	0	0	0	0
1608147966	840162240	0	0	0	0
1608147966	850141551	0	0	0	0
1608147966	860083676	0	0	0	0
1608147966	870263962	0	0	0	0
1608147966	880104147	0	0	0	0
1608147966	890342825	0	0	0	0
1608147966	900210295	0	0	0	0
1608147966	910071097	0	0	0	0
1608147966	920111875	0	0	0	0
1608147966	930329845	0	0	0	0
1608147966	940212300	0	0	0	0
1608147966	950136865	0	0	0	0
1608147966	960070487	0	0	0	0
1608147966	970128149	0	0	0	0
1608147966	980179619	0	0	0	0
1608147966	990247366	0	0	0	0
1608147967	270433	0	0	0	0
1608147967	10266110	0	0	0	0
1608147967	20317830	0	0	0	0
1608147967	30312587	0	0	0	0
1608147967	40339183	0	0	0	0
1608147967	50320318	0	0	0	0
1608147967	60319993	0	0	0	0
1608147967	70320502	0	0	0	0
1608147967	80321243	0	0	0	0
1608147967	90347926	0	0	0	0
1608147967	100285570	0	0	0	0
1608147967	110278107	0	0	0	0
1608147967	120250433	0	0	0	0
1608147967	130334462	0	0	0	0
1608147967	140314154	0	0	0	0
1608147967	150252106	0	0	0	0
1608147967	160231915	0	0	0	0
1608147967	170306815	0	0	0	0
1608147967	180293358	0	0	0	0
1608147967	190499725	0	0	0	0
1608147967	200310961	0	0	0	0
1608147967	210352697	0	0	0	0
1608147967	220433404	0	0	0	0
1608147967	230255377	0	0	0	0
1608147967	240302843	0	0	0	0
1608147967	250342718	0	0	0	0
1608147967	260328704	0	0	0	0
1608147967	270316978	0	0	0	0
1608147967	280322053	0	0	0	0
1608147967	290327711	0	0	0	0
1608147967	300283800	0	0	0	0
1608147967	310344407	0	0	0	0
1608147967	320322497	0	0	0	0
1608147967	330332374	0	0	0	0
1608147967	340339997	0	0	0	0
1608147967	350320428	0	0	0	0
1608147967	360278096	0	0	0	0
1608147967	370261406	0	0	0	0
1608147967	380326949	0	0	0	0
1608147967	390319463	0	0	0	0
1608147967	400282022	0	0	0	0
1608147967	410331065	0	0	0	0
1608147967	420324461	0	0	0	0
1608147967	430354225	0	0	0	0
1608147967	440301373	0	0	0	0
1608147967	450304794	0	0	0	0
1608147967	460302160	0	0	0	0
1608147967	470293730	0	0	0	0
1608147967	480315320	0	0	0	0
1608147967	490311157	0	0	0	0
1608147967	500256865	0	0	0	0
1608147967	510305106	0	0	0	0
1608147967	520379811	0	0	0	0
1608147967	530341898	0	0	0	0
1608147967	540319587	0	0	0	0
1608147967	550260213	0	0	0	0
1608147967	560251133	0	0	0	0
1608147967	570263951	0	0	0	0
1608147967	580302184	0	0	0	0
1608147967	590290910	0	0	0	0
1608147967	600289568	0	0	0	0
1608147967	610346790	0	0	0	0
1608147967	620336500	0	0	0	0
1608147967	630308320	0	0	0	0
1608147967	640226346	0	0	0	0
1608147967	650298452	0	0	0	0
1608147967	660300913	0	0	0	0
1608147967	670243643	0	0	0	0
1608147967	680334848	0	0	0	0
1608147967	690250398	0	0	0	0
1608147967	700330080	0	0	0	0
1608147967	710307218	0	0	0	0
1608147967	720417586	0	0	0	0
1608147967	730238366	0	0	0	0
1608147967	740240820	0	0	0	0
1608147967	750484687	0	0	0	0
1608147967	760363184	0	0	0	0
1608147967	770311998	0	0	0	0
1608147967	780341667	0	0	0	0
1608147967	790276794	0	0	0	0
1608147967	800302842	0	0	0	0
1608147967	810324479	0	0	0	0
1608147967	820312919	0	0	0	0
1608147967	830249641	0	0	0	0
1608147967	840325467	0	0	0	0
1608147967	850299984	0	0	0	0
1608147967	860264591	0	0	0	0
1608147967	870348123	0	0	0	0
1608147967	880311640	0	0	0	0
1608147967	890299896	0	0	0	0
1608147967	900314807	0	0	0	0
1608147967	910327699	0	0	0	0
1608147967	920358758	0	0	0	0
1608147967	930294793	0	0	0	0
1608147967	940305204	0	0	0	0
1608147967	950325106	0	0	0	0
1608147967	960306075	0	0	0	0
1608147967	970239163	0	0	0	0
1608147967	980295614	0	0	0	0
1608147967	990295007	0	0	0	0
1608147968	369420	0	0	0	0
1608147968	10326433	0	0	0	0
1608147968	20328340	0	0	0	0
1608147968	30374595	0	0	0	0
1608147968	40111764	0	0	0	0
1608147968	50056776	0	0	0	0
1608147968	60015556	0	0	0	0
1608147968	70154657	0	0	0	0
1608147968	80078517	0	0	0	0
1608147968	90161044	0	0	0	0
1608147968	100118463	0	0	0	0
1608147968	110091391	0	0	0	0
1608147968	120066750	0	0	0	0
1608147968	130107061	0	0	0	0
1608147968	140080031	0	0	0	0
1608147968	150065487	0	0	0	0
1608147968	160096315	0	0	0	0
1608147968	170073378	0	0	0	0
1608147968	180131476	0	0	0	0
1608147968	190270108	0	0	0	0
1608147968	200361408	0	0	0	0
1608147968	210351744	0	0	0	0
1608147968	220316085	0	0	0	0
1608147968	230370527	0	0	0	0
1608147968	240327642	0	0	0	0
1608147968	250340190	0	0	0	0
1608147968	260316969	0	0	0	0
1608147968	270331988	0	0	0	0
1608147968	280327916	0	0	0	0
1608147968	290306128	0	0	0	0
1608147968	300268301	0	0	0	0
1608147968	310454080	0	0	0	0
1608147968	320272458	0	0	0	0
1608147968	330398985	0	0	0	0
1608147968	340338055	0	0	0	0
1608147968	350268020	0	0	0	0
1608147968	360330458	0	0	0	0
1608147968	370309924	0	0	0	0
1608147968	380497174	0	0	0	0
1608147968	390246760	0	0	0	0
1608147968	400327372	0	0	0	0
1608147968	410352465	0	0	0	0
1608147968	420299722	0	0	0	0
1608147968	430332494	0	0	0	0
1608147968	440345911	0	0	0	0
1608147968	450289685	0	0	0	0
1608147968	460293394	0	0	0	0
1608147968	470381063	0	0	0	0
1608147968	480178789	0	0	0	0
1608147968	490189959	0	0	0	0
1608147968	500252926	0	0	0	0
1608147968	510251444	0	0	0	0
1608147968	520232913	0	0	0	0
1608147968	530218861	0	0	0	0
1608147968	540261196	0	0	0	0
1608147968	550299583	0	0	0	0
1608147968	560219770	0	0	0	0
1608147968	570201740	0	0	0	0
1608147968	580291869	0	0	0	0
1608147968	590291943	0	0	0	0
1608147968	600294627	0	0	0	0
1608147968	610304840	0	0	0	0
1608147968	620272452	0	0	0	0
1608147968	630289890	0	0	0	0
1608147968	640288723	0	0	0	0
1608147968	650305656	0	0	0	0
1608147968	660274464	0	0	0	0
1608147968	670204995	0	0	0	0
1608147968	680284338	0	0	0	0
1608147968	690376424	0	0	0	0
1608147968	700314983	0	0	0	0
1608147968	710371216	0	0	0	0
1608147968	720281367	0	0	0	0
1608147968	730238793	0	0	0	0
1608147968	740236926	0	0	0	0
1608147968	750293928	0	0	0	0
1608147968	760274819	0	0	0	0
1608147968	770373121	0	0	0	0
1608147968	780303393	0	0	0	0
1608147968	790356024	0	0	0	0
1608147968	800314527	0	0	0	0
1608147968	810269588	0	0	0	0
1608147968	820361435	0	0	0	0
1608147968	830326496	0	0	0	0
1608147968	840308926	0	0	0	0
1608147968	850278746	0	0	0	0
1608147968	860334867	0	0	0	0
1608147968	870361741	0	0	0	0
1608147968	880275339	0	0	0	0
1608147968	890275607	0	0	0	0
1608147968	900328151	0	0	0	0
1608147968	910259381	0	0	0	0
1608147968	920334645	0	0	0	0
1608147968	930280955	0	0	0	0
1608147968	940356061	0	0	0	0
1608147968	950320258	0	0	0	0
1608147968	960369009	0	0	0	0
1608147968	970303150	0	0	0	0
1608147968	980303468	0	0	0	0
1608147968	990639531	0	0	0	0
1608147969	360993	0	0	0	0
1608147969	10274663	0	0	0	0
1608147969	20317848	0	0	0	0
1608147969	30330869	0	0	0	0
1608147969	40336705	0	0	0	0
1608147969	50355626	0	0	0	0
1608147969	60305005	0	0	0	0
1608147969	70313263	0	0	0	0
1608147969	80298381	0	0	0	0
1608147969	90380290	0	0	0	0
1608147969	100356875	0	0	0	0
1608147969	110338891	0	0	0	0
1608147969	120324329	0	0	0	0
1608147969	130281751	0	0	0	0
1608147969	140391645	0	0	0	0
1608147969	150295240	0	0	0	0
1608147969	160346116	0	0	0	0
1608147969	170329727	0	0	0	0
1608147969	180332482	0	0	0	0
1608147969	190324216	0	0	0	0
1608147969	200402990	0	0	0	0
1608147969	210335336	0	0	0	0
1608147969	220332487	0	0	0	0
1608147969	230369631	0	0	0	0
1608147969	240359345	0	0	0	0
1608147969	250288219	0	0	0	0
1608147969	260358610	0	0	0	0
1608147969	270349173	0	0	0	0
1608147969	280224721	0	0	0	0
1608147969	290361792	0	0	0	0
1608147969	300351164	0	0	0	0
1608147969	310362678	0	0	0	0
1608147969	320361274	0	0	0	0
1608147969	330364968	0	0	0	0
1608147969	340342815	0	0	0	0
1608147969	350389839	0	0	0	0
1608147969	360349644	0	0	0	0
1608147969	370323158	0	0	0	0
1608147969	380357773	0	0	0	0
1608147969	390360352	0	0	0	0
1608147969	400300274	0	0	0	0
1608147969	410274225	0	0	0	0
1608147969	420346354	0	0	0	0
1608147969	430317415	0	0	0	0
1608147969	440348096	0	0	0	0
1608147969	450383002	0	0	0	0
1608147969	460250304	0	0	0	0
1608147969	470374257	0	0	0	0
1608147969	480300676	0	0	0	0
1608147969	490331800	0	0	0	0
1608147969	500365039	0	0	0	0
1608147969	510349326	0	0	0	0
1608147969	520350624	0	0	0	0
1608147969	530310049	0	0	0	0
1608147969	540283458	0	0	0	0
1608147969	550345387	0	0	0	0
1608147969	560307356	0	0	0	0
1608147969	570389830	0	0	0	0
1608147969	580360899	0	0	0	0
1608147969	590282852	0	0	0	0
1608147969	600368213	0	0	0	0
1608147969	610388347	0	0	0	0
1608147969	620307912	0	0	0	0
1608147969	630383106	0	0	0	0
1608147969	640286687	0	0	0	0
1608147969	650330096	0	0	0	0
1608147969	660428533	0	0	0	0
1608147969	670268316	0	0	0	0
1608147969	680430667	0	0	0	0
1608147969	690357238	0	0	0	0
1608147969	700285113	0	0	0	0
1608147969	710353530	0	0	0	0
1608147969	720368333	0	0	0	0
1608147969	730171175	0	0	0	0
1608147969	740263631	0	0	0	0
1608147969	750331625	0	0	0	0
1608147969	760365365	0	0	0	0
1608147969	770342939	0	0	0	0
1608147969	780282456	0	0	0	0
1608147969	790372579	0	0	0	0
1608147969	800339774	0	0	0	0
1608147969	810321527	0	0	0	0
1608147969	820337151	0	0	0	0
1608147969	830295344	0	0	0	0
1608147969	840315763	0	0	0	0
1608147969	850322244	0	0	0	0
1608147969	860356589	0	0	0	0
1608147969	870343194	0	0	0	0
1608147969	880382754	0	0	0	0
1608147969	890306604	0	0	0	0
1608147969	900359117	0	0	0	0
1608147969	910391490	0	0	0	0
1608147969	920351269	0	0	0	0
1608147969	930331278	0	0	0	0
1608147969	940331156	0	0	0	0
1608147969	950353048	0	0	0	0
1608147969	960361671	0	0	0	0
1608147969	970220326	0	0	0	0
1608147969	980238731	0	0	0	0
1608147969	990245673	0	0	0	0
1608147970	225833	0	0	0	0
1608147970	10246915	0	0	0	0
1608147970	20163279	0	0	0	0
1608147970	30264236	0	0	0	0
1608147970	40242366	0	0	0	0
1608147970	50273992	0	0	0	0
1608147970	60409521	0	0	0	0
1608147970	70209555	0	0	0	0
1608147970	80237083	0	0	0	0
1608147970	90268639	0	0	0	0
1608147970	100256138	0	0	0	0
1608147970	110412147	0	0	0	0
1608147970	120169893	0	0	0	0
1608147970	130164641	0	0	0	0
1608147970	140193482	0	0	0	0
1608147970	150125374	0	0	0	0
1608147970	160275817	0	0	0	0
1608147970	170235652	0	0	0	0
1608147970	180309789	0	0	0	0
1608147970	190358436	0	0	0	0
1608147970	200299059	0	0	0	0
1608147970	210314907	0	0	0	0
1608147970	220278827	0	0	0	0
1608147970	230501522	0	0	0	0
1608147970	240339807	0	0	0	0
1608147970	250389475	0	0	0	0
1608147970	260399962	0	0	0	0
1608147970	270331005	0	0	0	0
1608147970	280357075	0	0	0	0
1608147970	290598686	0	0	0	0
1608147970	300368204	0	0	0	0
1608147970	310306217	0	0	0	0
1608147970	320323755	0	0	0	0
1608147970	330341236	0	0	0	0
1608147970	340432623	0	0	0	0
1608147970	350374626	0	0	0	0
1608147970	360331159	0	0	0	0
1608147970	370344319	0	0	0	0
1608147970	380322348	0	0	0	0
1608147970	390331258	0	0	0	0
1608147970	400306222	0	0	0	0
1608147970	410305658	0	0	0	0
1608147970	420294639	0	0	0	0
1608147970	430398221	0	0	0	0
1608147970	440367245	0	0	0	0
1608147970	450347485	0	0	0	0
1608147970	460324915	0	0	0	0
1608147970	470336307	0	0	0	0
1608147970	480281560	0	0	0	0
1608147970	490277982	0	0	0	0
1608147970	500359919	0	0	0	0
1608147970	510386022	0	0	0	0
1608147970	520509107	0	0	0	0
1608147970	530424367	0	0	0	0
1608147970	540601279	0	0	0	0
1608147970	550426103	0	0	0	0
1608147970	560284147	0	0	0	0
1608147970	570294985	0	0	0	0
1608147970	580407094	0	0	0	0
1608147970	590384378	0	0	0	0
1608147970	600321994	0	0	0	0
1608147970	610307930	0	0	0	0
1608147970	620327260	0	0	0	0
1608147970	630328013	0	0	0	0
1608147970	640387336	0	0	0	0
1608147970	650274401	0	0	0	0
1608147970	660286170	0	0	0	0
1608147970	670387132	0	0	0	0
1608147970	680369275	0	0	0	0
1608147970	690338961	0	0	0	0
1608147970	700302935	0	0	0	0
1608147970	710337428	0	0	0	0
1608147970	720353979	0	0	0	0
1608147970	730330180	0	0	0	0
1608147970	740332968	0	0	0	0
1608147970	750292505	0	0	0	0
1608147970	760347711	0	0	0	0
1608147970	770329978	0	0	0	0
1608147970	780387397	0	0	0	0
1608147970	790327746	0	0	0	0
1608147970	800367305	0	0	0	0
1608147970	810426598	0	0	0	0
1608147970	820351624	0	0	0	0
1608147970	830364162	0	0	0	0
1608147970	840382729	0	0	0	0
1608147970	850337436	0	0	0	0
1608147970	860332985	0	0	0	0
1608147970	870332752	0	0	0	0
1608147970	880357002	0	0	0	0
1608147970	890349287	0	0	0	0
1608147970	900261177	0	0	0	0
1608147970	910285575	0	0	0	0
1608147970	920366774	0	0	0	0
1608147970	930359232	0	0	0	0
1608147970	940356086	0	0	0	0
1608147970	950359915	0	0	0	0
1608147970	960327070	0	0	0	0
1608147970	970334614	0	0	0	0
1608147970	980327250	0	0	0	0
1608147970	990379856	0	0	0	0
1608147971	347370	0	0	0	0
1608147971	10366736	0	0	0	0
1608147971	20297909	0	0	0	0
1608147971	30422529	0	0	0	0
1608147971	40353879	0	0	0	0
1608147971	50473528	0	0	0	0
1608147971	60355229	0	0	0	0
1608147971	70374501	0	0	0	0
1608147971	80358157	0	0	0	0
1608147971	90331240	0	0	0	0
1608147971	100303277	0	0	0	0
1608147971	110340717	0	0	0	0
1608147971	120346412	0	0	0	0
1608147971	130368369	0	0	0	0
1608147971	140293166	0	0	0	0
1608147971	150363207	0	0	0	0
1608147971	160357320	0	0	0	0
1608147971	170370524	0	0	0	0
1608147971	180310366	0	0	0	0
1608147971	190405881	0	0	0	0
1608147971	200366759	0	0	0	0
1608147971	210430801	0	0	0	0
1608147971	220331880	0	0	0	0
1608147971	230385288	0	0	0	0
1608147971	240394624	0	0	0	0
1608147971	250313788	0	0	0	0
1608147971	260342847	0	0	0	0
1608147971	270322062	0	0	0	0
1608147971	280351018	0	0	0	0
1608147971	290311655	0	0	0	0
1608147971	300348604	0	0	0	0
1608147971	310397231	0	0	0	0
1608147971	320458957	0	0	0	0
1608147971	330355560	0	0	0	0
1608147971	340346636	0	0	0	0
1608147971	350294797	0	0	0	0
1608147971	360379790	0	0	0	0
1608147971	370341065	0	0	0	0
1608147971	380293409	0	0	0	0
1608147971	390354484	0	0	0	0
1608147971	400356536	0	0	0	0
1608147971	410406221	0	0	0	0
1608147971	420374175	0	0	0	0
1608147971	430371685	0	0	0	0
1608147971	440356821	0	0	0	0
1608147971	450331518	0	0	0	0
1608147971	460358663	0	0	0	0
1608147971	470322626	0	0	0	0
1608147971	480343812	0	0	0	0
1608147971	490381426	0	0	0	0
1608147971	500359333	0	0	0	0
1608147971	510337870	0	0	0	0
1608147971	520343802	0	0	0	0
1608147971	530387947	0	0	0	0
1608147971	540433182	0	0	0	0
1608147971	550397471	0	0	0	0
1608147971	560355924	0	0	0	0
1608147971	570378527	0	0	0	0
1608147971	580304845	0	0	0	0
1608147971	590345917	0	0	0	0
1608147971	600350972	0	0	0	0
1608147971	610339946	0	0	0	0
1608147971	620379953	0	0	0	0
1608147971	630316498	0	0	0	0
1608147971	640320296	0	0	0	0
1608147971	650376673	0	0	0	0
1608147971	660364969	0	0	0	0
1608147971	670337599	0	0	0	0
1608147971	680315914	0	0	0	0
1608147971	690316080	0	0	0	0
1608147971	700394752	0	0	0	0
1608147971	710338964	0	0	0	0
1608147971	720365923	0	0	0	0
1608147971	730372249	0	0	0	0
1608147971	740354278	0	0	0	0
1608147971	750329786	0	0	0	0
1608147971	760303094	0	0	0	0
1608147971	770335040	0	0	0	0
1608147971	780391813	0	0	0	0
1608147971	790346760	0	0	0	0
1608147971	800297771	0	0	0	0
1608147971	810350765	0	0	0	0
1608147971	820366438	0	0	0	0
1608147971	830349860	0	0	0	0
1608147971	840303545	0	0	0	0
1608147971	850300574	0	0	0	0
1608147971	860309591	0	0	0	0
1608147971	870343143	0	0	0	0
1608147971	880607720	0	0	0	0
1608147971	890332937	0	0	0	0
1608147971	900345760	0	0	0	0
1608147971	910337385	0	0	0	0
1608147971	920369174	0	0	0	0
1608147971	930350185	0	0	0	0
1608147971	940400753	0	0	0	0
1608147971	950348516	0	0	0	0
1608147971	960582461	0	0	0	0
1608147971	970350093	0	0	0	0
1608147971	980411163	0	0	0	0
1608147971	990541852	0	0	0	0
1608147972	364283	0	0	0	0
1608147972	10351114	0	0	0	0
1608147972	20369711	0	0	0	0
1608147972	30371529	0	0	0	0
1608147972	40368687	0	0	0	0
1608147972	50355376	0	0	0	0
1608147972	60351328	0	0	0	0
1608147972	70354821	0	0	0	0
1608147972	80339713	0	0	0	0
1608147972	90387777	0	0	0	0
1608147972	100380853	0	0	0	0
1608147972	110430339	0	0	0	0
1608147972	120390652	0	0	0	0
1608147972	130325648	0	0	0	0
1608147972	140341110	0	0	0	0
1608147972	150308429	0	0	0	0
1608147972	160358975	0	0	0	0
1608147972	170319767	0	0	0	0
1608147972	180415765	0	0	0	0
1608147972	190419080	0	0	0	0
1608147972	200370670	0	0	0	0
1608147972	210325055	0	0	0	0
1608147972	220310331	0	0	0	0
1608147972	230317850	0	0	0	0
1608147972	240314691	0	0	0	0
1608147972	250325042	0	0	0	0
1608147972	260406656	0	0	0	0
1608147972	270403084	0	0	0	0
1608147972	280385457	0	0	0	0
1608147972	290357666	0	0	0	0
1608147972	300356249	0	0	0	0
1608147972	310396766	0	0	0	0
1608147972	320329617	0	0	0	0
1608147972	330323862	0	0	0	0
1608147972	340309752	0	0	0	0
1608147972	350332763	0	0	0	0
1608147972	360263417	0	0	0	0
1608147972	370300720	0	0	0	0
1608147972	380221209	0	0	0	0
1608147972	390179731	0	0	0	0
1608147972	400220578	0	0	0	0
1608147972	410261159	0	0	0	0
1608147972	420216881	0	0	0	0
1608147972	430205025	0	0	0	0
1608147972	440185767	0	0	0	0
1608147972	450321206	0	0	0	0
1608147972	460303769	0	0	0	0
1608147972	470254185	0	0	0	0
1608147972	480288382	0	0	0	0
1608147972	490432390	0	0	0	0
1608147972	500255596	0	0	0	0
1608147972	510387953	0	0	0	0
1608147972	520316649	0	0	0	0
1608147972	530223872	0	0	0	0
1608147972	540285531	0	0	0	0
1608147972	550512295	0	0	0	0
1608147972	560392187	0	0	0	0
1608147972	570328835	0	0	0	0
1608147972	580251524	0	0	0	0
1608147972	590289531	0	0	0	0
1608147972	600272356	0	0	0	0
1608147972	610252368	0	0	0	0
1608147972	620257281	0	0	0	0
1608147972	630252230	0	0	0	0
1608147972	640277820	0	0	0	0
1608147972	650211933	0	0	0	0
1608147972	660348269	0	0	0	0
1608147972	670261555	0	0	0	0
1608147972	680341761	0	0	0	0
1608147972	690311021	0	0	0	0
1608147972	700226036	0	0	0	0
1608147972	710286150	0	0	0	0
1608147972	720253058	0	0	0	0
1608147972	730222921	0	0	0	0
1608147972	740456615	0	0	0	0
1608147972	750354078	0	0	0	0
1608147972	760441459	0	0	0	0
1608147972	770265529	0	0	0	0
1608147972	780387253	0	0	0	0
1608147972	790395416	0	0	0	0
1608147972	800383978	0	0	0	0
1608147972	810297109	0	0	0	0
1608147972	820304986	0	0	0	0
1608147972	830342517	0	0	0	0
1608147972	840409105	0	0	0	0
1608147972	850391943	0	0	0	0
1608147972	860425812	0	0	0	0
1608147972	870394043	0	0	0	0
1608147972	880321530	0	0	0	0
1608147972	890363969	0	0	0	0
1608147972	900386006	0	0	0	0
1608147972	910418965	0	0	0	0
1608147972	920327178	0	0	0	0
1608147972	930354340	0	0	0	0
1608147972	940386187	0	0	0	0
1608147972	950433203	0	0	0	0
1608147972	960390935	0	0	0	0
1608147972	970346710	0	0	0	0
1608147972	980317763	0	0	0	0
1608147972	990341576	0	0	0	0
1608147973	322543	0	0	0	0
1608147973	10405056	0	0	0	0
1608147973	20339773	0	0	0	0
1608147973	30398589	0	0	0	0
1608147973	40435221	0	0	0	0
1608147973	50367845	0	0	0	0
1608147973	60392786	0	0	0	0
1608147973	70360744	0	0	0	0
1608147973	80443714	0	0	0	0
1608147973	90380617	0	0	0	0
1608147973	100360712	0	0	0	0
1608147973	110428477	0	0	0	0
1608147973	120289762	0	0	0	0
1608147973	130193539	0	0	0	0
1608147973	140257933	0	0	0	0
1608147973	150158474	0	0	0	0
1608147973	160218783	0	0	0	0
1608147973	170188169	0	0	0	0
1608147973	180194109	0	0	0	0
1608147973	190381301	0	0	0	0
1608147973	200397833	0	0	0	0
1608147973	210329858	0	0	0	0
1608147973	220420670	0	0	0	0
1608147973	230429859	0	0	0	0
1608147973	240459480	0	0	0	0
1608147973	250397453	0	0	0	0
1608147973	260352299	0	0	0	0
1608147973	270387202	0	0	0	0
1608147973	280337706	0	0	0	0
1608147973	290362928	0	0	0	0
1608147973	300355504	0	0	0	0
1608147973	310316308	0	0	0	0
1608147973	320425066	0	0	0	0
1608147973	330403875	0	0	0	0
1608147973	340445485	0	0	0	0
1608147973	350429627	0	0	0	0
1608147973	360374146	0	0	0	0
1608147973	370358932	0	0	0	0
1608147973	380359164	0	0	0	0
1608147973	390316397	0	0	0	0
1608147973	400368403	0	0	0	0
1608147973	410415667	0	0	0	0
1608147973	420217579	0	0	0	0
1608147973	430310604	0	0	0	0
1608147973	440269566	0	0	0	0
1608147973	450287021	0	0	0	0
1608147973	460237217	0	0	0	0
1608147973	470271469	0	0	0	0
1608147973	480286111	0	0	0	0
1608147973	490248826	0	0	0	0
1608147973	500220537	0	0	0	0
1608147973	510299235	0	0	0	0
1608147973	520279004	0	0	0	0
1608147973	530264878	0	0	0	0
1608147973	540272470	0	0	0	0
1608147973	550316055	0	0	0	0
1608147973	560309992	0	0	0	0
1608147973	570300021	0	0	0	0
1608147973	580344940	0	0	0	0
1608147973	590308499	0	0	0	0
1608147973	600337772	0	0	0	0
1608147973	610360700	0	0	0	0
1608147973	620405703	0	0	0	0
1608147973	630367356	0	0	0	0
1608147973	640290357	0	0	0	0
1608147973	650393395	0	0	0	0
1608147973	660395623	0	0	0	0
1608147973	670347294	0	0	0	0
1608147973	680365872	0	0	0	0
1608147973	690355546	0	0	0	0
1608147973	700353942	0	0	0	0
1608147973	710370417	0	0	0	0
1608147973	720378554	0	0	0	0
1608147973	730375683	0	0	0	0
1608147973	740352553	0	0	0	0
1608147973	750420765	0	0	0	0
1608147973	760421645	0	0	0	0
1608147973	770401713	0	0	0	0
1608147973	780400006	0	0	0	0
1608147973	790423949	0	0	0	0
1608147973	800292443	0	0	0	0
1608147973	810315723	0	0	0	0
1608147973	820359761	0	0	0	0
1608147973	830344920	0	0	0	0
1608147973	840421837	0	0	0	0
1608147973	850431127	0	0	0	0
1608147973	860351030	0	0	0	0
1608147973	870373102	0	0	0	0
1608147973	880375086	0	0	0	0
1608147973	890374160	0	0	0	0
1608147973	900353173	0	0	0	0
1608147973	910495773	0	0	0	0
1608147973	920448937	0	0	0	0
1608147973	930400526	0	0	0	0
1608147973	940406063	0	0	0	0
1608147973	950395638	0	0	0	0
1608147973	960367845	0	0	0	0
1608147973	970393689	0	0	0	0
1608147973	980477629	0	0	0	0
1608147973	990326518	0	0	0	0
1608147974	389475	0	0	0	0
1608147974	10400595	0	0	0	0
1608147974	20348551	0	0	0	0
1608147974	30432197	0	0	0	0
1608147974	40347855	0	0	0	0
1608147974	50408296	0	0	0	0
1608147974	60353895	0	0	0	0
1608147974	70343383	0	0	0	0
1608147974	80392843	0	0	0	0
1608147974	90372482	0	0	0	0
1608147974	100413132	0	0	0	0
1608147974	110442188	0	0	0	0
1608147974	120369298	0	0	0	0
1608147974	130399701	0	0	0	0
1608147974	140437090	0	0	0	0
1608147974	150387697	0	0	0	0
1608147974	160407262	0	0	0	0
1608147974	170364718	0	0	0	0
1608147974	180442359	0	0	0	0
1608147974	190401900	0	0	0	0
1608147974	200461946	0	0	0	0
1608147974	210437623	0	0	0	0
1608147974	220411289	0	0	0	0
1608147974	230350586	0	0	0	0
1608147974	240323850	0	0	0	0
1608147974	250456843	0	0	0	0
1608147974	260570212	0	0	0	0
1608147974	270362909	0	0	0	0
1608147974	280392643	0	0	0	0
1608147974	290442452	0	0	0	0
1608147974	300355920	0	0	0	0
1608147974	310353469	0	0	0	0
1608147974	320406599	0	0	0	0
1608147974	330372500	0	0	0	0
1608147974	340358926	0	0	0	0
1608147974	350314168	0	0	0	0
1608147974	360353791	0	0	0	0
1608147974	370377785	0	0	0	0
1608147974	380403753	0	0	0	0
1608147974	390470554	0	0	0	0
1608147974	400395807	0	0	0	0
1608147974	410429200	0	0	0	0
1608147974	420416564	0	0	0	0
1608147974	430388606	0	0	0	0
1608147974	440380330	0	0	0	0
1608147974	450388874	0	0	0	0
1608147974	460340649	0	0	0	0
1608147974	470407132	0	0	0	0
1608147974	480338294	0	0	0	0
1608147974	490466789	0	0	0	0
1608147974	500359660	0	0	0	0
1608147974	510403352	0	0	0	0
1608147974	520442942	0	0	0	0
1608147974	530428917	0	0	0	0
1608147974	540367462	0	0	0	0
1608147974	550410260	0	0	0	0
1608147974	560421908	0	0	0	0
1608147974	570400382	0	0	0	0
1608147974	580233307	0	0	0	0
1608147974	590325905	0	0	0	0
1608147974	600303404	0	0	0	0
1608147974	610342654	0	0	0	0
1608147974	620235237	0	0	0	0
1608147974	630282607	0	0	0	0
1608147974	640322589	0	0	0	0
1608147974	650265792	0	0	0	0
1608147974	660291201	0	0	0	0
1608147974	670258255	0	0	0	0
1608147974	680299994	0	0	0	0
1608147974	690280821	0	0	0	0
1608147974	700397582	0	0	0	0
1608147974	710329980	0	0	0	0
1608147974	720521320	0	0	0	0
1608147974	730352643	0	0	0	0
1608147974	740334313	0	0	0	0
1608147974	750337595	0	0	0	0
1608147974	760326075	0	0	0	0
1608147974	770365650	0	0	0	0
1608147974	780412054	0	0	0	0
1608147974	790424124	0	0	0	0
1608147974	800263275	0	0	0	0
1608147974	810274624	0	0	0	0
1608147974	820289271	0	0	0	0
1608147974	830226044	0	0	0	0
1608147974	840189945	0	0	0	0
1608147974	850275128	0	0	0	0
1608147974	860300903	0	0	0	0
1608147974	870306950	0	0	0	0
1608147974	880327276	0	0	0	0
1608147974	890223352	0	0	0	0
1608147974	900298657	0	0	0	0
1608147974	910305174	0	0	0	0
1608147974	920308219	0	0	0	0
1608147974	930320159	0	0	0	0
1608147974	940198608	0	0	0	0
1608147974	950334282	0	0	0	0
1608147974	960248100	0	0	0	0
1608147974	970375832	0	0	0	0
1608147974	980239801	0	0	0	0
1608147974	990320387	0	0	0	0
1608147975	317909	0	0	0	0
1608147975	10293163	0	0	0	0
1608147975	20297725	0	0	0	0
1608147975	30324779	0	0	0	0
1608147975	40300087	0	0	0	0
1608147975	50295387	0	0	0	0
1608147975	60317603	0	0	0	0
1608147975	70355108	0	0	0	0
1608147975	80280997	0	0	0	0
1608147975	90278448	0	0	0	0
1608147975	100299003	0	0	0	0
1608147975	110313919	0	0	0	0
1608147975	120291175	0	0	0	0
1608147975	130202456	0	0	0	0
1608147975	140314688	0	0	0	0
1608147975	150336835	0	0	0	0
1608147975	160295612	0	0	0	0
1608147975	170329880	0	0	0	0
1608147975	180266131	0	0	0	0
1608147975	190327967	0	0	0	0
1608147975	200217760	0	0	0	0
1608147975	210295198	0	0	0	0
1608147975	220279831	0	0	0	0
1608147975	230222163	0	0	0	0
1608147975	240270284	0	0	0	0
1608147975	250299626	0	0	0	0
1608147975	260406918	0	0	0	0
1608147975	270346922	0	0	0	0
1608147975	280250705	0	0	0	0
1608147975	290358153	0	0	0	0
1608147975	300251689	0	0	0	0
1608147975	310303613	0	0	0	0
1608147975	320325848	0	0	0	0
1608147975	330310953	0	0	0	0
1608147975	340252372	0	0	0	0
1608147975	350303186	0	0	0	0
1608147975	360340455	0	0	0	0
1608147975	370281838	0	0	0	0
1608147975	380505584	0	0	0	0
1608147975	390290236	0	0	0	0
1608147975	400298092	0	0	0	0
1608147975	410302849	0	0	0	0
1608147975	420247303	0	0	0	0
1608147975	430231784	0	0	0	0
1608147975	440320751	0	0	0	0
1608147975	450371274	0	0	0	0
1608147975	460292832	0	0	0	0
1608147975	470284093	0	0	0	0
1608147975	480254255	0	0	0	0
1608147975	490249227	0	0	0	0
1608147975	500284591	0	0	0	0
1608147975	510287896	0	0	0	0
1608147975	520282552	0	0	0	0
1608147975	530537325	0	0	0	0
1608147975	540277712	0	0	0	0
1608147975	550287961	0	0	0	0
1608147975	560272424	0	0	0	0
1608147975	570268532	0	0	0	0
1608147975	580371511	0	0	0	0
1608147975	590391654	0	0	0	0
1608147975	600407034	0	0	0	0
1608147975	610372487	0	0	0	0
1608147975	620393074	0	0	0	0
1608147975	630626491	0	0	0	0
1608147975	640429901	0	0	0	0
1608147975	650425280	0	0	0	0
1608147975	660331933	0	0	0	0
1608147975	670403594	0	0	0	0
1608147975	680499619	0	0	0	0
1608147975	690395145	0	0	0	0
1608147975	700395630	0	0	0	0
1608147975	710379854	0	0	0	0
1608147975	720402373	0	0	0	0
1608147975	730414830	0	0	0	0
1608147975	740702053	0	0	0	0
1608147975	750476976	0	0	0	0
1608147975	760416822	0	0	0	0
1608147975	770389515	0	0	0	0
1608147975	780430147	0	0	0	0
1608147975	790676876	0	0	0	0
1608147975	800375164	0	0	0	0
1608147975	810349371	0	0	0	0
1608147975	820438659	0	0	0	0
1608147975	830396589	0	0	0	0
1608147975	840476191	0	0	0	0
1608147975	850327099	0	0	0	0
1608147975	860409242	0	0	0	0
1608147975	870391201	0	0	0	0
1608147975	880395967	0	0	0	0
1608147975	890393449	0	0	0	0
1608147975	900355291	0	0	0	0
1608147975	910376420	0	0	0	0
1608147975	920449598	0	0	0	0
1608147975	930389732	0	0	0	0
1608147975	940461965	0	0	0	0
1608147975	950384241	0	0	0	0
1608147975	960396019	0	0	0	0
1608147975	970387004	0	0	0	0
1608147975	980420362	0	0	0	0
1608147975	990368968	0	0	0	0
1608147976	387012	0	0	0	0
1608147976	10468280	0	0	0	0
1608147976	20431768	0	0	0	0
1608147976	30441867	0	0	0	0
1608147976	40515910	0	0	0	0
1608147976	50397710	0	0	0	0
1608147976	60443970	0	0	0	0
1608147976	70317315	0	0	0	0
1608147976	80495703	0	0	0	0
1608147976	90483995	0	0	0	0
1608147976	100491609	0	0	0	0
1608147976	110305322	0	0	0	0
1608147976	120325161	0	0	0	0
1608147976	130333124	0	0	0	0
1608147976	140373907	0	0	0	0
1608147976	150257438	0	0	0	0
1608147976	160314691	0	0	0	0
1608147976	170310049	0	0	0	0
1608147976	180300893	0	0	0	0
1608147976	190239812	0	0	0	0
1608147976	200285104	0	0	0	0
1608147976	210330695	0	0	0	0
1608147976	220289463	0	0	0	0
1608147976	230337956	0	0	0	0
1608147976	240284329	0	0	0	0
1608147976	250327060	0	0	0	0
1608147976	260332053	0	0	0	0
1608147976	270423756	0	0	0	0
1608147976	280323818	0	0	0	0
1608147976	290236220	0	0	0	0
1608147976	300345058	0	0	0	0
1608147976	310321913	0	0	0	0
1608147976	320375017	0	0	0	0
1608147976	330488455	0	0	0	0
1608147976	340277891	0	0	0	0
1608147976	350312059	0	0	0	0
1608147976	360281851	0	0	0	0
1608147976	370317886	0	0	0	0
1608147976	380301075	0	0	0	0
1608147976	390282773	0	0	0	0
1608147976	400321519	0	0	0	0
1608147976	410293887	0	0	0	0
1608147976	420306063	0	0	0	0
1608147976	430286475	0	0	0	0
1608147976	440314915	0	0	0	0
1608147976	450312336	0	0	0	0
1608147976	460317693	0	0	0	0
1608147976	470317007	0	0	0	0
1608147976	480249713	0	0	0	0
1608147976	490298763	0	0	0	0
1608147976	500328736	0	0	0	0
1608147976	510315842	0	0	0	0
1608147976	520317051	0	0	0	0
1608147976	530307756	0	0	0	0
1608147976	540299445	0	0	0	0
1608147976	550297730	0	0	0	0
1608147976	560311417	0	0	0	0
1608147976	570299422	0	0	0	0
1608147976	580267088	0	0	0	0
1608147976	590263310	0	0	0	0
1608147976	600303908	0	0	0	0
1608147976	610316041	0	0	0	0
1608147976	620315377	0	0	0	0
1608147976	630264306	0	0	0	0
1608147976	640298079	0	0	0	0
1608147976	650304199	0	0	0	0
1608147976	660308229	0	0	0	0
1608147976	670313546	0	0	0	0
1608147976	680295722	0	0	0	0
1608147976	690384791	0	0	0	0
1608147976	700368020	0	0	0	0
1608147976	710286760	0	0	0	0
1608147976	720458037	0	0	0	0
1608147976	730283761	0	0	0	0
1608147976	740320666	0	0	0	0
1608147976	750309955	0	0	0	0
1608147976	760345234	0	0	0	0
1608147976	770265523	0	0	0	0
1608147976	780353967	0	0	0	0
1608147976	790352188	0	0	0	0
1608147976	800323044	0	0	0	0
1608147976	810333689	0	0	0	0
1608147976	820352241	0	0	0	0
1608147976	830320281	0	0	0	0
1608147976	840358835	0	0	0	0
1608147976	850257962	0	0	0	0
1608147976	860339874	0	0	0	0
1608147976	870260067	0	0	0	0
1608147976	880524030	0	0	0	0
1608147976	890426900	0	0	0	0
1608147976	900328147	0	0	0	0
1608147976	910329222	0	0	0	0
1608147976	920317879	0	0	0	0
1608147976	930397826	0	0	0	0
1608147976	940408380	0	0	0	0
1608147976	950432969	0	0	0	0
1608147976	960370354	0	0	0	0
1608147976	970391744	0	0	0	0
1608147976	980420686	0	0	0	0
1608147976	990461516	0	0	0	0
1608147977	507345	0	0	0	0
1608147977	10465895	0	0	0	0
1608147977	20390351	0	0	0	0
1608147977	30431807	0	0	0	0
1608147977	40432034	0	0	0	0
1608147977	50390173	0	0	0	0
1608147977	60400000	0	0	0	0
1608147977	70549799	0	0	0	0
1608147977	80435807	0	0	0	0
1608147977	90475711	0	0	0	0
1608147977	100421452	0	0	0	0
1608147977	110421377	0	0	0	0
1608147977	120435202	0	0	0	0
1608147977	130415322	0	0	0	0
1608147977	140407101	0	0	0	0
1608147977	150439109	0	0	0	0
1608147977	160387229	0	0	0	0
1608147977	170333548	0	0	0	0
1608147977	180476376	0	0	0	0
1608147977	190492535	0	0	0	0
1608147977	200434101	0	0	0	0
1608147977	210447549	0	0	0	0
1608147977	220416735	0	0	0	0
1608147977	230407670	0	0	0	0
1608147977	240434208	0	0	0	0
1608147977	250367676	0	0	0	0
1608147977	260368865	0	0	0	0
1608147977	270454846	0	0	0	0
1608147977	280454068	0	0	0	0
1608147977	290448129	0	0	0	0
1608147977	300427686	0	0	0	0
1608147977	310337845	0	0	0	0
1608147977	320444115	0	0	0	0
1608147977	330429875	0	0	0	0
1608147977	340348867	0	0	0	0
1608147977	350366493	0	0	0	0
1608147977	360443998	0	0	0	0
1608147977	370488676	0	0	0	0
1608147977	380413081	0	0	0	0
1608147977	390396805	0	0	0	0
1608147977	400436033	0	0	0	0
1608147977	410420927	0	0	0	0
1608147977	420388153	0	0	0	0
1608147977	430423339	0	0	0	0
1608147977	440457355	0	0	0	0
1608147977	450396461	0	0	0	0
1608147977	460439718	0	0	0	0
1608147977	470444392	0	0	0	0
1608147977	480393358	0	0	0	0
1608147977	490486758	0	0	0	0
1608147977	500383605	0	0	0	0
1608147977	510403626	0	0	0	0
1608147977	520432979	0	0	0	0
1608147977	530437014	0	0	0	0
1608147977	540383397	0	0	0	0
1608147977	550423300	0	0	0	0
1608147977	560461272	0	0	0	0
1608147977	570390850	0	0	0	0
1608147977	580394824	0	0	0	0
1608147977	590422560	0	0	0	0
1608147977	600407145	0	0	0	0
1608147977	610443887	0	0	0	0
1608147977	620237182	0	0	0	0
1608147977	630243288	0	0	0	0
1608147977	640199809	0	0	0	0
1608147977	650293990	0	0	0	0
1608147977	660305598	0	0	0	0
1608147977	670283356	0	0	0	0
1608147977	680278369	0	0	0	0
1608147977	690316042	0	0	0	0
1608147977	700380853	0	0	0	0
1608147977	710373650	0	0	0	0
1608147977	720354632	0	0	0	0
1608147977	730289897	0	0	0	0
1608147977	740323032	0	0	0	0
1608147977	750329047	0	0	0	0
1608147977	760390156	0	0	0	0
1608147977	770371679	0	0	0	0
1608147977	780320809	0	0	0	0
1608147977	790352083	0	0	0	0
1608147977	800351364	0	0	0	0
1608147977	810356532	0	0	0	0
1608147977	820379762	0	0	0	0
1608147977	830306239	0	0	0	0
1608147977	840307974	0	0	0	0
1608147977	850307073	0	0	0	0
1608147977	860444962	0	0	0	0
1608147977	870415452	0	0	0	0
1608147977	880300811	0	0	0	0
1608147977	890384978	0	0	0	0
1608147977	900385093	0	0	0	0
1608147977	910366689	0	0	0	0
1608147977	920367240	0	0	0	0
1608147977	930328767	0	0	0	0
1608147977	940378541	0	0	0	0
1608147977	950368427	0	0	0	0
1608147977	960344324	0	0	0	0
1608147977	970400682	0	0	0	0
1608147977	980338699	0	0	0	0
1608147977	990332982	0	0	0	0
1608147978	365159	0	0	0	0
1608147978	10370588	0	0	0	0
1608147978	20388937	0	0	0	0
1608147978	30372759	0	0	0	0
1608147978	40396759	0	0	0	0
1608147978	50359027	0	0	0	0
1608147978	60386732	0	0	0	0
1608147978	70287128	0	0	0	0
1608147978	80230381	0	0	0	0
1608147978	90188627	0	0	0	0
1608147978	100372015	0	0	0	0
1608147978	110240708	0	0	0	0
1608147978	120200555	0	0	0	0
1608147978	130286449	0	0	0	0
1608147978	140301832	0	0	0	0
1608147978	150296371	0	0	0	0
1608147978	160233434	0	0	0	0
1608147978	170240714	0	0	0	0
1608147978	180233507	0	0	0	0
1608147978	190327194	0	0	0	0
1608147978	200212601	0	0	0	0
1608147978	210259749	0	0	0	0
1608147978	220493930	0	0	0	0
1608147978	230536135	0	0	0	0
1608147978	240510005	0	0	0	0
1608147978	250425088	0	0	0	0
1608147978	260352153	0	0	0	0
1608147978	270448583	0	0	0	0
1608147978	280444204	0	0	0	0
1608147978	290371275	0	0	0	0
1608147978	300357547	0	0	0	0
1608147978	310382060	0	0	0	0
1608147978	320710432	0	0	0	0
1608147978	330445602	0	0	0	0
1608147978	340408104	0	0	0	0
1608147978	350297279	0	0	0	0
1608147978	360373731	0	0	0	0
1608147978	370394263	0	0	0	0
1608147978	380306373	0	0	0	0
1608147978	390350527	0	0	0	0
1608147978	400358252	0	0	0	0
1608147978	410284775	0	0	0	0
1608147978	420537814	0	0	0	0
1608147978	430452623	0	0	0	0
1608147978	440448875	0	0	0	0
1608147978	450418387	0	0	0	0
1608147978	460448367	0	0	0	0
1608147978	470382891	0	0	0	0
1608147978	480465827	0	0	0	0
1608147978	490411444	0	0	0	0
1608147978	500443133	0	0	0	0
1608147978	510248766	0	0	0	0
1608147978	520317813	0	0	0	0
1608147978	530364135	0	0	0	0
1608147978	540272007	0	0	0	0
1608147978	550277418	0	0	0	0
1608147978	560276953	0	0	0	0
1608147978	570450990	0	0	0	0
1608147978	580282768	0	0	0	0
1608147978	590605374	0	0	0	0
1608147978	600376465	0	0	0	0
1608147978	610322246	0	0	0	0
1608147978	620454086	0	0	0	0
1608147978	630358958	0	0	0	0
1608147978	640407684	0	0	0	0
1608147978	650355462	0	0	0	0
1608147978	660360063	0	0	0	0
1608147978	670392814	0	0	0	0
1608147978	680432063	0	0	0	0
1608147978	690370057	0	0	0	0
1608147978	700375588	0	0	0	0
1608147978	710449164	0	0	0	0
1608147978	720434675	0	0	0	0
1608147978	730500180	0	0	0	0
1608147978	740472491	0	0	0	0
1608147978	750498875	0	0	0	0
1608147978	760451341	0	0	0	0
1608147978	770459818	0	0	0	0
1608147978	780445899	0	0	0	0
1608147978	790430395	0	0	0	0
1608147978	800425921	0	0	0	0
1608147978	810403862	0	0	0	0
1608147978	820433493	0	0	0	0
1608147978	830402846	0	0	0	0
1608147978	840482768	0	0	0	0
1608147978	850458862	0	0	0	0
1608147978	860257956	0	0	0	0
1608147978	870381583	0	0	0	0
1608147978	880334271	0	0	0	0
1608147978	890270072	0	0	0	0
1608147978	900393163	0	0	0	0
1608147978	910276161	0	0	0	0
1608147978	920371550	0	0	0	0
1608147978	930400258	0	0	0	0
1608147978	940357048	0	0	0	0
1608147978	950369002	0	0	0	0
1608147978	960440691	0	0	0	0
1608147978	970425366	0	0	0	0
1608147978	980419314	0	0	0	0
1608147978	990366703	0	0	0	0
1608147979	360374	0	0	0	0
1608147979	10426218	0	0	0	0
1608147979	20404171	0	0	0	0
1608147979	30378905	0	0	0	0
1608147979	40390136	0	0	0	0
1608147979	50339125	0	0	0	0
1608147979	60417532	0	0	0	0
1608147979	70415662	0	0	0	0
1608147979	80423378	0	0	0	0
1608147979	90385717	0	0	0	0
1608147979	100421790	0	0	0	0
1608147979	110390901	0	0	0	0
1608147979	120415225	0	0	0	0
1608147979	130401621	0	0	0	0
1608147979	140390814	0	0	0	0
1608147979	150321799	0	0	0	0
1608147979	160386946	0	0	0	0
1608147979	170431200	0	0	0	0
1608147979	180368095	0	0	0	0
1608147979	190444683	0	0	0	0
1608147979	200459922	0	0	0	0
1608147979	210517065	0	0	0	0
1608147979	220431016	0	0	0	0
1608147979	230492630	0	0	0	0
1608147979	240444009	0	0	0	0
1608147979	250443546	0	0	0	0
1608147979	260456051	0	0	0	0
1608147979	270463052	0	0	0	0
1608147979	280452282	0	0	0	0
1608147979	290320681	0	0	0	0
1608147979	300446906	0	0	0	0
1608147979	310333767	0	0	0	0
1608147979	320380318	0	0	0	0
1608147979	330454018	0	0	0	0
1608147979	340311283	0	0	0	0
1608147979	350349148	0	0	0	0
1608147979	360343950	0	0	0	0
1608147979	370403961	0	0	0	0
1608147979	380407137	0	0	0	0
1608147979	390344722	0	0	0	0
1608147979	400411791	0	0	0	0
1608147979	410300396	0	0	0	0
1608147979	420321616	0	0	0	0
1608147979	430308892	0	0	0	0
1608147979	440444361	0	0	0	0
1608147979	450434874	0	0	0	0
1608147979	460460129	0	0	0	0
1608147979	470422305	0	0	0	0
1608147979	480457188	0	0	0	0
1608147979	490480124	0	0	0	0
1608147979	500455122	0	0	0	0
1608147979	510472576	0	0	0	0
1608147979	520440378	0	0	0	0
1608147979	530437842	0	0	0	0
1608147979	540477226	0	0	0	0
1608147979	550436728	0	0	0	0
1608147979	560491865	0	0	0	0
1608147979	570513018	0	0	0	0
1608147979	580499969	0	0	0	0
1608147979	590498991	0	0	0	0
1608147979	600492629	0	0	0	0
1608147979	610456615	0	0	0	0
1608147979	620693282	0	0	0	0
1608147979	630439330	0	0	0	0
1608147979	640454056	0	0	0	0
1608147979	650468273	0	0	0	0
1608147979	660403721	0	0	0	0
1608147979	670393202	0	0	0	0
1608147979	680376596	0	0	0	0
1608147979	690538862	0	0	0	0
1608147979	700457386	0	0	0	0
1608147979	710451245	0	0	0	0
1608147979	720486486	0	0	0	0
1608147979	730623451	0	0	0	0
1608147979	740464912	0	0	0	0
1608147979	750445859	0	0	0	0
1608147979	760455111	0	0	0	0
1608147979	770434836	0	0	0	0
1608147979	780449222	0	0	0	0
1608147979	790440216	0	0	0	0
1608147979	800474939	0	0	0	0
1608147979	810456068	0	0	0	0
1608147979	820453406	0	0	0	0
1608147979	830465800	0	0	0	0
1608147979	840468621	0	0	0	0
1608147979	850396799	0	0	0	0
1608147979	860443964	0	0	0	0
1608147979	870463899	0	0	0	0
1608147979	880442134	0	0	0	0
1608147979	890517586	0	0	0	0
1608147979	900368744	0	0	0	0
1608147979	910501832	0	0	0	0
1608147979	920488803	0	0	0	0
1608147979	930420462	0	0	0	0
1608147979	940453021	0	0	0	0
1608147979	950434279	0	0	0	0
1608147979	960478019	0	0	0	0
1608147979	970469767	0	0	0	0
1608147979	980556279	0	0	0	0
1608147979	990431292	0	0	0	0
1608147980	528443	0	0	0	0
1608147980	10512105	0	0	0	0
1608147980	20511559	0	0	0	0
1608147980	30532263	0	0	0	0
1608147980	40553430	0	0	0	0
1608147980	50435674	0	0	0	0
1608147980	60396357	0	0	0	0
1608147980	70378638	0	0	0	0
1608147980	80565713	0	0	0	0
1608147980	90389712	0	0	0	0
1608147980	100357832	0	0	0	0
1608147980	110316763	0	0	0	0
1608147980	120333188	0	0	0	0
1608147980	130319661	0	0	0	0
1608147980	140320099	0	0	0	0
1608147980	150287722	0	0	0	0
1608147980	160348061	0	0	0	0
1608147980	170486044	0	0	0	0
1608147980	180437124	0	0	0	0
1608147980	190550212	0	0	0	0
1608147980	200417483	0	0	0	0
1608147980	210501589	0	0	0	0
1608147980	220495865	0	0	0	0
1608147980	230442328	0	0	0	0
1608147980	240418173	0	0	0	0
1608147980	250433326	0	0	0	0
1608147980	260473811	0	0	0	0
1608147980	270463202	0	0	0	0
1608147980	280472135	0	0	0	0
1608147980	290348677	0	0	0	0
1608147980	300404040	0	0	0	0
1608147980	310477705	0	0	0	0
1608147980	320480177	0	0	0	0
1608147980	330488939	0	0	0	0
1608147980	340448993	0	0	0	0
1608147980	350439489	0	0	0	0
1608147980	360397344	0	0	0	0
1608147980	370512608	0	0	0	0
1608147980	380428771	0	0	0	0
1608147980	390432859	0	0	0	0
1608147980	400494969	0	0	0	0
1608147980	410452268	0	0	0	0
1608147980	420416350	0	0	0	0
1608147980	430407779	0	0	0	0
1608147980	440512089	0	0	0	0
1608147980	450478808	0	0	0	0
1608147980	460519776	0	0	0	0
1608147980	470521387	0	0	0	0
1608147980	480438888	0	0	0	0
1608147980	490495676	0	0	0	0
1608147980	500598812	0	0	0	0
1608147980	510445140	0	0	0	0
1608147980	520447333	0	0	0	0
1608147980	530492557	0	0	0	0
1608147980	540460972	0	0	0	0
1608147980	550455660	0	0	0	0
1608147980	560400386	0	0	0	0
1608147980	570499544	0	0	0	0
1608147980	580454343	0	0	0	0
1608147980	590479464	0	0	0	0
1608147980	600531712	0	0	0	0
1608147980	610784058	0	0	0	0
1608147980	620438454	0	0	0	0
1608147980	630474903	0	0	0	0
1608147980	640451077	0	0	0	0
1608147980	650830512	0	0	0	0
1608147980	660470781	0	0	0	0
1608147980	670447987	0	0	0	0
1608147980	680416743	0	0	0	0
1608147980	690461964	0	0	0	0
1608147980	700443210	0	0	0	0
1608147980	710378919	0	0	0	0
1608147980	720428327	0	0	0	0
1608147980	730418920	0	0	0	0
1608147980	740425657	0	0	0	0
1608147980	750465307	0	0	0	0
1608147980	760489503	0	0	0	0
1608147980	770366228	0	0	0	0
1608147980	780407646	0	0	0	0
1608147980	790430962	0	0	0	0
1608147980	800465243	0	0	0	0
1608147980	810479262	0	0	0	0
1608147980	820312071	0	0	0	0
1608147980	830215624	0	0	0	0
1608147980	840315931	0	0	0	0
1608147980	850193403	0	0	0	0
1608147980	860313316	0	0	0	0
1608147980	870484524	0	0	0	0
1608147980	880470686	0	0	0	0
1608147980	890398546	0	0	0	0
1608147980	900420175	0	0	0	0
1608147980	910610982	0	0	0	0
1608147980	920517483	0	0	0	0
1608147980	930493691	0	0	0	0
1608147980	940504085	0	0	0	0
1608147980	950447374	0	0	0	0
1608147980	960439815	0	0	0	0
1608147980	970473701	0	0	0	0
1608147980	980480455	0	0	0	0
1608147980	990511258	0	0	0	0
1608147981	513319	0	0	0	0
1608147981	10415438	0	0	0	0
1608147981	20445881	0	0	0	0
1608147981	30611608	0	0	0	0
1608147981	40558720	0	0	0	0
1608147981	50477099	0	0	0	0
1608147981	60480777	0	0	0	0
1608147981	70480972	0	0	0	0
1608147981	80485440	0	0	0	0
1608147981	90377831	0	0	0	0
1608147981	100346874	0	0	0	0
1608147981	110291839	0	0	0	0
1608147981	120348615	0	0	0	0
1608147981	130333499	0	0	0	0
1608147981	140408157	0	0	0	0
1608147981	150459782	0	0	0	0
1608147981	160372810	0	0	0	0
1608147981	170375818	0	0	0	0
1608147981	180366331	0	0	0	0
1608147981	190371726	0	0	0	0
1608147981	200374827	0	0	0	0
1608147981	210376676	0	0	0	0
1608147981	220391378	0	0	0	0
1608147981	230402432	0	0	0	0
1608147981	240428366	0	0	0	0
1608147981	250382405	0	0	0	0
1608147981	260352542	0	0	0	0
1608147981	270507343	0	0	0	0
1608147981	280443508	0	0	0	0
1608147981	290514755	0	0	0	0
1608147981	300375878	0	0	0	0
1608147981	310457010	0	0	0	0
1608147981	320473338	0	0	0	0
1608147981	330467133	0	0	0	0
1608147981	340417713	0	0	0	0
1608147981	350425348	0	0	0	0
1608147981	360470969	0	0	0	0
1608147981	370463270	0	0	0	0
1608147981	380472640	0	0	0	0
1608147981	390439991	0	0	0	0
1608147981	400382749	0	0	0	0
1608147981	410448618	0	0	0	0
1608147981	420472406	0	0	0	0
1608147981	430471905	0	0	0	0
1608147981	440474185	0	0	0	0
1608147981	450476322	0	0	0	0
1608147981	460415006	0	0	0	0
1608147981	470442123	0	0	0	0
1608147981	480418670	0	0	0	0
1608147981	490448162	0	0	0	0
1608147981	500458012	0	0	0	0
1608147981	510455779	0	0	0	0
1608147981	520467801	0	0	0	0
1608147981	530455994	0	0	0	0
1608147981	540459373	0	0	0	0
1608147981	550380688	0	0	0	0
1608147981	560440499	0	0	0	0
1608147981	570377642	0	0	0	0
1608147981	580426066	0	0	0	0
1608147981	590488733	0	0	0	0
1608147981	600494324	0	0	0	0
1608147981	610470730	0	0	0	0
1608147981	620483287	0	0	0	0
1608147981	630419948	0	0	0	0
1608147981	640459478	0	0	0	0
1608147981	650422598	0	0	0	0
1608147981	660541107	0	0	0	0
1608147981	670681695	0	0	0	0
1608147981	680378040	0	0	0	0
1608147981	690445369	0	0	0	0
1608147981	700379726	0	0	0	0
1608147981	710326730	0	0	0	0
1608147981	720393365	0	0	0	0
1608147981	730511046	0	0	0	0
1608147981	740358209	0	0	0	0
1608147981	750406351	0	0	0	0
1608147981	760349807	0	0	0	0
1608147981	770438380	0	0	0	0
1608147981	780282369	0	0	0	0
1608147981	790371549	0	0	0	0
1608147981	800348622	0	0	0	0
1608147981	810385451	0	0	0	0
1608147981	820425031	0	0	0	0
1608147981	830387727	0	0	0	0
1608147981	840353820	0	0	0	0
1608147981	850424567	0	0	0	0
1608147981	860451427	0	0	0	0
1608147981	870426980	0	0	0	0
1608147981	880385275	0	0	0	0
1608147981	890431293	0	0	0	0
1608147981	900423705	0	0	0	0
1608147981	910523136	0	0	0	0
1608147981	920475228	0	0	0	0
1608147981	930468858	0	0	0	0
1608147981	940390811	0	0	0	0
1608147981	950484433	0	0	0	0
1608147981	960449270	0	0	0	0
1608147981	970401168	0	0	0	0
1608147981	980401558	0	0	0	0
1608147981	990404601	0	0	0	0
1608147982	407619	0	0	0	0
1608147982	10470370	0	0	0	0
1608147982	20467062	0	0	0	0
1608147982	30434881	0	0	0	0
1608147982	40454752	0	0	0	0
1608147982	50346074	0	0	0	0
1608147982	60265555	0	0	0	0
1608147982	70291528	0	0	0	0
1608147982	80260456	0	0	0	0
1608147982	90363292	0	0	0	0
1608147982	100318761	0	0	0	0
1608147982	110463120	0	0	0	0
1608147982	120386917	0	0	0	0
1608147982	130448294	0	0	0	0
1608147982	140613445	0	0	0	0
1608147982	150675957	0	0	0	0
1608147982	160466733	0	0	0	0
1608147982	170386951	0	0	0	0
1608147982	180456401	0	0	0	0
1608147982	190469348	0	0	0	0
1608147982	200436916	0	0	0	0
1608147982	210466374	0	0	0	0
1608147982	220370459	0	0	0	0
1608147982	230378128	0	0	0	0
1608147982	240469272	0	0	0	0
1608147982	250453844	0	0	0	0
1608147982	260481319	0	0	0	0
1608147982	270332806	0	0	0	0
1608147982	280537746	0	0	0	0
1608147982	290406961	0	0	0	0
1608147982	300390557	0	0	0	0
1608147982	310437073	0	0	0	0
1608147982	320405290	0	0	0	0
1608147982	330375251	0	0	0	0
1608147982	340356948	0	0	0	0
1608147982	350401059	0	0	0	0
1608147982	360297408	0	0	0	0
1608147982	370364796	0	0	0	0
1608147982	380287850	0	0	0	0
1608147982	390533097	0	0	0	0
1608147982	400485061	0	0	0	0
1608147982	410532851	0	0	0	0
1608147982	420545440	0	0	0	0
1608147982	430408486	0	0	0	0
1608147982	440526164	0	0	0	0
1608147982	450499913	0	0	0	0
1608147982	460450374	0	0	0	0
1608147982	470481427	0	0	0	0
1608147982	480490990	0	0	0	0
1608147982	490436087	0	0	0	0
1608147982	500479075	0	0	0	0
1608147982	510533530	0	0	0	0
1608147982	520457829	0	0	0	0
1608147982	530499555	0	0	0	0
1608147982	540502498	0	0	0	0
1608147982	550505155	0	0	0	0
1608147982	560401338	0	0	0	0
1608147982	570500967	0	0	0	0
1608147982	580491518	0	0	0	0
1608147982	590522774	0	0	0	0
1608147982	600514440	0	0	0	0
1608147982	610462779	0	0	0	0
1608147982	620458910	0	0	0	0
1608147982	630441461	0	0	0	0
1608147982	640567934	0	0	0	0
1608147982	650567483	0	0	0	0
1608147982	660424786	0	0	0	0
1608147982	670478800	0	0	0	0
1608147982	680474470	0	0	0	0
1608147982	690462306	0	0	0	0
1608147982	700455684	0	0	0	0
1608147982	710475701	0	0	0	0
1608147982	720530122	0	0	0	0
1608147982	730468160	0	0	0	0
1608147982	740518110	0	0	0	0
1608147982	750437832	0	0	0	0
1608147982	760368507	0	0	0	0
1608147982	770343941	0	0	0	0
1608147982	780246220	0	0	0	0
1608147982	790279029	0	0	0	0
1608147982	800237663	0	0	0	0
1608147982	810301121	0	0	0	0
1608147982	820364200	0	0	0	0
1608147982	830363057	0	0	0	0
1608147982	840320578	0	0	0	0
1608147982	850380678	0	0	0	0
1608147982	860372717	0	0	0	0
1608147982	870348554	0	0	0	0
1608147982	880393102	0	0	0	0
1608147982	890361008	0	0	0	0
1608147982	900357262	0	0	0	0
1608147982	910504882	0	0	0	0
1608147982	920459888	0	0	0	0
1608147982	930488390	0	0	0	0
1608147982	940490587	0	0	0	0
1608147982	950756172	0	0	0	0
1608147982	960522554	0	0	0	0
1608147982	970531369	0	0	0	0
1608147982	980471437	0	0	0	0
1608147982	990515795	0	0	0	0
1608147983	557903	0	0	0	0
1608147983	10526880	0	0	0	0
1608147983	20535054	0	0	0	0
1608147983	30467853	0	0	0	0
1608147983	40575185	0	0	0	0
1608147983	50411863	0	0	0	0
1608147983	60413340	0	0	0	0
1608147983	70431518	0	0	0	0
1608147983	80361102	0	0	0	0
1608147983	90420646	0	0	0	0
1608147983	100400820	0	0	0	0
1608147983	110372793	0	0	0	0
1608147983	120433805	0	0	0	0
1608147983	130358550	0	0	0	0
1608147983	140362213	0	0	0	0
1608147983	150416576	0	0	0	0
1608147983	160376174	0	0	0	0
1608147983	170426824	0	0	0	0
1608147983	180378774	0	0	0	0
1608147983	190322518	0	0	0	0
1608147983	200412582	0	0	0	0
1608147983	210393706	0	0	0	0
1608147983	220365235	0	0	0	0
1608147983	230312975	0	0	0	0
1608147983	240301270	0	0	0	0
1608147983	250334244	0	0	0	0
1608147983	260518420	0	0	0	0
1608147983	270337315	0	0	0	0
1608147983	280331862	0	0	0	0
1608147983	290364693	0	0	0	0
1608147983	300505426	0	0	0	0
1608147983	310521097	0	0	0	0
1608147983	320516054	0	0	0	0
1608147983	330445453	0	0	0	0
1608147983	340427801	0	0	0	0
1608147983	350372638	0	0	0	0
1608147983	360416021	0	0	0	0
1608147983	370437208	0	0	0	0
1608147983	380436217	0	0	0	0
1608147983	390349943	0	0	0	0
1608147983	400401434	0	0	0	0
1608147983	410396160	0	0	0	0
1608147983	420370236	0	0	0	0
1608147983	430353735	0	0	0	0
1608147983	440418631	0	0	0	0
1608147983	450412135	0	0	0	0
1608147983	460407438	0	0	0	0
1608147983	470320126	0	0	0	0
1608147983	480427826	0	0	0	0
1608147983	490525561	0	0	0	0
1608147983	500482444	0	0	0	0
1608147983	510513584	0	0	0	0
1608147983	520580552	0	0	0	0
1608147983	530528378	0	0	0	0
1608147983	540558136	0	0	0	0
1608147983	550495006	0	0	0	0
1608147983	560495637	0	0	0	0
1608147983	570487065	0	0	0	0
1608147983	580444984	0	0	0	0
1608147983	590459534	0	0	0	0
1608147983	600496605	0	0	0	0
1608147983	610445639	0	0	0	0
1608147983	620316379	0	0	0	0
1608147983	630580191	0	0	0	0
1608147983	640491982	0	0	0	0
1608147983	650379262	0	0	0	0
1608147983	660354200	0	0	0	0
1608147983	670363362	0	0	0	0
1608147983	680367321	0	0	0	0
1608147983	690375821	0	0	0	0
1608147983	700395272	0	0	0	0
1608147983	710331673	0	0	0	0
1608147983	720324486	0	0	0	0
1608147983	730450914	0	0	0	0
1608147983	740441065	0	0	0	0
1608147983	750413582	0	0	0	0
1608147983	760427755	0	0	0	0
1608147983	770389451	0	0	0	0
1608147983	780329533	0	0	0	0
1608147983	790408200	0	0	0	0
1608147983	800340878	0	0	0	0
1608147983	810326215	0	0	0	0
1608147983	820411757	0	0	0	0
1608147983	830408178	0	0	0	0
1608147983	840389144	0	0	0	0
1608147983	850346194	0	0	0	0
1608147983	860369297	0	0	0	0
1608147983	870439773	0	0	0	0
1608147983	880347479	0	0	0	0
1608147983	890398027	0	0	0	0
1608147983	900357362	0	0	0	0
1608147983	910406750	0	0	0	0
1608147983	920437679	0	0	0	0
1608147983	930454867	0	0	0	0
1608147983	940435166	0	0	0	0
1608147983	950369300	0	0	0	0
1608147983	960381641	0	0	0	0
1608147983	970364178	0	0	0	0
1608147983	980435596	0	0	0	0
1608147983	990461648	0	0	0	0
1608147984	362765	0	0	0	0
1608147984	10356799	0	0	0	0
1608147984	20462421	0	0	0	0
1608147984	30366669	0	0	0	0
1608147984	40358654	0	0	0	0
1608147984	50474980	0	0	0	0
1608147984	60411936	0	0	0	0
1608147984	70457265	0	0	0	0
1608147984	80452299	0	0	0	0
1608147984	90494691	0	0	0	0
1608147984	100450979	0	0	0	0
1608147984	110498166	0	0	0	0
1608147984	120504651	0	0	0	0
1608147984	130472530	0	0	0	0
1608147984	140492272	0	0	0	0
1608147984	150492134	0	0	0	0
1608147984	160450690	0	0	0	0
1608147984	170475617	0	0	0	0
1608147984	180505679	0	0	0	0
1608147984	190423082	0	0	0	0
1608147984	200511957	0	0	0	0
1608147984	210482326	0	0	0	0
1608147984	220528831	0	0	0	0
1608147984	230442555	0	0	0	0
1608147984	240496294	0	0	0	0
1608147984	250462770	0	0	0	0
1608147984	260386703	0	0	0	0
1608147984	270469079	0	0	0	0
1608147984	280656442	0	0	0	0
1608147984	290478862	0	0	0	0
1608147984	300465548	0	0	0	0
1608147984	310490012	0	0	0	0
1608147984	320447504	0	0	0	0
1608147984	330475071	0	0	0	0
1608147984	340422264	0	0	0	0
1608147984	350454714	0	0	0	0
1608147984	360478876	0	0	0	0
1608147984	370533154	0	0	0	0
1608147984	380479113	0	0	0	0
1608147984	390374788	0	0	0	0
1608147984	400533362	0	0	0	0
1608147984	410499724	0	0	0	0
1608147984	420471289	0	0	0	0
1608147984	430445276	0	0	0	0
1608147984	440483716	0	0	0	0
1608147984	450450297	0	0	0	0
1608147984	460497384	0	0	0	0
1608147984	470461631	0	0	0	0
1608147984	480407212	0	0	0	0
1608147984	490443782	0	0	0	0
1608147984	500450336	0	0	0	0
1608147984	510466659	0	0	0	0
1608147984	520572052	0	0	0	0
1608147984	530492475	0	0	0	0
1608147984	540484612	0	0	0	0
1608147984	550488077	0	0	0	0
1608147984	560481580	0	0	0	0
1608147984	570489510	0	0	0	0
1608147984	580464428	0	0	0	0
1608147984	590491451	0	0	0	0
1608147984	600451841	0	0	0	0
1608147984	610495419	0	0	0	0
1608147984	620519785	0	0	0	0
1608147984	630541319	0	0	0	0
1608147984	640434202	0	0	0	0
1608147984	650489815	0	0	0	0
1608147984	660490406	0	0	0	0
1608147984	670492071	0	0	0	0
1608147984	680431803	0	0	0	0
1608147984	690608409	0	0	0	0
1608147984	700449978	0	0	0	0
1608147984	710519794	0	0	0	0
1608147984	720561821	0	0	0	0
1608147984	730535594	0	0	0	0
1608147984	740471600	0	0	0	0
1608147984	750535347	0	0	0	0
1608147984	760467272	0	0	0	0
1608147984	770464768	0	0	0	0
1608147984	780511403	0	0	0	0
1608147984	790507870	0	0	0	0
1608147984	800511292	0	0	0	0
1608147984	810574788	0	0	0	0
1608147984	820449007	0	0	0	0
1608147984	830521533	0	0	0	0
1608147984	840492806	0	0	0	0
1608147984	850499308	0	0	0	0
1608147984	860505021	0	0	0	0
1608147984	870515263	0	0	0	0
1608147984	880528385	0	0	0	0
1608147984	890509512	0	0	0	0
1608147984	900476813	0	0	0	0
1608147984	910479847	0	0	0	0
1608147984	920528740	0	0	0	0
1608147984	930565775	0	0	0	0
1608147984	940513596	0	0	0	0
1608147984	950532564	0	0	0	0
1608147984	960574507	0	0	0	0
1608147984	970617980	0	0	0	0
1608147984	980551347	0	0	0	0
1608147984	990566731	0	0	0	0
1608147985	519107	0	0	0	0
1608147985	10530936	0	0	0	0
1608147985	20464932	0	0	0	0
1608147985	30560401	0	0	0	0
1608147985	40556589	0	0	0	0
1608147985	50498241	0	0	0	0
1608147985	60576405	0	0	0	0
1608147985	70478275	0	0	0	0
1608147985	80505847	0	0	0	0
1608147985	90823685	0	0	0	0
1608147985	100510586	0	0	0	0
1608147985	110591474	0	0	0	0
1608147985	120508673	0	0	0	0
1608147985	130414193	0	0	0	0
1608147985	140586865	0	0	0	0
1608147985	150601376	0	0	0	0
1608147985	160475467	0	0	0	0
1608147985	170520889	0	0	0	0
1608147985	180533457	0	0	0	0
1608147985	190507255	0	0	0	0
1608147985	200582166	0	0	0	0
1608147985	210609630	0	0	0	0
1608147985	220489192	0	0	0	0
1608147985	230434444	0	0	0	0
1608147985	240383063	0	0	0	0
1608147985	250372545	0	0	0	0
1608147985	260392389	0	0	0	0
1608147985	270450543	0	0	0	0
1608147985	280405802	0	0	0	0
1608147985	290460217	0	0	0	0
1608147985	300414204	0	0	0	0
1608147985	310376537	0	0	0	0
1608147985	320491404	0	0	0	0
1608147985	330489971	0	0	0	0
1608147985	340453293	0	0	0	0
1608147985	350533546	0	0	0	0
1608147985	360538592	0	0	0	0
1608147985	370558731	0	0	0	0
1608147985	380638396	0	0	0	0
1608147985	390595668	0	0	0	0
1608147985	400558967	0	0	0	0
1608147985	410559123	0	0	0	0
1608147985	420606526	0	0	0	0
1608147985	430620656	0	0	0	0
1608147985	440508379	0	0	0	0
1608147985	450578593	0	0	0	0
1608147985	460510747	0	0	0	0
1608147985	470613394	0	0	0	0
1608147985	480596445	0	0	0	0
1608147985	490523717	0	0	0	0
1608147985	500500083	0	0	0	0
1608147985	510553308	0	0	0	0
1608147985	520528253	0	0	0	0
1608147985	530513160	0	0	0	0
1608147985	540582026	0	0	0	0
1608147985	550462231	0	0	0	0
1608147985	560617979	0	0	0	0
1608147985	570406718	0	0	0	0
1608147985	580357647	0	0	0	0
1608147985	590396391	0	0	0	0
1608147985	600452745	0	0	0	0
1608147985	610365978	0	0	0	0
1608147985	620407041	0	0	0	0
1608147985	630330516	0	0	0	0
1608147985	640482332	0	0	0	0
1608147985	650435635	0	0	0	0
1608147985	660649588	0	0	0	0
1608147985	670440472	0	0	0	0
1608147985	680355263	0	0	0	0
1608147985	690464646	0	0	0	0
1608147985	700426720	0	0	0	0
1608147985	710404939	0	0	0	0
1608147985	720428084	0	0	0	0
1608147985	730414705	0	0	0	0
1608147985	740358740	0	0	0	0
1608147985	750480078	0	0	0	0
1608147985	760479118	0	0	0	0
1608147985	770383916	0	0	0	0
1608147985	780506354	0	0	0	0
1608147985	790547091	0	0	0	0
1608147985	800558983	0	0	0	0
1608147985	810561258	0	0	0	0
1608147985	820517939	0	0	0	0
1608147985	830535769	0	0	0	0
1608147985	840482824	0	0	0	0
1608147985	850635456	0	0	0	0
1608147985	860612268	0	0	0	0
1608147985	870559995	0	0	0	0
1608147985	880453999	0	0	0	0
1608147985	890600044	0	0	0	0
1608147985	900593893	0	0	0	0
1608147985	910620624	0	0	0	0
1608147985	920440132	0	0	0	0
1608147985	930500209	0	0	0	0
1608147985	940825438	0	0	0	0
1608147985	950573001	0	0	0	0
1608147985	960445982	0	0	0	0
1608147985	970608516	0	0	0	0
1608147985	980473363	0	0	0	0
1608147985	990489333	0	0	0	0
1608147986	569046	0	0	0	0
1608147986	10511330	0	0	0	0
1608147986	20487900	0	0	0	0
1608147986	30447678	0	0	0	0
1608147986	40550352	0	0	0	0
1608147986	50527094	0	0	0	0
1608147986	60590752	0	0	0	0
1608147986	70502206	0	0	0	0
1608147986	80467557	0	0	0	0
1608147986	90486573	0	0	0	0
1608147986	100553206	0	0	0	0
1608147986	110535866	0	0	0	0
1608147986	120487655	0	0	0	0
1608147986	130482237	0	0	0	0
1608147986	140532991	0	0	0	0
1608147986	150585068	0	0	0	0
1608147986	160521780	0	0	0	0
1608147986	170576820	0	0	0	0
1608147986	180536814	0	0	0	0
1608147986	190528672	0	0	0	0
1608147986	200513011	0	0	0	0
1608147986	210514214	0	0	0	0
1608147986	220521267	0	0	0	0
1608147986	230564042	0	0	0	0
1608147986	240516863	0	0	0	0
1608147986	250570843	0	0	0	0
1608147986	260558223	0	0	0	0
1608147986	270497036	0	0	0	0
1608147986	280524367	0	0	0	0
1608147986	290550170	0	0	0	0
1608147986	300470449	0	0	0	0
1608147986	310513468	0	0	0	0
1608147986	320565216	0	0	0	0
1608147986	330533083	0	0	0	0
1608147986	340513911	0	0	0	0
1608147986	350524710	0	0	0	0
1608147986	360544234	0	0	0	0
1608147986	370552763	0	0	0	0
1608147986	380519694	0	0	0	0
1608147986	390525708	0	0	0	0
1608147986	400521768	0	0	0	0
1608147986	410548659	0	0	0	0
1608147986	420724882	0	0	0	0
1608147986	430461570	0	0	0	0
1608147986	440541673	0	0	0	0
1608147986	450567564	0	0	0	0
1608147986	460481629	0	0	0	0
1608147986	470462742	0	0	0	0
1608147986	480465973	0	0	0	0
1608147986	490549868	0	0	0	0
1608147986	500529506	0	0	0	0
1608147986	510564374	0	0	0	0
1608147986	520480803	0	0	0	0
1608147986	530499537	0	0	0	0
1608147986	540462409	0	0	0	0
1608147986	550592545	0	0	0	0
1608147986	560564971	0	0	0	0
1608147986	570563389	0	0	0	0
1608147986	580559960	0	0	0	0
1608147986	590524048	0	0	0	0
1608147986	600571628	0	0	0	0
1608147986	610536401	0	0	0	0
1608147986	620620437	0	0	0	0
1608147986	630542015	0	0	0	0
1608147986	640620208	0	0	0	0
1608147986	650611601	0	0	0	0
1608147986	660558825	0	0	0	0
1608147986	670551788	0	0	0	0
1608147986	680550630	0	0	0	0
1608147986	690547619	0	0	0	0
1608147986	700514036	0	0	0	0
1608147986	710522859	0	0	0	0
1608147986	720457642	0	0	0	0
1608147986	730567305	0	0	0	0
1608147986	740478959	0	0	0	0
1608147986	750581190	0	0	0	0
1608147986	760542319	0	0	0	0
1608147986	770523000	0	0	0	0
1608147986	780542280	0	0	0	0
1608147986	790476971	0	0	0	0
1608147986	800517516	0	0	0	0
1608147986	810503195	0	0	0	0
1608147986	820586351	0	0	0	0
1608147986	830489475	0	0	0	0
1608147986	840531804	0	0	0	0
1608147986	850509546	0	0	0	0
1608147986	860608551	0	0	0	0
1608147986	870545810	0	0	0	0
1608147986	880552734	0	0	0	0
1608147986	890506946	0	0	0	0
1608147986	900532299	0	0	0	0
1608147986	910555323	0	0	0	0
1608147986	920568235	0	0	0	0
1608147986	930530547	0	0	0	0
1608147986	940575218	0	0	0	0
1608147986	950515325	0	0	0	0
1608147986	960573158	0	0	0	0
1608147986	970538764	0	0	0	0
1608147986	980563048	0	0	0	0
1608147986	990547032	0	0	0	0
1608147987	475697	0	0	0	0
1608147987	10515758	0	0	0	0
1608147987	20536580	0	0	0	0
1608147987	30532372	0	0	0	0
1608147987	40604793	0	0	0	0
1608147987	50499096	0	0	0	0
1608147987	60498412	0	0	0	0
1608147987	70499559	0	0	0	0
1608147987	80543820	0	0	0	0
1608147987	90553552	0	0	0	0
1608147987	100511149	0	0	0	0
1608147987	110518986	0	0	0	0
1608147987	120575155	0	0	0	0
1608147987	130568876	0	0	0	0
1608147987	140545136	0	0	0	0
1608147987	150565641	0	0	0	0
1608147987	160576038	0	0	0	0
1608147987	170523805	0	0	0	0
1608147987	180578764	0	0	0	0
1608147987	190558099	0	0	0	0
1608147987	200511021	0	0	0	0
1608147987	210571059	0	0	0	0
1608147987	220897351	0	0	0	0
1608147987	230568676	0	0	0	0
1608147987	240525646	0	0	0	0
1608147987	250545188	0	0	0	0
1608147987	260540505	0	0	0	0
1608147987	270531321	0	0	0	0
1608147987	280554185	0	0	0	0
1608147987	290541645	0	0	0	0
1608147987	300535739	0	0	0	0
1608147987	310521211	0	0	0	0
1608147987	320532906	0	0	0	0
1608147987	330504293	0	0	0	0
1608147987	340461475	0	0	0	0
1608147987	350396242	0	0	0	0
1608147987	360423329	0	0	0	0
1608147987	370426899	0	0	0	0
1608147987	380394129	0	0	0	0
1608147987	390357565	0	0	0	0
1608147987	400467023	0	0	0	0
1608147987	410447026	0	0	0	0
1608147987	420423998	0	0	0	0
1608147987	430430348	0	0	0	0
1608147987	440436206	0	0	0	0
1608147987	450474522	0	0	0	0
1608147987	460532445	0	0	0	0
1608147987	470710459	0	0	0	0
1608147987	480562990	0	0	0	0
1608147987	490507817	0	0	0	0
1608147987	500487200	0	0	0	0
1608147987	510494733	0	0	0	0
1608147987	520636313	0	0	0	0
1608147987	530575694	0	0	0	0
1608147987	540645255	0	0	0	0
1608147987	550636971	0	0	0	0
1608147987	560560623	0	0	0	0
1608147987	570512826	0	0	0	0
1608147987	580533870	0	0	0	0
1608147987	590557956	0	0	0	0
1608147987	600487282	0	0	0	0
1608147987	610461501	0	0	0	0
1608147987	620356576	0	0	0	0
1608147987	630329587	0	0	0	0
1608147987	640406496	0	0	0	0
1608147987	650417413	0	0	0	0
1608147987	660366567	0	0	0	0
1608147987	670418815	0	0	0	0
1608147987	680569301	0	0	0	0
1608147987	690550024	0	0	0	0
1608147987	700558828	0	0	0	0
1608147987	710500099	0	0	0	0
1608147987	720647956	0	0	0	0
1608147987	730569272	0	0	0	0
1608147987	740573675	0	0	0	0
1608147987	750565548	0	0	0	0
1608147987	760571101	0	0	0	0
1608147987	770571909	0	0	0	0
1608147987	780569962	0	0	0	0
1608147987	790544739	0	0	0	0
1608147987	800576013	0	0	0	0
1608147987	810571495	0	0	0	0
1608147987	820627783	0	0	0	0
1608147987	830578344	0	0	0	0
1608147987	840589951	0	0	0	0
1608147987	850576203	0	0	0	0
1608147987	860575745	0	0	0	0
1608147987	870582475	0	0	0	0
1608147987	880565351	0	0	0	0
1608147987	890559742	0	0	0	0
1608147987	900681324	0	0	0	0
1608147987	910593684	0	0	0	0
1608147987	920597623	0	0	0	0
1608147987	930741361	0	0	0	0
1608147987	940588723	0	0	0	0
1608147987	950585412	0	0	0	0
1608147987	960582771	0	0	0	0
1608147987	970580588	0	0	0	0
1608147987	980506629	0	0	0	0
1608147987	990517961	0	0	0	0
1608147988	516188	0	0	0	0
1608147988	10618606	0	0	0	0
1608147988	20638394	0	0	0	0
1608147988	30601871	0	0	0	0
1608147988	40594038	0	0	0	0
1608147988	50366395	0	0	0	0
1608147988	60320706	0	0	0	0
1608147988	70468569	0	0	0	0
1608147988	80423720	0	0	0	0
1608147988	90362886	0	0	0	0
1608147988	100413195	0	0	0	0
1608147988	110419822	0	0	0	0
1608147988	120349783	0	0	0	0
1608147988	130368078	0	0	0	0
1608147988	140336438	0	0	0	0
1608147988	150309345	0	0	0	0
1608147988	160377691	0	0	0	0
1608147988	170309747	0	0	0	0
1608147988	180318017	0	0	0	0
1608147988	190395774	0	0	0	0
1608147988	200563544	0	0	0	0
1608147988	210519545	0	0	0	0
1608147988	220662807	0	0	0	0
1608147988	230561369	0	0	0	0
1608147988	240541022	0	0	0	0
1608147988	250544926	0	0	0	0
1608147988	260506462	0	0	0	0
1608147988	270550879	0	0	0	0
1608147988	280564374	0	0	0	0
1608147988	290520273	0	0	0	0
1608147988	300599540	0	0	0	0
1608147988	310568056	0	0	0	0
1608147988	320583322	0	0	0	0
